Saint-Pierre;LA REUNION;CA Civis (Communauté Intercommunale des Villes Solidaires);LA REUNION;3307.691169711;101.672005261;103.345927369;101.672005261;Non;974160302;97416;2;249740077;-21.3203955396, 55.487281444;"{""type"": ""Polygon"", ""coordinates"": [[[55.475067599360365, -21.321765706825165], [55.47515068442275, -21.321748394506223], [55.475238215963024, -21.321767254213455], [55.475283297036064, -21.321789342088795], [55.475339674814734, -21.32183772790978], [55.47606228186707, -21.32113067701469], [55.47714174179986, -21.32003301870321], [55.47720332890497, -21.319202545621543], [55.477282849825755, -21.319250237081707], [55.47770644386063, -21.31949254232658], [55.48042297562697, -21.321745543809367], [55.48056734906668, -21.321580642270852], [55.48117409460429, -21.32079483755115], [55.48181000517123, -21.319692950980112], [55.48221926554405, -21.3189028376024], [55.48363223754557, -21.315784307884314], [55.48474393409854, -21.313273677259374], [55.484770496476784, -21.31322152532007], [55.48491712694402, -21.31302321754917], [55.48507500857378, -21.312855723085015], [55.486763852958724, -21.311165499676534], [55.488010350214594, -21.309931963847266], [55.488160403146075, -21.309775235297884], [55.48845342827445, -21.309494232873746], [55.48956496538493, -21.310049810279413], [55.49143882221532, -21.311519583973944], [55.49277221382915, -21.312583430703693], [55.494728135885246, -21.314188949372856], [55.496016613753135, -21.315171525016336], [55.49710562395302, -21.315710471384868], [55.49802125900496, -21.315879562773663], [55.49825242411121, -21.315614250042575], [55.49852719238006, -21.31561128365082], [55.49849448341452, -21.3156995151494], [55.49728512595751, -21.31802284260271], [55.496284563044924, -21.32075993115539], [55.496348210585715, -21.320757790462004], [55.49643574500253, -21.320776639257524], [55.496551022099695, -21.320816511984425], [55.49667179776061, -21.320884436107203], [55.49673767494755, -21.32094735282635], [55.496798235833026, -21.321059000209715], [55.49683105404037, -21.321149623644686], [55.49684641096539, -21.321250930572976], [55.49684730700428, -21.321446954748815], [55.4968382250593, -21.321581465296134], [55.49677326924683, -21.321806709620734], [55.49672779638017, -21.321917408979182], [55.49622151632265, -21.322974259036606], [55.49499121799302, -21.325261244034333], [55.49486350733137, -21.32549495846841], [55.49474600709932, -21.325672759653287], [55.4945975120946, -21.325864735967457], [55.49444590714761, -21.325983517047277], [55.49320692516824, -21.32684951915882], [55.4930760135726, -21.326924222739713], [55.492980496810276, -21.326931496141015], [55.49288620229319, -21.326913488086912], [55.49279301937333, -21.3268810371717], [55.492627971853366, -21.326805486775637], [55.492449641062684, -21.32670904123588], [55.49199333602656, -21.326455638081654], [55.49119194645248, -21.326046731933495], [55.4902935924837, -21.325617477166183], [55.490137140319945, -21.325550131318252], [55.49002080526427, -21.32551927758666], [55.48991003226318, -21.325510152886086], [55.489731753895086, -21.325503131557983], [55.48932276401658, -21.32552565236347], [55.48911882155466, -21.325577114094784], [55.4890838321047, -21.325604801842957], [55.4888270071683, -21.325924970526746], [55.488731280351246, -21.326046958408394], [55.48866954207331, -21.326144862774385], [55.48859111095519, -21.32627242583894], [55.48854491628457, -21.326358727034712], [55.48848674685833, -21.326484665619727], [55.48837798814655, -21.326655314127983], [55.48814993098245, -21.32699019301381], [55.48803101192674, -21.32711739161157], [55.48794426483203, -21.327209650925138], [55.48757935779973, -21.327539684682797], [55.48742561418534, -21.32767831231925], [55.48705299298497, -21.32800827538329], [55.486764513853046, -21.328217953304932], [55.4866723704505, -21.328272224845207], [55.486284627675246, -21.328478298281613], [55.48584384611439, -21.328685699584025], [55.484838041933635, -21.326177216130713], [55.48284499761222, -21.327335331167863], [55.48238993014771, -21.32761937451385], [55.48219841024437, -21.32777481865867], [55.48113920892069, -21.328775134802328], [55.48010000156814, -21.329751686929658], [55.4792815872377, -21.329976882492655], [55.477600321165454, -21.3288935179775], [55.47798928776113, -21.32702767392633], [55.47805512656685, -21.327000267926326], [55.478140682540506, -21.326930585590766], [55.47822159554417, -21.32684369858866], [55.478817675583926, -21.32616078356204], [55.479027562562905, -21.325907050417545], [55.47907935077909, -21.32583977189834], [55.479094219787314, -21.325800161470948], [55.4790869548591, -21.325756737612203], [55.47904039084252, -21.325691279129988], [55.47875401781202, -21.325321950408235], [55.47869583069313, -21.325261806428003], [55.478655465406966, -21.325249698311453], [55.47685722626259, -21.32476370233888], [55.475300650053576, -21.3244957667015], [55.475129946308854, -21.32450234806606], [55.47500376173286, -21.32449217053361], [55.474895985621494, -21.324473126974908], [55.47476939716865, -21.32440874801378], [55.474739701313254, -21.324390412729738], [55.473224117008094, -21.323375807012305], [55.47321470178083, -21.323354042481153], [55.473209235763306, -21.323323280886292], [55.47321236116562, -21.323300726949405], [55.473218247603405, -21.323290844185845], [55.47322411535514, -21.323282767837973], [55.47324750227332, -21.323258591315806], [55.47475304711709, -21.32207268321959], [55.475067599360365, -21.321765706825165]]]}";9741603;97416;974;4;974160302;Basse Terre Centre et Hauts-Rn3;Saint-Pierre;LA REUNION;Basse Terre Centre et Hauts-Rn3;LA REUNION;;4;;;;;;Iris d'habitat;17110;193.377748815;96.688874407;;200.308044569;;100.154022285;193.377748815;96;96.688874407;98.455448014;;98.455448014;102.783491975;;102.783491975;98.455448014;98;98.455448014;922.176269215;290.493068388;1247.806728528;313.139828907;100.413767338;102.419920139;100.413767338;92.963981477;97.888124430;92.963981477;109.098901816;107.066504566;109.098901816;98.628427656;101.429130934;98.628427656;110.471505268;108.488392171;110.471505268;98.455448014;102.783491975;98.455448014;98.628427656;;98.628427656;101.429130934;;101.429130934;98.628427656;98;98.628427656;219.570407084;;109.785203542;215.554896737;;107.777448368;219.570407084;109;109.785203542;10313;;;291.833196828;;97.277732276;303.091536544;;101.030512181;291.833196828;97;97.277732276;318.198834740;;106.066278247;316.984027671;;105.661342557;318.198834740;106;106.066278247;Polygon;14037.777777778;1;2300.015942946;1164.299357126;60.170538919;661.502435144;388.139486642;0.315008180;0.250952188;0.506213603;0.199989177;0.117344536;14037.777777778;10313;610.032031568;;620.075564215;;610.032031568;101;0.313710150;0.307565344;0.313710150;0.269945611;0.256366326;0.269945611;0.463995141;0.472802960;0.463995141;0.202770319;0.197171340;0.202770319;0.106221542;0.108163218;0.106221542;14258;13657.619047619;14258
Saint-Leu;LA REUNION;CA Territoire de la Côte Ouest (Tco);LA REUNION;2103.771005538;100.037560073;102.708496560;100.037560073;Non;974130201;97413;2;249740101;-21.1338815332, 55.3148018289;"{""type"": ""Polygon"", ""coordinates"": [[[55.2986420055961, -21.12705492144223], [55.29878467467442, -21.127038289410077], [55.30088170861552, -21.126887269341985], [55.30326061980833, -21.125610880000433], [55.3044319137398, -21.124755134066945], [55.30546712690139, -21.124041881290534], [55.305939197867815, -21.123756205790034], [55.306065889563556, -21.123705083815537], [55.309267419055935, -21.122631480074467], [55.3118237852974, -21.12199488558421], [55.313194801158836, -21.121639109180617], [55.31335052913614, -21.121573818443537], [55.31343952378945, -21.12153586426905], [55.314109422997234, -21.12120561600254], [55.314268272622634, -21.121119580441793], [55.31454662773137, -21.120766013658102], [55.31483168537351, -21.120330316264972], [55.31489172753747, -21.120213489577765], [55.31497161586268, -21.120129377643416], [55.315120345096375, -21.120001690519466], [55.31531638182183, -21.119861828017903], [55.31547201530423, -21.119804663566846], [55.315867823070086, -21.1197056267912], [55.31640121364035, -21.119613375885443], [55.317168533471026, -21.119520737195288], [55.31758109503989, -21.119472445374285], [55.31943024082562, -21.11931195186071], [55.32034009309296, -21.119299296212276], [55.32346379216317, -21.11793966070738], [55.325153076445055, -21.117011101254555], [55.325213675661416, -21.1170153133036], [55.325410295444634, -21.11716539205429], [55.32552070283308, -21.11727758476197], [55.325523560034036, -21.117280322792755], [55.32572781997912, -21.117435896301284], [55.32590164394956, -21.117558651331287], [55.32603491000611, -21.117606937779705], [55.32620245283854, -21.11760317337197], [55.326654441555704, -21.117557958230222], [55.328039919618234, -21.11727988071558], [55.32847641429382, -21.11715682686941], [55.328703460833005, -21.117083192211673], [55.32883599633904, -21.1170248838979], [55.328967741192876, -21.116951212154785], [55.32909986020601, -21.11684412314714], [55.32959414371537, -21.11663221279205], [55.330155019130906, -21.116663032582416], [55.33021071482046, -21.116675323916116], [55.33009591333256, -21.129077838528605], [55.330040535977325, -21.134450815481404], [55.32985613965626, -21.135699114906146], [55.328747931554254, -21.13647763277644], [55.32711926558792, -21.13687614667214], [55.32702333417344, -21.136759581076344], [55.32661872029143, -21.136867587218134], [55.3255872226617, -21.13732889248563], [55.325288549089045, -21.137519236633846], [55.32529991003683, -21.142676074498006], [55.32530828706131, -21.143815170977202], [55.32533345126126, -21.14697232054303], [55.324734323558694, -21.147379181706665], [55.32420533262275, -21.147713570875855], [55.32379996518419, -21.14788569242838], [55.323662655777355, -21.147681098651333], [55.32305472547242, -21.146602905134312], [55.32244572683908, -21.146560739488486], [55.32176187861248, -21.146752677248312], [55.32070180198987, -21.147093982113873], [55.31895346677939, -21.148102276717918], [55.31855953807766, -21.1483693411463], [55.31688012638994, -21.149730116541672], [55.315611995130126, -21.150777924089763], [55.314308281740686, -21.151884078265578], [55.31381585903749, -21.152259443390708], [55.31332344411779, -21.15263390374493], [55.312705825961636, -21.152925820922533], [55.311209888464106, -21.153572983938002], [55.31103886434671, -21.153625472243696], [55.31051618417438, -21.153781033632114], [55.31022756544412, -21.152995931805847], [55.30926240479478, -21.15099280491588], [55.30836619797721, -21.14944831350626], [55.308121650742194, -21.149023145140408], [55.30718965501673, -21.147325640554964], [55.305250186535005, -21.14684647350937], [55.304512218084845, -21.146208610409488], [55.303940677473626, -21.14566815722247], [55.30349711333941, -21.144627678870172], [55.30299399604913, -21.142983680189307], [55.30236753515385, -21.14109637125533], [55.30171364078457, -21.139674412965658], [55.30069765138915, -21.13876818972744], [55.299099860357565, -21.137719725628706], [55.298028939985, -21.136905067835546], [55.29725145217204, -21.135519789324217], [55.29655495719069, -21.133846712820205], [55.295725090595866, -21.130671126175514], [55.29563376763012, -21.130322454647622], [55.29554940377409, -21.129871623939007], [55.29562752218391, -21.129437203662448], [55.29590350779608, -21.12904345267627], [55.29836012773906, -21.127375454805705], [55.2986420055961, -21.12705492144223]]]}";9741302;97413;974;4;974130201;La Chaloupe-Notre Dame des Champs;Saint-Leu;LA REUNION;La Chaloupe-Notre Dame des Champs;LA REUNION;;4;;;;;;Iris d'habitat;7585;171.017929775;85.508964887;;181.985178303;;90.992589151;171.017929775;85;85.508964887;101.423762098;;101.423762098;96.451677449;;96.451677449;101.423762098;101;101.423762098;567.270264998;145.467313620;760.866647845;183.365557765;81.742295367;81.684340028;81.742295367;89.275634408;100.300838275;89.275634408;117.915619259;118.844099067;117.915619259;96.441400398;99.953067159;96.441400398;113.426648908;119.016957380;113.426648908;101.423762098;96.451677449;101.423762098;96.441400398;;96.441400398;99.953067159;;99.953067159;96.441400398;96;96.441400398;231.342268167;;115.671134084;237.861056446;;118.930528223;231.342268167;115;115.671134084;9916;;;272.441691873;;90.813897291;278.436855752;;92.812285251;272.441691873;90;90.813897291;327.783668565;;109.261222855;337.814123606;;112.604707869;327.783668565;109;109.261222855;Polygon;14461;1;1493.916323222;817.355597111;12.467736444;411.401960656;253.469768577;0.256433877;0.240995657;0.547122743;0.195554535;0.120483535;14461;9916;600.225360438;;616.250979358;;600.225360438;100;0.313710150;0.313932729;0.313710150;0.269945611;0.240272824;0.269945611;0.463995141;0.460370138;0.463995141;0.202770319;0.195646357;0.202770319;0.106221542;0.101232243;0.106221542;14258;14993;14258
Saint-Joseph;LA REUNION;CA du Sud;LA REUNION;1814.741029801;92.027834447;90.823838229;92.027834447;Non;974120301;97412;2;249740085;-21.3201493766, 55.604964751;"{""type"": ""Polygon"", ""coordinates"": [[[55.60545722445025, -21.29742647438658], [55.60592980537247, -21.29780708037555], [55.60617128776395, -21.2980602076873], [55.606451351555975, -21.298413021019165], [55.6076677149963, -21.299446567948536], [55.60914478465381, -21.300434610855365], [55.610086298102246, -21.301668846613367], [55.61079745937937, -21.302944857321524], [55.61095701392963, -21.30606990920738], [55.61201417347752, -21.30928366898678], [55.612149327697814, -21.309673218359627], [55.612198263204434, -21.309800089056477], [55.61281768353571, -21.311385132126485], [55.61375769498751, -21.31373568269504], [55.6150260311599, -21.316955231769324], [55.615897017846585, -21.318757330621935], [55.61602435919086, -21.32049639629397], [55.616336196101635, -21.32168323547666], [55.616462078382, -21.3220356688361], [55.61653906173407, -21.32215373589418], [55.616606582973695, -21.322252755024202], [55.61674115264117, -21.322398395865683], [55.61725898040937, -21.32408376269549], [55.61701397088722, -21.325949844766324], [55.61736028387881, -21.32844951173456], [55.617331226206694, -21.33072748333911], [55.61688784086695, -21.33390357281881], [55.61634424313858, -21.336556707009056], [55.61657507569353, -21.339058696856085], [55.61668970493984, -21.341049120060394], [55.61685459032683, -21.34135670760325], [55.617157748634334, -21.341931013216737], [55.617077514221826, -21.341952936151507], [55.61684016073579, -21.34196995228677], [55.61648220642293, -21.34199500834462], [55.616208224447725, -21.342010818616306], [55.612885865633324, -21.34218576801019], [55.611444241432054, -21.341842336625007], [55.6093306451123, -21.340213763402634], [55.6075973512928, -21.33818859318884], [55.60639747619467, -21.335173715320014], [55.60458009115336, -21.333361419677427], [55.60250115460368, -21.331425961672796], [55.60019159536702, -21.32923965398883], [55.59840725708923, -21.32748903709729], [55.59776473431507, -21.32641820136467], [55.59493083149143, -21.325551733224152], [55.59192297947334, -21.32463136888894], [55.590129916929136, -21.324113188041295], [55.58899224095431, -21.324119903547732], [55.58850340305422, -21.324226006061004], [55.58814089686355, -21.32442892075917], [55.58783908733828, -21.324635957781428], [55.58787823510638, -21.324574860372703], [55.58788934899592, -21.324521657429397], [55.58786624273895, -21.324417580740015], [55.58782756557968, -21.324328729816266], [55.58777899783418, -21.32426599228778], [55.587670748538585, -21.32419372012355], [55.58728026179685, -21.322283516071618], [55.58737811952253, -21.321325908169303], [55.58802665155487, -21.31974240252913], [55.588321819864284, -21.318409296997416], [55.58834423550182, -21.316876099976295], [55.59009774310787, -21.31516635618946], [55.5902705000842, -21.31393385735419], [55.58983024871095, -21.31309458758182], [55.59101270744355, -21.312224654922165], [55.59285898224323, -21.311190441806797], [55.593911327683394, -21.310820746756992], [55.59612169823408, -21.309711852474027], [55.59661573545394, -21.308748507298272], [55.59709414244607, -21.307958469537958], [55.59745270238187, -21.30740410383193], [55.597543064894005, -21.307328977324495], [55.59768190495169, -21.30722444492421], [55.59774885087193, -21.307178933041765], [55.597925402480065, -21.30706206811385], [55.59799796873957, -21.307033766267505], [55.59811856673676, -21.307023027949267], [55.598331398451286, -21.307044674653646], [55.59845366715449, -21.307061049968805], [55.59855078041504, -21.3070871522908], [55.599666099172985, -21.30586662496099], [55.60069781875578, -21.304513363333083], [55.601029926078, -21.30301412060815], [55.60150314637066, -21.301514670052033], [55.602379907514106, -21.301171869808535], [55.60314621070612, -21.30043980067583], [55.60368166766489, -21.299828170909567], [55.605085086476876, -21.298148768006737], [55.605153364924, -21.2980635171526], [55.60540880424966, -21.29765461684449], [55.60545405171576, -21.297456258143825], [55.60545722445025, -21.29742647438658]]]}";9741203;97412;974;4;974120301;La Plaine des Gregues;Saint-Joseph;LA REUNION;La Plaine des Gregues;LA REUNION;;4;;;;;;Iris d'habitat;8510;132.999805960;66.499902980;;139.468519104;;69.734259552;132.999805960;66;66.499902980;88.437680211;;88.437680211;94.247698368;;94.247698368;88.437680211;88;88.437680211;538.955109482;92.625730925;676.806850813;142.901840320;54.783589452;61.853054755;54.783589452;78.216216509;77.615464349;78.216216509;118.587897457;109.985642668;118.587897457;88.550693414;91.571729307;88.550693414;123.590929641;109.669439926;123.590929641;88.437680211;94.247698368;88.437680211;88.550693414;;88.550693414;91.571729307;;91.571729307;88.550693414;88;88.550693414;242.178827097;;121.089413549;219.655082594;;109.827541297;242.178827097;121;121.089413549;10178;;;221.437486171;;73.812495390;233.716217471;;77.905405824;221.437486171;73;73.812495390;330.729520511;;110.243173504;311.226811901;;103.742270634;330.729520511;110;110.243173504;Polygon;12609.444444444;1;1298.402263069;714.435563891;0;325.844960449;238.239549369;0.171861681;0.211141244;0.550242082;0.179554523;0.131280191;12609.444444444;10178;552.167006682;;544.943029373;;552.167006682;92;0.313710150;0.277854799;0.313710150;0.269945611;0.272035020;0.269945611;0.463995141;0.500285372;0.463995141;0.202770319;0.196080739;0.202770319;0.106221542;0.119705354;0.106221542;14258;13379.047619048;14258
La Possession;LA REUNION;CA Territoire de la Côte Ouest (Tco);LA REUNION;20.501033791;113.668098139;114.522691414;113.668098139;Non;974080302;97408;2;249740101;-20.9753457927, 55.3528805164;"{""type"": ""Polygon"", ""coordinates"": [[[55.375727801326384, -20.991822699840416], [55.37537017877006, -20.99189426119427], [55.37370662014546, -20.992563075760053], [55.3728264122193, -20.992839203024896], [55.37284442348447, -20.9925972926471], [55.372847090856226, -20.99252866787257], [55.372872949362325, -20.99182886290297], [55.37287165222037, -20.991771039750407], [55.37286105975159, -20.991328324909155], [55.37280848831862, -20.991031542362933], [55.372714721080065, -20.990808436128404], [55.372628601670876, -20.990678442136588], [55.37120972039852, -20.98865324219295], [55.3698497978272, -20.987579763508545], [55.36805609905859, -20.98658026570059], [55.366578266265044, -20.985225148628956], [55.36623655196225, -20.98463111820257], [55.365887176102284, -20.98403430381779], [55.364506770643985, -20.982729347297486], [55.36323889639708, -20.982088477579502], [55.36158208102544, -20.981218938870967], [55.359733370383, -20.979824532478784], [55.3581104580508, -20.97766087501956], [55.35633838361609, -20.976389118064034], [55.3560597066433, -20.97619222203915], [55.355432859606616, -20.97582124342782], [55.3551162656832, -20.975661918077105], [55.35330585091151, -20.975172912669706], [55.35178215594791, -20.974761635521855], [55.35149544924937, -20.974683888767803], [55.35093640076655, -20.974271096001466], [55.34931778115198, -20.97357253691045], [55.34681683856554, -20.97317613508161], [55.34606704126246, -20.97314446963185], [55.34502885748757, -20.973100967128016], [55.34378884019184, -20.973133179041977], [55.34221089445238, -20.972849557813717], [55.33861317457029, -20.972059370373522], [55.33638864620768, -20.971110897604696], [55.33350440576421, -20.9710312267491], [55.331081751518326, -20.970868410476193], [55.33087226305092, -20.970853712631037], [55.3303100881921, -20.970815686824896], [55.33033598071337, -20.96900395935696], [55.33145912571964, -20.967800950113244], [55.33472009741205, -20.967636834403134], [55.33718612454257, -20.96748251531254], [55.33965919902566, -20.966863940773827], [55.34155756657165, -20.967037789821486], [55.34181691455848, -20.967065605396527], [55.34210122395617, -20.967097276551723], [55.34213073421739, -20.967124662180808], [55.34224550224483, -20.967269400932043], [55.342275043658866, -20.967468411008575], [55.3427745869394, -20.96829268288074], [55.34393295941258, -20.968868363410618], [55.34630157057715, -20.969484824310406], [55.3486709512971, -20.969595420030632], [55.34933538784335, -20.96960456731913], [55.350826579346055, -20.969685124106725], [55.35288828723922, -20.970064941532804], [55.35504487292085, -20.970937028041334], [55.35666242936506, -20.97173307778044], [55.35800044741048, -20.972501127294397], [55.359174194114864, -20.973341654909717], [55.360450351715016, -20.974449179706372], [55.36329567469421, -20.976478682376715], [55.3633050944804, -20.976496838700974], [55.36343032638141, -20.976831356289964], [55.36417842426302, -20.97825851556338], [55.364476287338164, -20.978638048158206], [55.36513975885976, -20.97927039805886], [55.365561986726135, -20.979623120465472], [55.36590860670482, -20.98003021742565], [55.36618685113393, -20.980445690863405], [55.366734591112156, -20.98128558560589], [55.36737746500708, -20.982487707625587], [55.368280156006456, -20.984032858233068], [55.36847306624593, -20.984159360686174], [55.369390769265735, -20.984611440327736], [55.37062661554684, -20.985216957658835], [55.37139510183066, -20.985660598933222], [55.37232793422314, -20.98629369285289], [55.37286073271527, -20.987097295896668], [55.37330722252925, -20.987788967954998], [55.373653630838035, -20.988308057394452], [55.37465185307127, -20.989744792638422], [55.37525767052984, -20.990558119190414], [55.37543990291495, -20.99078387490115], [55.37554595234106, -20.99102787280124], [55.375727801326384, -20.991822699840416]]]}";9740803;97408;974;4;974080302;Lit de la Riviere des Galets;La Possession;LA REUNION;Lit de la Riviere des Galets;LA REUNION;;4;;;;;;Iris divers;5110;159.382793290;79.691396645;;159.269790788;;79.634895394;159.382793290;79;79.691396645;127.712512274;;127.712512274;121.451677449;;121.451677449;127.712512274;127;127.712512274;5.125258448;2.562629224;5.125258448;0;159.382793290;159.269790788;159.382793290;0;0;0;153.942498919;155.154658111;153.942498919;123.292206463;127.781576605;123.292206463;117.678577887;123.478445530;117.678577887;127.712512274;121.451677449;127.712512274;123.292206463;;123.292206463;127.781576605;;127.781576605;123.292206463;123;123.292206463;271.621076806;;135.810538403;278.633103641;;139.316551820;271.621076806;135;135.810538403;;;;287.095305563;;95.698435188;280.721468238;;93.573822746;287.095305563;95;95.698435188;394.913283269;;131.637761090;406.414680246;;135.471560082;394.913283269;131;131.637761090;Polygon;18209.25;1;17.938404567;12.813146119;0;5.125258448;2.562629224;0.5;0;0.714285714;0.25;0.125;18209.25;18209.25;682.008588833;;687.136148484;;682.008588833;113;0.313710150;0.313932729;0.313710150;0.269945611;0.240272824;0.269945611;0.463995141;0.460370138;0.463995141;0.202770319;0.195646357;0.202770319;0.106221542;0.101232243;0.106221542;14258;14993;14258
La Possession;LA REUNION;CA Territoire de la Côte Ouest (Tco);LA REUNION;107.546897783;107.400365026;109.534110347;107.400365026;Non;974080303;97408;2;249740101;-21.0796740071, 55.4218441285;"{""type"": ""Polygon"", ""coordinates"": [[[55.43155195339549, -21.092119117633157], [55.431526958757935, -21.09211617658552], [55.42930604053158, -21.09178669452793], [55.429220087255736, -21.091722667397015], [55.42908920414351, -21.091629318440496], [55.42899636212307, -21.091579680230208], [55.428504948681386, -21.0913556255622], [55.42841272738614, -21.09133851165839], [55.42832211736786, -21.091351221587434], [55.427513486276794, -21.091819766418496], [55.42716898278942, -21.09208665913421], [55.426325336757, -21.093319968876187], [55.42604349284606, -21.09375997077303], [55.42426304281245, -21.095745602049455], [55.42212496462927, -21.09668276733592], [55.42092513445554, -21.09672986172785], [55.41880226831338, -21.095681675855566], [55.41796088064612, -21.09517136926698], [55.41705924009716, -21.09439808844312], [55.41566456444695, -21.092943402675303], [55.4142119180138, -21.09142132068877], [55.41265736976895, -21.090433928884813], [55.41158625428908, -21.089786174459146], [55.410795042752454, -21.08915639237021], [55.41009531087729, -21.088342288682924], [55.4095007549303, -21.087413546735487], [55.40725583418446, -21.085827073189762], [55.40707620666729, -21.085884100837607], [55.40691908919841, -21.085906111161144], [55.406603449488244, -21.085901340237516], [55.405508250804715, -21.085712197766924], [55.40531926092552, -21.085654417110355], [55.405019792910416, -21.08548720226142], [55.40492896537738, -21.085430344049374], [55.404784852604074, -21.08531607720751], [55.40458369219055, -21.08513623658148], [55.404436289840966, -21.084969547457884], [55.40389437006189, -21.084253557305498], [55.4038009361831, -21.083810064063176], [55.40467288028677, -21.08174023577827], [55.406032666415065, -21.08040033073092], [55.4072904979631, -21.079052229984942], [55.4081418980507, -21.077638882322226], [55.40927318801742, -21.077144547607524], [55.41027178656755, -21.07672186225438], [55.411463885866056, -21.07549170931967], [55.41215470296457, -21.074331564706892], [55.41309309841758, -21.072603298530375], [55.41510673977365, -21.070120877301125], [55.41653368019821, -21.068471918098847], [55.4168912970221, -21.068227050084676], [55.41716345888843, -21.068017312337716], [55.417245005972696, -21.067950325122215], [55.417327649052666, -21.06787070187651], [55.417391046777915, -21.06779089917487], [55.41750182698292, -21.066416205304805], [55.417500096453594, -21.06630688981285], [55.417474528423575, -21.065903779453897], [55.41734486187957, -21.065334394729906], [55.41703462204177, -21.064368584143274], [55.41697833079889, -21.064231660938397], [55.41689575646337, -21.064032164922175], [55.416815849198564, -21.063853469654074], [55.4167497352168, -21.063735424107943], [55.41658915671601, -21.06345029034331], [55.41650948575445, -21.06334024799655], [55.41650283615596, -21.063332056278497], [55.41640865532988, -21.063229104975104], [55.416294315549635, -21.06312144909955], [55.41608922370475, -21.06295061889235], [55.41594008148201, -21.06285799425628], [55.41587985304594, -21.06282039705525], [55.41640779607082, -21.062764800513385], [55.419377922276425, -21.06199937612852], [55.42059064278209, -21.06188920480406], [55.42185703516259, -21.0618919077461], [55.42297559966554, -21.06236117764601], [55.42452700917713, -21.062759031410867], [55.42637149241827, -21.062879111992245], [55.428085044830745, -21.06382900050904], [55.42938202588113, -21.065227575315237], [55.43042990436764, -21.06652266837771], [55.43174816950683, -21.06819015710269], [55.43284309056817, -21.069867318049535], [55.433578108631394, -21.07154386195036], [55.435044358485754, -21.07388385000079], [55.435642203580244, -21.076795313283426], [55.43478751250744, -21.078377231238466], [55.43467658099566, -21.078677008539827], [55.434603483063896, -21.078948228994875], [55.43513708307122, -21.080196098086418], [55.4351200214305, -21.081917639610996], [55.434603435119065, -21.084098871078304], [55.434146127670026, -21.085397667177535], [55.43388207289877, -21.086164393060116], [55.43382753511879, -21.086500821903776], [55.43369657860167, -21.087424595859382], [55.43351443408377, -21.088823937787083], [55.432933213038474, -21.0900046064958], [55.431778901174546, -21.09186377494077], [55.43155195339549, -21.092119117633157]]]}";9740803;97408;974;4;974080303;Mafate-La Nouvelle;La Possession;LA REUNION;Mafate-La Nouvelle;LA REUNION;;4;;;;;;Iris divers;5110;201.946632677;100.973316339;;215.008574023;;107.504287011;201.946632677;100;100.973316339;127.712512274;;127.712512274;121.451677449;;121.451677449;127.712512274;127;127.712512274;24.996254419;7.498876326;35.057759968;10.061505550;95.629675974;95.561874473;95.629675974;106.316956704;119.446699550;106.316956704;201.163593412;202.747576396;201.163593412;91.698588776;95.037558192;91.698588776;21.880863014;22.959276024;21.880863014;127.712512274;121.451677449;127.712512274;91.698588776;;91.698588776;95.037558192;;95.037558192;91.698588776;91;91.698588776;223.044456426;;111.522228213;225.706852421;;112.853426210;223.044456426;111;111.522228213;;;;329.659144951;;109.886381650;336.460251472;;112.153417157;329.659144951;109;109.886381650;314.743045202;;104.914348401;320.744410612;;106.914803537;314.743045202;104;104.914348401;Polygon;18209.25;1;75.051767039;70.052516155;2.499625442;19.997003535;2.499625442;0.3;0.286997959;0.933389298;0.185937521;0.023242190;18209.25;18209.25;644.402190154;;657.204662084;;644.402190154;107;0.313710150;0.313932729;0.313710150;0.269945611;0.240272824;0.269945611;0.463995141;0.460370138;0.463995141;0.202770319;0.195646357;0.202770319;0.106221542;0.101232243;0.106221542;14258;14993;14258
Saint-Denis;LA REUNION;CA Intercommunale du Nord de la Réunion (Cinor);LA REUNION;1571.154163013;119.803748204;112.496466854;119.803748204;Non;974110104;97411;2;249740119;-20.8799006725, 55.4510528211;"{""type"": ""Polygon"", ""coordinates"": [[[55.447572651758726, -20.882781662950684], [55.447575005557134, -20.88264618508877], [55.447569271367215, -20.882549476907624], [55.44753966748691, -20.88225020648431], [55.447376740721054, -20.88061460632252], [55.447307686409374, -20.879945516338687], [55.44728789836227, -20.879813450722423], [55.44719429322862, -20.879288670314462], [55.44711048966532, -20.87883895512394], [55.447264622723445, -20.878805124835797], [55.44804388770767, -20.87859404450548], [55.44980520272709, -20.878126286272753], [55.45106674753003, -20.877795354774747], [55.45240245575193, -20.877448824827393], [55.45369477212679, -20.87711544174472], [55.453944515537415, -20.87797586378715], [55.454105492713964, -20.878494024152094], [55.45424419078886, -20.878935199910735], [55.45453509997848, -20.879060682099137], [55.455231491448856, -20.87938675318938], [55.45548399630275, -20.879508273605502], [55.45583119616694, -20.879721885206788], [55.45604091160108, -20.880409407115813], [55.45548958385152, -20.880559801366253], [55.45478982313501, -20.88075040579105], [55.454411978303, -20.880854487445458], [55.45360810349066, -20.881074859043732], [55.4523367020139, -20.8814273987305], [55.4510632803988, -20.88178894361863], [55.44874285265369, -20.882458051749087], [55.4478955371829, -20.88269516465523], [55.447572651758726, -20.882781662950684]]]}";9741101;97411;974;4;974110104;Maréchal Leclerc-La Poste;Saint-Denis;LA REUNION;Marechal Leclerc-La Poste;LA REUNION;;4;;;;;;Iris d'habitat;24040;235.476650457;117.738325229;;204.453854600;;102.226927300;235.476650457;117;117.738325229;112.021905831;;112.021905831;101.053958010;;101.053958010;112.021905831;112;112.021905831;421.517503402;120.348854776;732.007957672;285.465887905;91.011815588;85.798306365;91.011815588;144.464834869;118.655548234;144.464834869;84.555373321;94.014916651;84.555373321;90.644961324;84.917127165;90.644961324;196.123598291;190.538944697;196.123598291;112.021905831;101.053958010;112.021905831;90.644961324;;90.644961324;84.917127165;;84.917127165;90.644961324;90;90.644961324;280.678971612;;140.339485806;284.553861348;;142.276930674;280.678971612;140;140.339485806;21410;;;347.498556288;;115.832852096;305.507812610;;101.835937537;347.498556288;115;115.832852096;371.323932936;;123.774644312;369.470988513;;123.156996171;371.323932936;123;123.774644312;Polygon;15972.083333333;1;1169.177014631;458.706519106;201.207264876;288.779827261;327.311492726;0.285513303;0.389976482;0.392332823;0.183801077;0.208325510;15972.083333333;21410;718.822489224;;674.978801123;;718.822489224;119;0.313710150;0.332772656;0.313710150;0.269945611;0.328662661;0.269945611;0.463995141;0.417309122;0.463995141;0.202770319;0.216447592;0.202770319;0.106221542;0.109334871;0.106221542;14258;15805.5;14258
Saint-Paul;LA REUNION;CA Territoire de la Côte Ouest (Tco);LA REUNION;2578.228515393;92.141703891;94.348686918;92.141703891;Non;974151103;97415;2;249740101;-21.0606270908, 55.2558010051;"{""type"": ""Polygon"", ""coordinates"": [[[55.280975697687715, -21.06525312249658], [55.28093126092797, -21.065268027875945], [55.28087248486698, -21.065274658755932], [55.280810988343404, -21.06526680999897], [55.28075535833612, -21.06525089134026], [55.28069169157198, -21.065180696022974], [55.2805909981739, -21.06506676949814], [55.28050063972445, -21.06497462569418], [55.280434830810776, -21.064923376933677], [55.280355582600784, -21.064869282263427], [55.28027040563635, -21.06482867631645], [55.28018511449972, -21.06479800496749], [55.2800651331046, -21.064771498420644], [55.27997479231137, -21.06476155065646], [55.279915137340325, -21.064760946277968], [55.27982833370113, -21.064778131891533], [55.279307459571015, -21.064885760353313], [55.27923402240237, -21.064912113660622], [55.27915928016228, -21.0649682610784], [55.27909469581935, -21.065061544824157], [55.27903025269073, -21.06522618700771], [55.278387633348125, -21.066881657787395], [55.2781115354408, -21.067626751157214], [55.278035975467716, -21.067837345932688], [55.27798614989862, -21.067985877254657], [55.2779518337713, -21.06812463010437], [55.27792907982024, -21.06834569625132], [55.277907400453515, -21.069810552453728], [55.27801291234134, -21.0730994625523], [55.27616831974839, -21.073498039864376], [55.27337111163504, -21.07238660802777], [55.272258034010086, -21.07194036593629], [55.27144679651923, -21.07152338536096], [55.268909449161605, -21.06999993845053], [55.268866474036464, -21.06997149943416], [55.268806367438536, -21.069926627194395], [55.26678127518685, -21.069709956383896], [55.265830793875665, -21.069934189944256], [55.26484723320121, -21.070438086767307], [55.263354442077144, -21.070665342185794], [55.26133400502753, -21.070379555440578], [55.26018943248783, -21.069791556327708], [55.25853689667701, -21.068820782650523], [55.25587732093202, -21.068222626318086], [55.25330000494264, -21.06857548878892], [55.2500501992859, -21.068831507252007], [55.248418863679895, -21.06876906816662], [55.246857169439814, -21.069620510142723], [55.246481897562504, -21.069843799108572], [55.245739960963625, -21.070479240706508], [55.245645779479744, -21.071452864508167], [55.245644319270774, -21.071495301747206], [55.24561488955338, -21.071625064273], [55.2455416434365, -21.07171643775021], [55.245518264425705, -21.071740583593094], [55.24545010474316, -21.07180852533488], [55.24534915584279, -21.071882450761134], [55.24522247106701, -21.071935335505213], [55.243234051529896, -21.072612970755376], [55.24240849168615, -21.072848749971552], [55.24187492961661, -21.072967419175193], [55.240641096362765, -21.073223798820383], [55.24033185457337, -21.073252206223483], [55.24022598452908, -21.073171623489625], [55.23914958412025, -21.071989861925246], [55.23824602460186, -21.070678015649587], [55.23809224101171, -21.07041718996479], [55.23805634811103, -21.070359913363326], [55.237480495283016, -21.069576698273625], [55.236608949333224, -21.068571826422684], [55.23559840519481, -21.067767379690533], [55.23510170921909, -21.06745421235832], [55.23500716834587, -21.067392712505054], [55.23484997701017, -21.067258302164397], [55.23477676398325, -21.067183475396615], [55.23408941975002, -21.066391413433657], [55.23403579200679, -21.066287886517777], [55.23414587219948, -21.064543976678877], [55.234436297496146, -21.06407008763999], [55.23453434573051, -21.06391575032998], [55.23523850328477, -21.063485903843084], [55.23667047773474, -21.062781352460117], [55.23879338531113, -21.061623304198513], [55.239913508593986, -21.060227671008334], [55.24003221493154, -21.05937985561266], [55.24045774346519, -21.058461153666013], [55.24071910297838, -21.058001402340935], [55.24081531187162, -21.057838912451043], [55.24250512328996, -21.056106830432984], [55.24404220449117, -21.05451315249093], [55.24406382616139, -21.054474536617462], [55.244085829272095, -21.054403407965353], [55.24409226936159, -21.05434657028785], [55.24408849729341, -21.05425801355555], [55.24400209161079, -21.053749498126482], [55.2439719427381, -21.05361279684992], [55.243912740596556, -21.05349205354682], [55.24383130461531, -21.053380112762888], [55.243747024887995, -21.053264529572807], [55.243697653544544, -21.053208018052445], [55.24360970350639, -21.053159236770174], [55.24348683886097, -21.053092932781034], [55.243373489162785, -21.053035759534346], [55.2432510103727, -21.052977588554572], [55.24315129302854, -21.05294765342488], [55.242975030567806, -21.052962991780547], [55.24275050492974, -21.052991379266444], [55.24258268906568, -21.05302486943059], [55.24131983837128, -21.051588741517396], [55.24242701147128, -21.04897199280923], [55.242648053361066, -21.04819478153766], [55.24282833653697, -21.047631442468358], [55.24314806662186, -21.0469916405073], [55.24377810765553, -21.04577606703894], [55.24398095965882, -21.04578990592273], [55.24391321829356, -21.045659138773107], [55.243969904260524, -21.04566604736986], [55.24417720625334, -21.045710642268745], [55.244297079549156, -21.0457443978026], [55.24451821030401, -21.045758424931776], [55.244750991437, -21.045763539704243], [55.24530126601678, -21.045770126994373], [55.24559508949515, -21.04573883805114], [55.24589127075277, -21.04567053994355], [55.24639380405973, -21.045481530093863], [55.24819737981186, -21.044780701486424], [55.248657509633425, -21.044597118453893], [55.24875143929404, -21.044545698420183], [55.249047013141784, -21.04436448269113], [55.249098708263986, -21.044304498001303], [55.24924883655657, -21.044219333470977], [55.24933834751307, -21.044216642787063], [55.24949122571304, -21.04422544385371], [55.249715960581646, -21.04426027587729], [55.25122339915224, -21.04469309721673], [55.252015139553144, -21.045279321804173], [55.25514327120095, -21.046833446734077], [55.256914172725246, -21.04786326238776], [55.25801519352203, -21.04899548608959], [55.2599128568254, -21.050629942589232], [55.26213723356236, -21.051559575895514], [55.263662100950754, -21.051744077594797], [55.263712777174604, -21.05177169308778], [55.263758789651966, -21.05178661540315], [55.26380160161698, -21.05182860247858], [55.26662978369457, -21.053009582547563], [55.26829221141161, -21.053656557180854], [55.269411071250005, -21.056336164933143], [55.27014219714529, -21.057873037629165], [55.27048609421079, -21.058399303101872], [55.27119343447049, -21.059057749838452], [55.27128581212378, -21.05914088615496], [55.27136592207947, -21.059203122762096], [55.271971511399094, -21.059632459763492], [55.27210472345656, -21.059720979095683], [55.27223271168783, -21.059803574044345], [55.27229577500248, -21.05984215225969], [55.272377025189805, -21.059889044752243], [55.27246981070786, -21.059936957814333], [55.272552210837205, -21.05996760339449], [55.27310970733765, -21.060187344579948], [55.273522359294724, -21.06036767480599], [55.27384661984028, -21.060536266533838], [55.274462697697054, -21.060891635238143], [55.274553921565285, -21.06094991876427], [55.274618868645426, -21.060992128326394], [55.27661973333994, -21.062384489101028], [55.27815217377559, -21.06376214261758], [55.27830189938011, -21.063963280003502], [55.27846541799616, -21.064136556274942], [55.27857501809721, -21.064228896162835], [55.27868027513162, -21.064280545543138], [55.27873003794173, -21.064304534649917], [55.27893610512722, -21.06437617421169], [55.27919998611565, -21.064441173485758], [55.2795121838699, -21.064488596918626], [55.27959312082855, -21.06447948129561], [55.27972832387106, -21.064437495091603], [55.27993226339247, -21.064443174378905], [55.280052254882115, -21.064468777852113], [55.2801979759501, -21.06451631997461], [55.2803271843882, -21.064577243535187], [55.280426482411094, -21.06464509009599], [55.28054278826539, -21.064740206480575], [55.280668134719974, -21.064885996584835], [55.28095385815427, -21.065227610241752], [55.280975697687715, -21.06525312249658]]]}";9741511;97415;974;4;974151103;Villele;Saint-Paul;LA REUNION;Villele;LA REUNION;;4;;;;;;Iris d'habitat;19950;149.778224504;74.889112252;;159.586337414;;79.793168707;149.778224504;74;74.889112252;109.736639080;;109.736639080;104.357033282;;104.357033282;109.736639080;109;109.736639080;710.125657108;155.844086140;898.768086256;193.662865556;69.956254975;69.906655946;69.956254975;79.821969529;89.679681467;79.821969529;109.580699208;110.443548991;109.580699208;85.909318732;89.037486696;85.909318732;97.845341821;102.667715122;97.845341821;109.736639080;104.357033282;109.736639080;85.909318732;;85.909318732;89.037486696;;89.037486696;85.909318732;85;85.909318732;207.426041030;;103.713020515;213.111264114;;106.555632057;207.426041030;103;103.713020515;12358;;;259.514863584;;86.504954528;263.943370696;;87.981123565;259.514863584;86;86.504954528;293.335359762;;97.778453254;302.148750809;;100.716250270;293.335359762;97;97.778453254;Polygon;15646.25;1;1832.054886788;931.506693790;27.567290832;449.123796318;267.962588128;0.219459872;0.215475904;0.508449119;0.174198599;0.103932831;15646.25;12358;552.850223346;;566.092121505;;552.850223346;92;0.313710150;0.313932729;0.313710150;0.269945611;0.240272824;0.269945611;0.463995141;0.460370138;0.463995141;0.202770319;0.195646357;0.202770319;0.106221542;0.101232243;0.106221542;14258;14993;14258
Les Avirons;LA REUNION;CA Civis (Communauté Intercommunale des Villes Solidaires);LA REUNION;6083.969855117;94.216521056;96.040601086;94.216521056;Non;974010101;97401;2;249740077;-21.2334423249, 55.3351534989;"{""type"": ""Polygon"", ""coordinates"": [[[55.340973925665715, -21.209029759267853], [55.34101615240653, -21.209043723087756], [55.34098673391288, -21.209693782000837], [55.34053361685794, -21.210245737793628], [55.34019903879286, -21.210662916814673], [55.33988940343937, -21.211175182664395], [55.339576302320225, -21.211781804419125], [55.33937036162834, -21.212754396648346], [55.33926333751142, -21.2139257754559], [55.339671833282885, -21.214953187339713], [55.34032071875489, -21.215847473137618], [55.340995704842115, -21.21475213056272], [55.34186356315237, -21.21561965843509], [55.34401793489778, -21.218038965833045], [55.34522541370554, -21.219768811660405], [55.345657394618634, -21.220509204682646], [55.34636250237441, -21.22155034955754], [55.34669202729391, -21.22193339965701], [55.347845094400235, -21.22288860082909], [55.35090456088352, -21.222507089480665], [55.35094538756637, -21.2225607809554], [55.35068613526056, -21.222917746114593], [55.350503163458455, -21.223215389433648], [55.34802443981372, -21.224906889025675], [55.34748978578013, -21.224992883420892], [55.34729950315874, -21.225037989468916], [55.34712563587314, -21.225079643042424], [55.34635547234771, -21.225292493095306], [55.34625085769171, -21.225343857003182], [55.34613328777311, -21.225433934097495], [55.346056526589216, -21.22549279696169], [55.34582815910458, -21.22567030736664], [55.3456497693061, -21.225858243303446], [55.345482958218064, -21.22604448603447], [55.34405343609692, -21.227977214920436], [55.34350170795397, -21.228857671343018], [55.34333687255385, -21.229125224343328], [55.34331611928366, -21.229171990076342], [55.34321726997406, -21.229396834375706], [55.34311007849963, -21.229678502035902], [55.34245699477752, -21.23139460281887], [55.34273554707174, -21.232589641913915], [55.34257065443801, -21.234068463829455], [55.34183002286151, -21.23534019958709], [55.34061122064978, -21.236122177838965], [55.33917988964635, -21.236782372241574], [55.33763559175839, -21.237248594933078], [55.336705691639196, -21.238253332974548], [55.33746112428897, -21.24090732409658], [55.33903730014747, -21.24288743991778], [55.339013045935445, -21.242988365810476], [55.33895477221209, -21.24320186372556], [55.338936702931946, -21.243266720240783], [55.33884748159445, -21.24357656173928], [55.338795402583436, -21.24375308705068], [55.33872037638192, -21.24399984029639], [55.338589131896136, -21.244362559705987], [55.33823531418138, -21.24515574550804], [55.3376862758006, -21.2463453417548], [55.33742953263137, -21.246643594595856], [55.33680008245817, -21.2473563782519], [55.33629725617342, -21.248032472008624], [55.3344796029001, -21.25047679843985], [55.33447202765288, -21.25046498128508], [55.334448348666925, -21.250428617146216], [55.334394621390544, -21.25040821470865], [55.334236187703766, -21.25035968001932], [55.33286006012887, -21.250209233595356], [55.33141644000305, -21.249977718472046], [55.33034914278952, -21.249526363511073], [55.32921971885916, -21.248860315427947], [55.32866293698151, -21.248507947416137], [55.32848774109087, -21.248237492742717], [55.32825533923349, -21.24799898778853], [55.32778383484274, -21.247518297553878], [55.327521463393964, -21.247288978598124], [55.32706947021903, -21.247043325819305], [55.32662703543901, -21.24688989852779], [55.32533704876459, -21.2467939912257], [55.324911958422376, -21.24689635213605], [55.32465857340297, -21.246980546682977], [55.324633423477486, -21.246989329290358], [55.324457695521865, -21.247661408785408], [55.32429526234419, -21.248435687527593], [55.32416109477378, -21.248968175544594], [55.32401075991531, -21.24939662873664], [55.323679803020035, -21.250290266642374], [55.322365179072264, -21.25262293092755], [55.322280537442545, -21.25286506287831], [55.32208865249967, -21.252792699390184], [55.321081426853674, -21.25230424763534], [55.32054373275063, -21.251467601486915], [55.32061441255152, -21.24922734213961], [55.320573056269275, -21.249050796368707], [55.32074035599437, -21.248911555847137], [55.321572611029026, -21.24841944284442], [55.32311016119941, -21.24732916363143], [55.32332692293223, -21.24550042879797], [55.32343719770643, -21.2437157968681], [55.323873302426996, -21.241105217864895], [55.32517310442988, -21.23819610932864], [55.32524595629169, -21.237546490664347], [55.32557008327277, -21.236997821208593], [55.32663409321077, -21.235896024183578], [55.3277490009387, -21.234978084592804], [55.328623958715546, -21.233936271696084], [55.328801574441215, -21.232537535248042], [55.32949265143291, -21.231183174935712], [55.33092496484678, -21.230350230922994], [55.33234422887365, -21.22943061815192], [55.332944198506304, -21.2281638592078], [55.333362152709846, -21.226976592718117], [55.333641187796104, -21.22606344619668], [55.33406537156866, -21.225139415175885], [55.33495407696241, -21.2240178828499], [55.33550639563168, -21.223387889833432], [55.33582931582479, -21.222339230725492], [55.33580701133436, -21.2214935612151], [55.33571126004187, -21.219724037480926], [55.33536505870372, -21.217953850164296], [55.335711820948134, -21.216409987866115], [55.33669560067038, -21.21575306592586], [55.33724354387085, -21.21489722032607], [55.33748265718274, -21.211824428520067], [55.33748402492516, -21.211788311603406], [55.3374856354174, -21.21173051884558], [55.33754188043885, -21.211610939168295], [55.3376127671727, -21.211560151374723], [55.33826780434325, -21.211128067287202], [55.33886919373835, -21.210927590471883], [55.339651656386685, -21.210427203220284], [55.34069903083218, -21.20975237655655], [55.34077301704384, -21.20968264929473], [55.34083747268996, -21.209603795731848], [55.34088677031092, -21.209502211665797], [55.34091027498678, -21.209381405652834], [55.340931792782065, -21.209265999675992], [55.340971868191524, -21.209041481445855], [55.340973925665715, -21.209029759267853]]]}";9740101;97401;974;4;974010101;La Ville-Bois de Nefles-Le Ruisseau;Les Avirons;LA REUNION;La Ville-Bois de Nefles-Le Ruisseau;LA REUNION;;4;;;;;;Iris d'habitat;1830;185.358249676;92.679124838;;192.113815336;;96.056907668;185.358249676;92;92.679124838;116.519380932;;116.519380932;121.641504829;;121.641504829;116.519380932;116;116.519380932;1739.199210425;506.506947965;2346.118785297;585.978113340;92.834094799;94.688814368;92.834094799;92.524154877;97.425000968;92.524154877;80.528593862;79.028431257;80.528593862;83.070243165;85.429148279;83.070243165;99.822658700;98.030706818;99.822658700;116.519380932;121.641504829;116.519380932;83.070243165;;83.070243165;85.429148279;;85.429148279;83.070243165;83;83.070243165;180.351252562;;90.175626281;177.059138075;;88.529569037;180.351252562;90;90.175626281;15334;;;301.877630608;;100.625876869;313.755320165;;104.585106722;301.877630608;100;100.625876869;263.421495727;;87.807165242;262.488286354;;87.496095451;263.421495727;87;87.807165242;Polygon;16613.333333333;1;4168.780703330;1557.659750122;138.954263187;1024.794814226;645.102593538;0.291229978;0.249764896;0.373648762;0.168441797;0.106033167;16613.333333333;15334;565.299126335;;576.243606519;;565.299126335;94;0.313710150;0.307565344;0.313710150;0.269945611;0.256366326;0.269945611;0.463995141;0.472802960;0.463995141;0.202770319;0.197171340;0.202770319;0.106221542;0.108163218;0.106221542;14258;13657.619047619;14258
Saint-Philippe;LA REUNION;CA du Sud;LA REUNION;2.106220463;50.238583517;48.573668287;50.238583517;Non;974170202;97417;2;249740085;-21.318394464, 55.7079724937;"{""type"": ""Polygon"", ""coordinates"": [[[55.69469505728794, -21.27537759390825], [55.6947471223331, -21.27537528729245], [55.695984586831365, -21.275708275640202], [55.69712453384731, -21.276390101982496], [55.69812720382919, -21.277120544897965], [55.69851112801437, -21.277411684656617], [55.69955116594675, -21.27838812299168], [55.70083697067901, -21.27969617888076], [55.70113508949608, -21.280320895381546], [55.70134389112898, -21.280635069217293], [55.7016722031438, -21.281114576293504], [55.7021323553455, -21.281617683030102], [55.70261316044387, -21.282129078002804], [55.70353434846426, -21.28309479902638], [55.70541943575328, -21.284709904518422], [55.706473748896315, -21.28513965234636], [55.70729305589574, -21.285494868891305], [55.70899099329923, -21.286311890668333], [55.71072180560518, -21.286953443368045], [55.71291151654074, -21.28736451610985], [55.71434095308338, -21.287363242319532], [55.7159160577225, -21.287514381246176], [55.7163502976039, -21.28762383813113], [55.716602197297256, -21.287697124454596], [55.71692997994034, -21.287800799817784], [55.71695396557729, -21.287813629738064], [55.71690143307694, -21.288202580209013], [55.71690841407548, -21.288619988569657], [55.71701712301567, -21.289580505446267], [55.71712597641554, -21.290984852154498], [55.717124850059236, -21.29160625250541], [55.717107880585615, -21.29229278801902], [55.71763190039469, -21.29444408145788], [55.718019961868066, -21.295379311033308], [55.71820460517285, -21.29654063888171], [55.7181425137475, -21.29780939460955], [55.71809186788372, -21.298202876193155], [55.71809633500463, -21.298354675614494], [55.71816470249691, -21.299252238216887], [55.718307689632056, -21.299993183520236], [55.71879855879403, -21.301969871368215], [55.71909873214135, -21.302815899800542], [55.7207633452269, -21.30528571767751], [55.72134525434298, -21.308332675836493], [55.72193145361702, -21.3106489467972], [55.72253426921808, -21.31296964962169], [55.72294972631816, -21.314758757335763], [55.7228226051828, -21.31619233555867], [55.722871163924275, -21.317265901709682], [55.722904161596446, -21.317909347985758], [55.723190500716875, -21.318597081361037], [55.72368540517383, -21.319654256337948], [55.723483509457445, -21.32176343512544], [55.7230348928798, -21.32469686568435], [55.722782096152066, -21.325794461027193], [55.72232717476055, -21.327097598133218], [55.721585070343934, -21.329012958416595], [55.721383257226904, -21.33043918883792], [55.72126904818336, -21.33193609574897], [55.721621996159406, -21.33504454180545], [55.72172926495299, -21.335684035102688], [55.72182616100957, -21.336074121366895], [55.722252093299126, -21.337716060129246], [55.722954449494004, -21.33983978445623], [55.72394780121384, -21.339704599856244], [55.72543449048093, -21.339497269651012], [55.730056382986945, -21.33889177924895], [55.73358752175385, -21.338421578232502], [55.73673345925884, -21.33800531870974], [55.73738237484406, -21.339244194167325], [55.734995049962556, -21.343281446069536], [55.737115687266176, -21.349330074615636], [55.73703839460759, -21.34934756077096], [55.73701941195899, -21.349312186798237], [55.734682983653435, -21.34930815310288], [55.734385023422, -21.349307715019428], [55.73134756957788, -21.349302868161224], [55.7283873345672, -21.349289517322273], [55.72637875597593, -21.34928694637409], [55.72516841562201, -21.34969695379667], [55.7242232180175, -21.350276481539396], [55.72265182953413, -21.350842238076993], [55.72140584017339, -21.350967809995723], [55.719203448711276, -21.351405871573917], [55.71688801133032, -21.351978995696804], [55.71660967509608, -21.35205004116045], [55.71312281260966, -21.352929428896157], [55.709721896012034, -21.353790432155513], [55.70770386989395, -21.354309702897808], [55.70530130644162, -21.354911803379988], [55.70106105638677, -21.35471193825171], [55.70105686501944, -21.354749846750888], [55.70104330364364, -21.354975580653043], [55.70100307766367, -21.355163167372364], [55.699985206732734, -21.355440750852026], [55.70002934696559, -21.355356177199113], [55.699782850474485, -21.354221461836346], [55.69922881789349, -21.352095190787495], [55.698532600054705, -21.34969229313531], [55.69805756758822, -21.34839636237387], [55.69749405675887, -21.346747435938028], [55.69746255109535, -21.346602654834367], [55.697458647875656, -21.3464987387335], [55.69746469777731, -21.346359668957522], [55.697496581242405, -21.346243383362285], [55.697543182812844, -21.346098304506775], [55.6975765396991, -21.346033521556784], [55.69759713871157, -21.34599393363316], [55.69763145175579, -21.34593006143767], [55.69765785181189, -21.34588871176814], [55.697711592128606, -21.34580872976851], [55.69775067015542, -21.345751217969028], [55.698004898937974, -21.34546140477465], [55.69807196996708, -21.345400496420687], [55.69850845674805, -21.344125630493977], [55.698570763461426, -21.342747140688378], [55.69842062640073, -21.341513348644913], [55.69864013544443, -21.33827290399512], [55.69926510702856, -21.336625320104883], [55.69942425955231, -21.334966366051418], [55.69913481943649, -21.333699496721085], [55.69828809971433, -21.332383906633353], [55.696523493537896, -21.32940360822443], [55.69634865802362, -21.328731058438755], [55.69565720886656, -21.326567575838403], [55.69562432899628, -21.326469758209303], [55.69556878281083, -21.32631846665994], [55.695517929272334, -21.326181665213714], [55.69547074042686, -21.326066572750836], [55.695074835350624, -21.32515472342565], [55.6944588267014, -21.324384797965262], [55.693443182020005, -21.322854752658692], [55.69324434852864, -21.321655356782948], [55.692945861758034, -21.31984271030027], [55.692599288423516, -21.3188885557396], [55.69143630690821, -21.31601338565955], [55.69103215756821, -21.31473199103913], [55.69072207899097, -21.313986340840184], [55.69043219748383, -21.313355122008797], [55.690401814988526, -21.313302490765516], [55.69037324030492, -21.31326342394251], [55.69031686270516, -21.313206976850935], [55.69019111941034, -21.313145472797217], [55.69003422476663, -21.313118053588713], [55.68987235008631, -21.31310866257509], [55.6896901359218, -21.31310995323345], [55.68954452853613, -21.31311423897814], [55.68951077359629, -21.31311578269588], [55.68833122928802, -21.31143854112133], [55.687706419604375, -21.309499130511202], [55.68770849896158, -21.308505454785138], [55.687438935895344, -21.305053232316], [55.68735001201263, -21.304585704279077], [55.68737894159179, -21.30415051204886], [55.68757094298285, -21.3025033835643], [55.687598636920214, -21.30231570132249], [55.68771680344119, -21.30170956700815], [55.688525621479066, -21.299856763332635], [55.689658111769404, -21.297481623952997], [55.689720599995255, -21.297391774666693], [55.689773329379676, -21.297315399749728], [55.6899940691266, -21.296989199102992], [55.690015562326494, -21.29695684550629], [55.69005487736268, -21.296871332489424], [55.69010697871726, -21.29675701151513], [55.69049376805653, -21.29553145408698], [55.69065989272288, -21.294732370873586], [55.690835093955, -21.293778883606247], [55.69077571589743, -21.293408948054214], [55.69057990105782, -21.292989621483834], [55.69045106339491, -21.292735227079124], [55.69028048559616, -21.292405077373363], [55.69023272610398, -21.29181187661131], [55.690373378360704, -21.290623473197], [55.69066674642419, -21.28922374200197], [55.690603156455886, -21.287424659269952], [55.6905360074715, -21.285749803512786], [55.69067469041239, -21.282738003137673], [55.69084714150638, -21.28218345744763], [55.691193933802964, -21.281278728033307], [55.691415200417765, -21.280726236122035], [55.69235351072839, -21.279313962722576], [55.69292839525865, -21.278545531255634], [55.69385540630445, -21.277801126723208], [55.69422800251809, -21.27740924699703], [55.6945880091685, -21.276040735035895], [55.69466609688621, -21.27560140314931], [55.69469505728794, -21.27537759390825]]]}";9741702;97417;974;4;974170202;Forêt des Hauts de Basse Vallée;Saint-Philippe;LA REUNION;Foret des Hauts de Basse Vallee;LA REUNION;;4;;;;;;Iris divers;1280;0;0;;0;;0;0;0;0;85.912002618;;85.912002618;91.556093394;;91.556093394;85.912002618;85;85.912002618;0;0;0;0;0;0;0;0;0;0;215.519498486;199.885916327;215.519498486;0;0;0;0;0;0;85.912002618;91.556093394;85.912002618;0;;0;0;;0;0;0;0;215.519498486;;107.759749243;199.885916327;;99.942958163;215.519498486;107;107.759749243;;;;85.912002618;;28.637334206;91.556093394;;30.518697798;85.912002618;28;28.637334206;215.519498486;;71.839832829;199.885916327;;66.628638776;215.519498486;71;71.839832829;Polygon;12249.333333333;1;2.106220463;2.106220463;0;0;0;0;0;1;0;0;12249.333333333;12249.333333333;301.431501104;;291.442009721;;301.431501104;50;0.313710150;0.277854799;0.313710150;0.269945611;0.272035020;0.269945611;0.463995141;0.500285372;0.463995141;0.202770319;0.196080739;0.202770319;0.106221542;0.119705354;0.106221542;14258;13379.047619048;14258
Saint-Pierre;LA REUNION;CA Civis (Communauté Intercommunale des Villes Solidaires);LA REUNION;3531.925016056;93.522669553;95.091500843;93.522669553;Non;974160604;97416;2;249740077;-21.2842944948, 55.4635349874;"{""type"": ""Polygon"", ""coordinates"": [[[55.466518043163795, -21.275468240303155], [55.467936967341466, -21.275995128696586], [55.46822820041428, -21.276070041335213], [55.46954172428885, -21.27644601092691], [55.470611527775475, -21.277185592683562], [55.47209293773425, -21.280250375875035], [55.47233771122937, -21.280345636177277], [55.47264096088038, -21.280471235332442], [55.47284617821413, -21.280570652628146], [55.473722717817445, -21.281177485682598], [55.47376760028288, -21.281217637564932], [55.473659598359916, -21.281316924615243], [55.47349038164469, -21.281464434702848], [55.47339721662718, -21.281526820888068], [55.47293533506967, -21.281736714191986], [55.47282782645154, -21.2817881303969], [55.47252464828001, -21.28193532771143], [55.47162655310833, -21.28238876286365], [55.47131612279724, -21.28258467003838], [55.471230404249276, -21.282672414832223], [55.471172819015884, -21.282742349095052], [55.471075134671075, -21.28286882688869], [55.47090881598148, -21.28310849664899], [55.470376418704404, -21.283892238239748], [55.46916921374055, -21.28470770888843], [55.46805913861631, -21.284857568562824], [55.46764493430332, -21.284557066880797], [55.46697525036545, -21.284450253238752], [55.46649477823158, -21.284778290171264], [55.46515700304707, -21.285990063676408], [55.46514532618566, -21.28600079675184], [55.46534369457306, -21.2862031363576], [55.46607647076787, -21.28691799705031], [55.46579170658502, -21.287146645509438], [55.46533192004555, -21.287430605548813], [55.46433859329987, -21.288046626640234], [55.46377846643056, -21.288525681418996], [55.46304002305433, -21.289190991113323], [55.46275518551127, -21.289889345542583], [55.46245310307111, -21.290299391403114], [55.461622368575895, -21.291403754332894], [55.46125200991714, -21.29189085674997], [55.46112727930229, -21.292021597100614], [55.46110783536883, -21.292037678590923], [55.46109325711683, -21.292049288103893], [55.46101941148924, -21.292106423629722], [55.46074669277719, -21.29228729816006], [55.45980369037493, -21.292878683349393], [55.45908965401327, -21.29332537435313], [55.459053722501, -21.293351240841854], [55.45899935405875, -21.29329654559091], [55.45894878413316, -21.293247304851135], [55.4588341802492, -21.2931459901726], [55.45775576492558, -21.292211142128316], [55.456452065925994, -21.29162289227873], [55.454592277336154, -21.289649300738343], [55.454018088749145, -21.289165284593043], [55.45402699825579, -21.289142784161093], [55.45454202619974, -21.287956073197474], [55.4548558356239, -21.287578216775575], [55.45536124662539, -21.286988037825846], [55.45546728986756, -21.286893261914244], [55.45551795878969, -21.28684043260115], [55.45555306700304, -21.28680100988324], [55.45557367255659, -21.28676597056865], [55.45557675230827, -21.286747933002953], [55.455580918383305, -21.286718162620623], [55.45557484222439, -21.286653973223775], [55.45549813040622, -21.285878245842806], [55.45549089251001, -21.285833014893786], [55.45615758467808, -21.285672020866294], [55.45625940398282, -21.28561243399254], [55.45664826661732, -21.285383853237388], [55.45790358044258, -21.284645623630105], [55.46074144304741, -21.282977014748454], [55.46249444135014, -21.280482778108443], [55.464106098907514, -21.27832235275666], [55.466063315817756, -21.276197575280506], [55.466518043163795, -21.275468240303155]]]}";9741606;97416;974;4;974160604;Les Assises-Trois Mares;Saint-Pierre;LA REUNION;Les Assises-Trois Mares;LA REUNION;;4;;;;;;Iris d'habitat;17110;169.667697431;84.833848715;;176.164604356;;88.082302178;169.667697431;84;84.833848715;98.455448014;;98.455448014;102.783491975;;102.783491975;98.455448014;98;98.455448014;941.856984536;223.026083368;1289.770634121;327.925157079;75.481778502;76.989818538;75.481778502;94.185918929;99.174785818;94.185918929;106.969329252;104.976603689;106.969329252;84.588488942;86.990506939;84.588488942;101.455053681;99.633798098;101.455053681;98.455448014;102.783491975;98.455448014;84.588488942;;84.588488942;86.990506939;;86.990506939;84.588488942;84;84.588488942;208.424382933;;104.212191466;204.610401786;;102.305200893;208.424382933;104;104.212191466;10906;;;268.123145445;;89.374381815;278.948096331;;92.982698777;268.123145445;89;89.374381815;293.012871875;;97.670957292;291.600908726;;97.200302909;293.012871875;97;97.670957292;Polygon;14037.777777778;1;2362.299372563;1172.485928888;45.100982442;605.797010076;380.625395605;0.236794001;0.254250755;0.496332490;0.171520349;0.107767122;14037.777777778;10906;561.136017319;;570.549005056;;561.136017319;93;0.313710150;0.307565344;0.313710150;0.269945611;0.256366326;0.269945611;0.463995141;0.472802960;0.463995141;0.202770319;0.197171340;0.202770319;0.106221542;0.108163218;0.106221542;14258;13657.619047619;14258
Sainte-Rose;LA REUNION;CA Intercommunale de la Réunion Est (Cirest);LA REUNION;776.145873111;95.759725793;101.157416952;95.759725793;Non;974190301;97419;2;249740093;-21.1960440879, 55.8211324105;"{""type"": ""Polygon"", ""coordinates"": [[[55.826648029159294, -21.18562999944154], [55.826463025338924, -21.185637749067478], [55.82636652804127, -21.18565966414334], [55.82627566009387, -21.18570058974068], [55.8261653499721, -21.185763965363762], [55.82601702589624, -21.18588399132664], [55.8258569577797, -21.186027424066825], [55.8257929019075, -21.18608841053318], [55.82574579102893, -21.186199201914935], [55.82561132859118, -21.186637321942033], [55.82519855221834, -21.18828587511918], [55.8249388807691, -21.190061967744175], [55.824803489209714, -21.192252823433922], [55.82500446587923, -21.19494768745951], [55.82494758837567, -21.197305964801522], [55.82507878684495, -21.19906792428502], [55.82520697325978, -21.200746118454045], [55.82478569264871, -21.202975946288944], [55.82474899980369, -21.203108491071394], [55.82471479816296, -21.20316968442443], [55.82408812972192, -21.204238607970005], [55.82268039126292, -21.20660199215865], [55.82118009762224, -21.207679221113715], [55.82003189851507, -21.20838714713815], [55.8194675394282, -21.20848483535315], [55.81861448486426, -21.2087842189257], [55.81793373477889, -21.20934317655061], [55.81746499517681, -21.20977262309145], [55.81669267964451, -21.21057756202602], [55.81647200498236, -21.210826257031243], [55.81608914423754, -21.211358385328857], [55.814246997018294, -21.213905690259992], [55.81421181785277, -21.213967777672263], [55.814184240921335, -21.213922414075824], [55.813885399331895, -21.212859725364424], [55.81397639560189, -21.212805257283044], [55.81403949761574, -21.21274517283308], [55.814522121759715, -21.212147802077208], [55.81563147447535, -21.21045900403181], [55.8165030976443, -21.209100982408213], [55.81773114553107, -21.207199797588952], [55.818393194600596, -21.20656843744029], [55.818599880726794, -21.20601374615663], [55.81872508557113, -21.20511402637873], [55.81845852135323, -21.204048407957533], [55.81738194437819, -21.202846324535038], [55.816561830506195, -21.20148844447254], [55.816327746340185, -21.19906930540352], [55.81626964633107, -21.198502466294684], [55.816000422747415, -21.19626285683503], [55.8160005667094, -21.196244789833468], [55.81601908449942, -21.196217817588302], [55.81768246673337, -21.194433504867167], [55.820126012006185, -21.191807232139688], [55.81984749671564, -21.19145928428434], [55.819807421417856, -21.191411124095286], [55.8197538323023, -21.191366483119506], [55.81935557052509, -21.19105654439156], [55.818971688321994, -21.190876795136305], [55.81872028264947, -21.18893633756814], [55.818881293845976, -21.186856927967177], [55.81888653620983, -21.184742099843184], [55.81902989188575, -21.182701411789544], [55.8195146260807, -21.182793331110943], [55.81975599440833, -21.182843800299118], [55.82330488195095, -21.1835271231178], [55.82398265032207, -21.18357068628372], [55.82469289232099, -21.183649253593007], [55.825844277940675, -21.183973898578685], [55.825879815702535, -21.183986793093165], [55.826167935092734, -21.18409449247844], [55.82617465595818, -21.184097249364214], [55.82643482929141, -21.184206561044157], [55.82646042163186, -21.184259136177268], [55.82649514671227, -21.184375013011632], [55.82659713636609, -21.1848775621318], [55.82661159696559, -21.185242186125052], [55.826608422220154, -21.185278300253497], [55.82660083860834, -21.185384849301283], [55.82660683231738, -21.18547974835106], [55.826648029159294, -21.18562999944154]]]}";9741903;97419;974;4;974190301;Bois Blanc;Sainte-Rose;LA REUNION;Bois Blanc;LA REUNION;;4;;;;;;Iris d'habitat;1455;140.305357328;70.152678664;;155.338027149;;77.669013574;140.305357328;70;70.152678664;80.601584465;;80.601584465;89.599532727;;89.599532727;80.601584465;80;80.601584465;203.179547935;25.397443492;299.689833204;81.271819174;39.845698322;37.971470051;39.845698322;100.459659006;117.366557098;100.459659006;126.443138341;118.172763280;126.443138341;91.662268680;89.597269857;91.662268680;135.546005943;154.236908701;135.546005943;80.601584465;89.599532727;80.601584465;91.662268680;;91.662268680;89.597269857;;89.597269857;91.662268680;91;91.662268680;261.989144284;;130.994572142;272.409671981;;136.204835990;261.989144284;130;130.994572142;;;;220.906941793;;73.635647264;244.937559876;;81.645853292;220.906941793;73;73.635647264;353.651412964;;117.883804321;362.006941838;;120.668980613;353.651412964;117;117.883804321;Polygon;11492.173913043;1;580.077609354;340.325742791;11.174875136;144.257479034;111.748751364;0.125;0.271186441;0.586690018;0.185863874;0.143979058;11492.173913043;11492.173913043;574.558354757;;606.944501714;;574.558354757;95;0.313710150;0.329194524;0.313710150;0.269945611;0.231059381;0.269945611;0.463995141;0.496468053;0.463995141;0.202770319;0.207443681;0.202770319;0.106221542;0.093349289;0.106221542;14258;12826.153846154;14258
La Possession;LA REUNION;CA Territoire de la Côte Ouest (Tco);LA REUNION;2847.171746343;90.135694848;92.207530258;90.135694848;Non;974080103;97408;2;249740101;-20.9420461803, 55.349868676;"{""type"": ""Polygon"", ""coordinates"": [[[55.330252106356276, -20.927594846870274], [55.330295496039845, -20.927583528629402], [55.33040428574122, -20.92757014026366], [55.33063942973366, -20.927606765056545], [55.33073251803995, -20.92762212803312], [55.3309170722433, -20.927625739420556], [55.3311047805666, -20.927604992750855], [55.331332263253216, -20.92755211645716], [55.33152734085446, -20.92747363110087], [55.331697453870504, -20.927392191647698], [55.331713015052806, -20.92737608460792], [55.33238129907875, -20.9281495045477], [55.33214592378386, -20.929349477481622], [55.33227597291169, -20.92984755522957], [55.33372364856553, -20.931348503597548], [55.335454693930856, -20.933136740472737], [55.33760531675185, -20.935678777841918], [55.33767456027804, -20.935764361381032], [55.338605894561276, -20.934488054803115], [55.33870018368217, -20.93456936535332], [55.33894420312492, -20.934761431197508], [55.33906261660173, -20.934834846816877], [55.33920395379106, -20.934922034785128], [55.339321575459046, -20.934980086648405], [55.339358909746984, -20.934994902588812], [55.339743718762705, -20.93497516168166], [55.34113871913703, -20.93463554354692], [55.34201452638393, -20.934207767282963], [55.34230255595408, -20.934070555910946], [55.342976178905815, -20.934104197138584], [55.343793789644806, -20.93415910564787], [55.3441851711061, -20.934217726372385], [55.34470768446281, -20.934376633047034], [55.344804197598314, -20.934430863305042], [55.34481372200798, -20.934439085293434], [55.34658094049039, -20.93575063210768], [55.34785029427847, -20.935733118893364], [55.34986872571429, -20.936322627026136], [55.35030072251224, -20.936647472547634], [55.35087781444493, -20.936629565651693], [55.352502356050906, -20.936576609223852], [55.354300674675095, -20.936370850459205], [55.3557041735281, -20.936308504844945], [55.3561946311867, -20.936299681162065], [55.356405664232724, -20.936345072154932], [55.356924718717174, -20.936535246312605], [55.35707873452415, -20.93660718622756], [55.358049302112086, -20.93753879141874], [55.35991392765614, -20.93795507800046], [55.361163149745536, -20.937757517496106], [55.364517735520685, -20.939006445206985], [55.3659501265073, -20.939296578722605], [55.36636337847821, -20.939314988991757], [55.3667578921439, -20.93928805407674], [55.36725730781089, -20.9392521859355], [55.36803648322338, -20.93890961351436], [55.368613819875435, -20.938648210787132], [55.369113641488354, -20.938485879362833], [55.371083806200026, -20.938838920760393], [55.37095774521089, -20.939115029499362], [55.370247289241966, -20.940704370561637], [55.36927197121812, -20.94295419556812], [55.3695174608987, -20.944169669567767], [55.3695751044186, -20.94435178316683], [55.369782619889754, -20.944634691807785], [55.370260059897674, -20.945075998150024], [55.37082398501924, -20.94552264585897], [55.37114187231283, -20.94694809601978], [55.370959054731564, -20.9481462065383], [55.37043867784409, -20.948605529659513], [55.36938425809426, -20.94954210578577], [55.369195325027086, -20.94985103300935], [55.36919512927401, -20.94986909705572], [55.369766934926076, -20.9504328010616], [55.37024609060786, -20.950761664222764], [55.37163940636753, -20.951652978518073], [55.37245054983534, -20.95213856620204], [55.3733163286942, -20.952640930840605], [55.37403291864269, -20.953067798476656], [55.37430372790829, -20.953368468665165], [55.37536233800987, -20.955160764236485], [55.37496260220382, -20.955667317888285], [55.37363486010247, -20.955376442608745], [55.373371213041736, -20.955302567119226], [55.37114587290855, -20.95451713396873], [55.370001309536626, -20.953918150632312], [55.36984980909938, -20.9537893376052], [55.36929128596643, -20.95324111640088], [55.368972559171375, -20.952926431048443], [55.36889570539584, -20.95283084988669], [55.3669441612571, -20.95110042723857], [55.364179667720094, -20.95003152966262], [55.36396325622795, -20.949948157200122], [55.36287330445149, -20.949550184342247], [55.36274668393476, -20.94952186997063], [55.3625842430671, -20.949515793931802], [55.36213231839386, -20.949514164138762], [55.36182232891134, -20.949547318464475], [55.36162277177618, -20.949594179283782], [55.361383636524295, -20.949655112276567], [55.359533408977654, -20.950109746536256], [55.35762354637517, -20.950344737424025], [55.355397477726, -20.95030115357806], [55.35239533185285, -20.950309210011635], [55.35027477499297, -20.95024625467638], [55.34727644504036, -20.949995014060043], [55.34722346472703, -20.950003533487553], [55.346863091192944, -20.949896162340796], [55.34447662408163, -20.948963401347243], [55.342918729956466, -20.947186861203285], [55.341879513518684, -20.94559510567941], [55.33982743583946, -20.943951035411647], [55.33969094229311, -20.94394699704216], [55.33923380887822, -20.943722145041736], [55.33925307247477, -20.943632003958395], [55.33924435494053, -20.943550623312312], [55.33922301926177, -20.943479959250915], [55.33918709277355, -20.943424508995804], [55.33913577348859, -20.943369812148262], [55.33906519578105, -20.943317637628553], [55.33898191028545, -20.943284308353547], [55.33887540107189, -20.943264302181525], [55.33871797609658, -20.943240186939924], [55.33861333997772, -20.943224715280635], [55.33825202276252, -20.943204936670604], [55.33786626117133, -20.943221953839522], [55.33763728197475, -20.943234175094606], [55.33391790199091, -20.943511327775763], [55.332223534569785, -20.943655102982166], [55.33106733473234, -20.944171763853866], [55.33026538227263, -20.94417475490109], [55.330244411157004, -20.94415829051769], [55.3296699307987, -20.943678442353292], [55.32960424383765, -20.943619085722357], [55.32954921278265, -20.943552607156764], [55.329488693859176, -20.943460782907525], [55.329444579348774, -20.94336369959812], [55.32941072983585, -20.943294718584145], [55.329388887721244, -20.943270116029062], [55.32930846897521, -20.943238616791355], [55.32913114706592, -20.94318810270135], [55.32897874206037, -20.943145058785692], [55.329002427735276, -20.943090190554553], [55.32903498673607, -20.94301553701556], [55.32956271606154, -20.941815725955543], [55.3301539989211, -20.940780029026893], [55.32994168884843, -20.940590067790094], [55.32978457973218, -20.940451230629325], [55.32970269042503, -20.940379069500196], [55.32951701019261, -20.940215563730707], [55.329463682653824, -20.94016897410056], [55.32931895239291, -20.940041097167967], [55.32731707862018, -20.938311567175955], [55.325887579831516, -20.93768421773925], [55.325134035122865, -20.93705536412024], [55.32571099288106, -20.9364440848774], [55.32666230995669, -20.935455289732953], [55.3271506271011, -20.93494610979163], [55.32830722877104, -20.933738012091858], [55.32942048293292, -20.93184208178897], [55.329676043772054, -20.92964779587882], [55.330226652242864, -20.92780957964052], [55.330252106356276, -20.927594846870274]]]}";9740801;97408;974;4;974080103;La Ravine à Marquet;La Possession;LA REUNION;La Ravine à Marquet;LA REUNION;;4;;;;;;Iris d'habitat;5110;163.305331304;81.652665652;;173.413056403;;86.706528201;163.305331304;81;81.652665652;127.712512274;;127.712512274;121.451677449;;121.451677449;127.712512274;127;127.712512274;816.268872527;207.402588000;1046.468416991;232.521168985;80.993910030;80.936485297;80.993910030;82.311421274;92.476571106;82.311421274;61.461694225;61.945649976;61.461694225;91.820947709;95.164372512;91.820947709;96.513683575;101.270425206;96.513683575;127.712512274;121.451677449;127.712512274;91.820947709;;91.820947709;95.164372512;;95.164372512;91.820947709;91;91.820947709;157.975377801;;78.987688900;163.216075182;;81.608037591;157.975377801;78;78.987688900;23173;;;291.017843578;;97.005947859;294.864733852;;98.288244617;291.017843578;97;97.005947859;249.796325510;;83.265441837;258.380447694;;86.126815898;249.796325510;83;83.265441837;Polygon;18209.25;1;1930.248922975;550.466987515;44.698311614;530.102460528;291.887272460;0.254086117;0.222196069;0.285179275;0.186185628;0.102518323;18209.25;23173;540.814169087;;553.245181546;;540.814169087;90;0.313710150;0.313932729;0.313710150;0.269945611;0.240272824;0.269945611;0.463995141;0.460370138;0.463995141;0.202770319;0.195646357;0.202770319;0.106221542;0.101232243;0.106221542;14258;14993;14258
Saint-Paul;LA REUNION;CA Territoire de la Côte Ouest (Tco);LA REUNION;2459.783654375;97.675990581;100.116469576;97.675990581;Non;974151001;97415;2;249740101;-21.0397140793, 55.2736749583;"{""type"": ""Polygon"", ""coordinates"": [[[55.264463394472784, -21.039809490750834], [55.265701709941695, -21.039056175551565], [55.26586502057871, -21.038869965759478], [55.26604129669139, -21.03856104585367], [55.266197043952275, -21.037656673410034], [55.26720345279426, -21.036072697336202], [55.268584231922375, -21.034768019754726], [55.27086271218106, -21.034538302976763], [55.2727571557083, -21.035073322635174], [55.274791498028236, -21.034405703004225], [55.277592927700304, -21.033501050062966], [55.27774835589069, -21.03345475234593], [55.277881253735586, -21.033443453219384], [55.27799557302947, -21.03345816021253], [55.27903241068892, -21.03365111857375], [55.27918668730163, -21.033705069361577], [55.279338625196814, -21.033795126612166], [55.27949216573002, -21.033913200919546], [55.279616525640925, -21.03405898072339], [55.279710494039165, -21.034254131995134], [55.27997254683112, -21.034976679713836], [55.280005911017156, -21.035171217567463], [55.280003069942104, -21.03541868119752], [55.27998007653064, -21.035745427486187], [55.280027128788056, -21.035837132573377], [55.28006900017234, -21.03587729958452], [55.280120574444425, -21.03591033871495], [55.280178076214234, -21.03592988895617], [55.28021644184039, -21.035940212984165], [55.280260745307565, -21.035936144973498], [55.28030991056973, -21.035927609857474], [55.28037903278864, -21.036192060230874], [55.279369892261855, -21.035512534100945], [55.27928961697338, -21.03538165248955], [55.279089770610135, -21.035106845726887], [55.27902042748323, -21.035029366829427], [55.27880425771928, -21.035673006306183], [55.27858096118962, -21.036392446698866], [55.27852772450353, -21.036964571933243], [55.27853535499453, -21.037054071581636], [55.27854985118731, -21.037215901263064], [55.27863966925601, -21.038023418724453], [55.278689999297896, -21.038415941637243], [55.27871702572077, -21.038492088880318], [55.278756693189294, -21.03855662181979], [55.2787699952515, -21.03857120864031], [55.27881846612843, -21.038623185141986], [55.27888433621669, -21.03866811179026], [55.27924422548909, -21.038830729215018], [55.27929108385105, -21.038855591579825], [55.27936653279843, -21.038904228064887], [55.27971306385556, -21.039224779175765], [55.2799434336713, -21.039439376234082], [55.280046242268746, -21.03953525869517], [55.280251704312015, -21.039740570728455], [55.28062297993997, -21.04016885812257], [55.28068853183032, -21.04036733454092], [55.28057561746855, -21.041947794237252], [55.28036789282575, -21.042609585616106], [55.28034196728863, -21.042688809796946], [55.280234790066444, -21.042973154063393], [55.27980321105934, -21.043669031512163], [55.27933031241411, -21.044380452406116], [55.27884190550947, -21.04503924860572], [55.27855590984348, -21.04541526685545], [55.27816400313302, -21.04592298973339], [55.27805759157073, -21.04605649630163], [55.278012558001066, -21.04612378401173], [55.277926831129555, -21.046131947669846], [55.2772699598428, -21.046608529782784], [55.27516090528107, -21.04635589804139], [55.2728022244089, -21.04505654214161], [55.27069078576091, -21.043430210737938], [55.2697439966929, -21.042017595291867], [55.269115091355204, -21.041406011252892], [55.268415368716276, -21.040845188925623], [55.26821294697504, -21.04079435055465], [55.26813320644013, -21.040950703770374], [55.26802196046911, -21.041169060220206], [55.267887658053354, -21.041467570982782], [55.26781933569288, -21.04163487940903], [55.267770525231406, -21.041778902151258], [55.2676931483069, -21.04206354094205], [55.26762195411463, -21.042645412537478], [55.26759374519082, -21.043004619128546], [55.26749966391306, -21.04290339896231], [55.2668749579737, -21.042262042516576], [55.26677198946315, -21.042180602883686], [55.26591707380062, -21.041728384254604], [55.26557644536996, -21.041565032403383], [55.26539197834716, -21.041459275614272], [55.265271872722636, -21.041362304943686], [55.26514354848051, -21.0412273137485], [55.264463394472784, -21.039809490750834]]]}";9741510;97415;974;4;974151001;Fleurimont Hauts-Grande Terre;Saint-Paul;LA REUNION;Fleurimont Hauts-Grande Terre;LA REUNION;;4;;;;;;Iris d'habitat;19950;163.816913666;81.908456833;;174.071020916;;87.035510458;163.816913666;81;81.908456833;109.736639080;;109.736639080;104.357033282;;104.357033282;109.736639080;109;109.736639080;634.276000984;159.827789648;854.317367227;192.550660081;80.324021467;80.267071685;80.324021467;83.492892199;93.803949231;83.492892199;109.123915945;109.983168970;109.123915945;86.576953960;89.729432152;86.576953960;116.801520836;122.558162134;116.801520836;109.736639080;104.357033282;109.736639080;86.576953960;;86.576953960;89.729432152;;89.729432152;86.576953960;86;86.576953960;225.925436781;;112.962718391;232.541331104;;116.270665552;225.925436781;112;112.962718391;12924;;;273.553552745;;91.184517582;278.428054198;;92.809351399;273.553552745;91;91.184517582;312.502390741;;104.167463580;322.270763256;;107.423587752;312.502390741;104;104.167463580;Polygon;15646.25;1;1805.644137836;914.251195408;34.961634516;431.820839098;305.181364481;0.251984608;0.225385398;0.506329667;0.175552365;0.124068376;15646.25;12924;586.055943487;;600.698817454;;586.055943487;97;0.313710150;0.313932729;0.313710150;0.269945611;0.240272824;0.269945611;0.463995141;0.460370138;0.463995141;0.202770319;0.195646357;0.202770319;0.106221542;0.101232243;0.106221542;14258;14993;14258
La Plaine-des-Palmistes;LA REUNION;CA Intercommunale de la Réunion Est (Cirest);LA REUNION;6365;91.552962403;95.872270247;91.552962403;Non;974060000;97406;2;249740093;-21.1519698034, 55.6441885308;"{""type"": ""Polygon"", ""coordinates"": [[[55.60571371338121, -21.180623028248036], [55.605682761957816, -21.180534244985193], [55.605160586874575, -21.180036709933916], [55.60455129532492, -21.17968840980839], [55.6041726147878, -21.17970606044102], [55.60395763873958, -21.179726868906258], [55.603738801896505, -21.179748548552695], [55.60363244037102, -21.179792837325007], [55.60224006022751, -21.17914356815209], [55.60155997713193, -21.17864291030312], [55.60112894237842, -21.178287942779882], [55.60081243672334, -21.177942052265784], [55.60053591914946, -21.17754319485316], [55.600383842914354, -21.177225765029096], [55.60029937012633, -21.176991099225987], [55.60026167033719, -21.17680108456295], [55.60023555629877, -21.176403396357856], [55.598232880438836, -21.174805498484254], [55.5957686031224, -21.174771951746926], [55.59265975125614, -21.1740532392254], [55.59220865917442, -21.17388778557166], [55.59189996741816, -21.17373706683618], [55.59166707290744, -21.173616789227715], [55.59138818466638, -21.173471737895536], [55.59129545584918, -21.173398697922426], [55.59127926411744, -21.173379592818236], [55.5912240504512, -21.17331138207016], [55.591104617574224, -21.173108941437714], [55.59105298610549, -21.172967589690707], [55.59103641318336, -21.17288705405369], [55.59097524086062, -21.171821050997288], [55.59104755848073, -21.170439086560815], [55.59068954284971, -21.168735107657728], [55.59010370601031, -21.168461028385988], [55.58911698465703, -21.167705734800254], [55.58871464409127, -21.167378077741688], [55.588600114428175, -21.167268720842802], [55.58830447503691, -21.166860652427435], [55.58809342477575, -21.16646954989049], [55.588012986037555, -21.166319826787745], [55.58789564291211, -21.166101141477508], [55.58712417090621, -21.164282593025064], [55.588318020174974, -21.163300690020225], [55.588423145022425, -21.163284403790186], [55.58854963474019, -21.163249325555583], [55.588859847953245, -21.163135382433268], [55.58904126938503, -21.16289299304024], [55.58920042700223, -21.162560986711355], [55.58949979778297, -21.161660139416615], [55.58953822541164, -21.16095856160697], [55.58957193369681, -21.158518910300995], [55.58904101846739, -21.156416918306643], [55.58869930175292, -21.1560969945472], [55.588007088166556, -21.155266466265598], [55.58758207721816, -21.154692909031276], [55.58662734449006, -21.15331727450489], [55.58655850668992, -21.152195318152476], [55.586570413711215, -21.151300309450956], [55.585872131347735, -21.150322861993466], [55.58470559935833, -21.149228939877], [55.58266415041761, -21.148522605252314], [55.580683103044386, -21.14572370811628], [55.580445688970386, -21.145476911301557], [55.58024644473017, -21.145266568051493], [55.58013271243739, -21.14507591209411], [55.58003929460717, -21.144875489710937], [55.58000303559138, -21.14473968412464], [55.58000348328875, -21.144692714054397], [55.58000606470659, -21.144522907259702], [55.58017798517621, -21.14355867577624], [55.58024012480044, -21.14330264754032], [55.580303811117155, -21.143086379329883], [55.58037191542783, -21.14291170191318], [55.58123860073943, -21.141791143499283], [55.58156880935003, -21.14068505622374], [55.58174225243233, -21.139963834280927], [55.58178343801059, -21.1397844138688], [55.58177675002217, -21.139576588765784], [55.58176832555172, -21.139450050059235], [55.58175150240814, -21.13929543733859], [55.581591712871955, -21.13898696185243], [55.58147895447111, -21.13879541162999], [55.580488020131305, -21.13729387953229], [55.5795648500616, -21.136867437906563], [55.57810385802879, -21.137003775493525], [55.576691302200295, -21.136806722394116], [55.57472617884445, -21.136195793452302], [55.57290691319462, -21.134129884884633], [55.572723859547885, -21.133840176118106], [55.57270379458388, -21.133723475915478], [55.57269380968055, -21.133660157834516], [55.572706763868, -21.133513925647396], [55.57276116558213, -21.13326235178267], [55.57339653716874, -21.13131061472307], [55.574141732279884, -21.130357088843997], [55.57499733199182, -21.129687686027058], [55.57543993286838, -21.129415889666845], [55.57556473780531, -21.12935280197605], [55.57560333330393, -21.12934409313146], [55.57657311626434, -21.129218551247103], [55.57929993817577, -21.12743430552036], [55.57949925477538, -21.12707870443481], [55.579622226301765, -21.126904486813512], [55.579680565701885, -21.126844451915908], [55.5797680273971, -21.126759367524283], [55.57986324232344, -21.126668928016226], [55.57994962927355, -21.12659557798855], [55.581987731941915, -21.125596388297364], [55.58210273226765, -21.125551280304354], [55.582553028573024, -21.125378896418283], [55.58278002880831, -21.12530039793804], [55.583265368861376, -21.12518882941608], [55.58488218260364, -21.124852748522883], [55.58524756195578, -21.1248015995763], [55.5867798723555, -21.12464456040301], [55.58748339147357, -21.12477508979927], [55.58838954378572, -21.12506177734271], [55.59094819388032, -21.12602436759838], [55.59227762538448, -21.127267587676194], [55.59261430257585, -21.127809684220693], [55.593313198409994, -21.12863663342448], [55.59531263244348, -21.13010129500374], [55.59575595789901, -21.130362425624114], [55.59595730072972, -21.13045262304968], [55.5961012107566, -21.13050711358117], [55.59627684050333, -21.130567286987898], [55.59645828089861, -21.130623894976033], [55.596631252274626, -21.13065965557375], [55.596765883874426, -21.130677031366602], [55.59691038951475, -21.130668291730657], [55.598977552362804, -21.12990174841737], [55.60023633708636, -21.128784323620728], [55.6003042622231, -21.128522913369274], [55.60042817358119, -21.128143626789555], [55.60061087380741, -21.12765552036859], [55.60067795847032, -21.127483534635918], [55.60076509072233, -21.127329781482594], [55.60096605674198, -21.127049596064545], [55.601149184544255, -21.126823464096727], [55.60130257436751, -21.126688324777717], [55.60143708763539, -21.126615360660168], [55.60301893185662, -21.12586290105253], [55.60450696302732, -21.12543289760069], [55.604643052628155, -21.12539698120889], [55.60483595934472, -21.125359725950595], [55.605105722758225, -21.125340267034172], [55.60573341400678, -21.125345434473548], [55.60621546502179, -21.125378308631234], [55.60632209026954, -21.12540447975047], [55.60781364255021, -21.125925783662595], [55.610150311128514, -21.12678192831461], [55.61115214966381, -21.126363762511303], [55.61180348234572, -21.125795020127548], [55.612812199401965, -21.12489496082017], [55.61356667759137, -21.12368973890784], [55.615001992562135, -21.121948067013086], [55.61811475286058, -21.11996080714979], [55.61867230612064, -21.119740417780395], [55.61940828360888, -21.119493106213174], [55.62020882111243, -21.11932926278521], [55.62342913477158, -21.118297623919553], [55.6264512472162, -21.117953803778953], [55.62968804651377, -21.117557012021997], [55.63046640694059, -21.117454449742485], [55.63087898075443, -21.11713573582414], [55.630984998039224, -21.117018252183748], [55.632203444206795, -21.114960299079534], [55.6331865529014, -21.112840815594925], [55.6344058032644, -21.11010894129769], [55.63532589128624, -21.10850475347146], [55.63649833448734, -21.106462200045645], [55.639052649636746, -21.104789370389547], [55.63988226913136, -21.104811385316847], [55.641153217824765, -21.104469264824502], [55.64282177664087, -21.10371865718397], [55.64473117316858, -21.102803191021437], [55.646301644266416, -21.102549244192016], [55.648647177221626, -21.10287385615409], [55.651258949336224, -21.103763128410364], [55.65254681700744, -21.104422889924297], [55.655837121239905, -21.105717337621357], [55.65585524003849, -21.10573645201227], [55.65587144988677, -21.105753744529785], [55.65597728309829, -21.10586750463131], [55.65727199724887, -21.10726895165879], [55.65815279493509, -21.108239820294017], [55.659703643836785, -21.109961263511842], [55.66038894673632, -21.110728221033167], [55.66111047262355, -21.11153611378756], [55.661646135459804, -21.11213656802134], [55.66224091244097, -21.112801626537305], [55.66227427349781, -21.112838927996368], [55.66230477898289, -21.11287259343407], [55.66300440264252, -21.113655915018352], [55.66311115281832, -21.113776001883476], [55.664427496096934, -21.11524983932885], [55.665658617673216, -21.116620915663848], [55.66724129786021, -21.118381623853992], [55.66926311459804, -21.120620024904895], [55.66995862720522, -21.121386575728174], [55.670501034971835, -21.121994284413383], [55.67205858525724, -21.1237509298912], [55.674265936888865, -21.126173874462076], [55.67457957447096, -21.126525933424265], [55.67519632791131, -21.12722274050258], [55.675888359124315, -21.12800866441039], [55.67633918298634, -21.128526206363382], [55.677608510787046, -21.129940158539227], [55.67950298105085, -21.132040175785477], [55.68056637892347, -21.133218330799437], [55.68206898554699, -21.134899915101414], [55.68238220210512, -21.135249247511762], [55.684407624355366, -21.137484582302235], [55.68665611108898, -21.139982700296944], [55.687533430434975, -21.14095430619115], [55.6898693259225, -21.1435985059736], [55.690589265629455, -21.144403561996153], [55.6914827750471, -21.145401472298524], [55.691824162753115, -21.145782624634982], [55.69189091416541, -21.14585721716001], [55.691891869117235, -21.145858127913748], [55.69276632033061, -21.14683510715443], [55.69508696216462, -21.149427631170163], [55.69712634737061, -21.15170629676464], [55.69771476022857, -21.152363965794542], [55.69985483762564, -21.1547553947027], [55.70175083609966, -21.156873010259762], [55.704103740877656, -21.1595009006034], [55.7043374137561, -21.159761959191794], [55.70561451832301, -21.161189132139416], [55.7074000377556, -21.16318298539489], [55.70921707853187, -21.165212293666634], [55.71056009835261, -21.166712205629384], [55.71172095697195, -21.168008363937226], [55.71265671446293, -21.169053469555056], [55.71312984405815, -21.16958193249631], [55.71569873270518, -21.17245071378057], [55.71563597753141, -21.172468304700672], [55.712770615558156, -21.173254136028604], [55.71230906459715, -21.173389741857214], [55.71222307772866, -21.173420705205693], [55.71194276490712, -21.17353668665843], [55.71125454498968, -21.17382165241857], [55.71115880956304, -21.17386609154756], [55.71105331812652, -21.17392491027129], [55.71078702492469, -21.174090004744098], [55.70998817271719, -21.17469278741026], [55.707242321980644, -21.17546136591122], [55.70712738559086, -21.175498428841088], [55.70698237376087, -21.175560556194277], [55.706828623399154, -21.175630746956998], [55.706430872117416, -21.175849031194556], [55.70616372541614, -21.17600056082094], [55.70426199916902, -21.177160383854922], [55.70405318197346, -21.177304678269962], [55.70360114004561, -21.17761784521455], [55.70333649870262, -21.177812751229155], [55.702604194813546, -21.178509957787874], [55.70255065697992, -21.17857458981474], [55.70244539703473, -21.178716514974543], [55.701808248428996, -21.1794988524943], [55.7004179658662, -21.181068344674006], [55.69934427858237, -21.182209513984162], [55.697914847283776, -21.183619061351898], [55.69625147050553, -21.184957682901025], [55.693906600107745, -21.185974308322546], [55.69170293303179, -21.186413999613336], [55.6900907445477, -21.18678821708271], [55.6876470292883, -21.186572723265385], [55.68542556575393, -21.18588334307277], [55.684719529793306, -21.185502952329827], [55.68323543081978, -21.18488252666379], [55.68276711078395, -21.18468826693478], [55.6817783976416, -21.1845242760873], [55.68159458403666, -21.184506581782077], [55.68145019470648, -21.184496421774252], [55.68140686189, -21.184495180357548], [55.68132872021337, -21.18450902460352], [55.681194556754534, -21.18454049904859], [55.679930924976944, -21.184856750095424], [55.679463614138456, -21.18498318445732], [55.67940848293394, -21.185008951340716], [55.67724791389187, -21.186320907656544], [55.677070172215565, -21.186486639151695], [55.6769565039704, -21.186595959993102], [55.67661808208497, -21.186958270127164], [55.67654118954892, -21.187048004574837], [55.67622381003234, -21.187426739171496], [55.67620615967364, -21.187461832172914], [55.67533954544105, -21.18926809571958], [55.6746940494697, -21.1909479232276], [55.67380964321269, -21.19264823018502], [55.672795836121495, -21.193741868901373], [55.67129333580494, -21.19494474645853], [55.66967364606385, -21.196178581002204], [55.66673885424041, -21.19823995380173], [55.66521797748272, -21.199617765217397], [55.66331104724652, -21.201127559295912], [55.6614157607605, -21.202997862734033], [55.66113258079392, -21.203207907782474], [55.66070503773203, -21.203509853682], [55.66067018987477, -21.203528547900774], [55.660496679687846, -21.20332752941978], [55.65867580989715, -21.201217285123796], [55.657180394253764, -21.19923427399318], [55.655412692930916, -21.196927488287997], [55.65368032180197, -21.19428875734134], [55.652112103298386, -21.19153252849447], [55.65141408576361, -21.18982458007349], [55.65032490854767, -21.187757582439993], [55.649627403487834, -21.18650085925778], [55.64827218785601, -21.185017100241613], [55.64718536447146, -21.18378480645803], [55.646350137282845, -21.181949723263457], [55.64568613225607, -21.180035157792375], [55.645300689994166, -21.178257422808695], [55.644461433850886, -21.177239838244343], [55.64368616980607, -21.17638807774895], [55.64315816877282, -21.175988170597154], [55.641311888227456, -21.173980537844837], [55.63957828193112, -21.17134731513411], [55.63924131455837, -21.17080800985503], [55.638916103777476, -21.17014187694384], [55.63860882924521, -21.1694103944955], [55.63842636658, -21.16799810770121], [55.638227282484976, -21.167008006304187], [55.637702980967326, -21.16705075861877], [55.636586131471866, -21.16722694721029], [55.63631689987865, -21.16728530152639], [55.635978183023916, -21.167359355439434], [55.63505222968564, -21.167617471861778], [55.634734565037384, -21.1677061468148], [55.634252518036575, -21.1678666656292], [55.63422447487309, -21.167879086152716], [55.633875354580375, -21.168037063816133], [55.63279491523612, -21.168546859068915], [55.63060332222158, -21.169657417865807], [55.629498513971946, -21.171241985229997], [55.62756834726514, -21.173969816130835], [55.62584550571313, -21.176870943112853], [55.62577144673606, -21.177276849852998], [55.625635016686466, -21.17776174452411], [55.625232083610015, -21.179153244508406], [55.624969172021764, -21.179775322623343], [55.624530775308116, -21.180730212626173], [55.62440540338926, -21.180955933775977], [55.621547718583, -21.18178722490303], [55.62006480078628, -21.182372240201044], [55.619641374811515, -21.182436534199706], [55.61833059483606, -21.18263449875799], [55.61659639224909, -21.182895835893294], [55.616342726358205, -21.18251977292143], [55.61598671711461, -21.18196355681884], [55.61557460743035, -21.18122621072976], [55.614951396935155, -21.181128060531673], [55.613555120412364, -21.180992855392283], [55.6131268279814, -21.18095953154809], [55.61297744958117, -21.180969146108026], [55.61155781838474, -21.181375741916266], [55.60908286609311, -21.181789931862625], [55.60639339239592, -21.180963774636737], [55.60601025107399, -21.180840470387736], [55.605717472514044, -21.180632996066677], [55.60571371338121, -21.180623028248036]]]}";9740600;97406;974;4;974060000;La Plaine-des-Palmistes (commune non irisée);La Plaine-des-Palmistes;LA REUNION;La Plaine-des-Palmistes;LA REUNION;;4;;;;;;Commune non découpée en IRIS;1035;167.927066111;83.963533056;;177.121582978;;88.560791489;167.927066111;83;83.963533056;99.407350260;;99.407350260;110.504677942;;110.504677942;99.407350260;99;99.407350260;1710;475;2240;480;88.545996272;84.381044557;88.545996272;79.381069839;92.740538421;79.381069839;94.204734647;88.043004574;94.204734647;87.941338153;85.960165721;87.941338153;99.837285246;113.604190269;99.837285246;99.407350260;110.504677942;99.407350260;87.941338153;;87.941338153;85.960165721;;85.960165721;87.941338153;87;87.941338153;194.042019892;;97.021009946;201.647194843;;100.823597421;194.042019892;97;97.021009946;;;;267.334416371;;89.111472124;287.626260920;;95.875420307;267.334416371;89;89.111472124;281.983358046;;93.994452682;287.607360564;;95.869120188;281.983358046;93;93.994452682;Polygon;14173.5;1;4118;1800;44;1135;675;0.277777778;0.214285714;0.437105391;0.178318932;0.106048704;14173.5;14173.5;549.317774417;;575.233621484;;549.317774417;91;0.313710150;0.329194524;0.313710150;0.269945611;0.231059381;0.269945611;0.463995141;0.496468053;0.463995141;0.202770319;0.207443681;0.202770319;0.106221542;0.093349289;0.106221542;14258;12826.153846154;14258
Le Port;LA REUNION;CA Territoire de la Côte Ouest (Tco);LA REUNION;234.789527585;69.605859376;70.819734154;69.605859376;Non;974070703;97407;67;249740101;-20.9494607224, 55.2886381978;"{""type"": ""MultiPolygon"", ""coordinates"": [[[[55.29460069332311, -20.95221148400548], [55.29466484520646, -20.952235610613073], [55.29583640905717, -20.95211815557345], [55.29846527005117, -20.951189650113378], [55.29982351217404, -20.950719043688906], [55.30044902476132, -20.95050488048645], [55.300599562528504, -20.950457604014616], [55.30119244790314, -20.950322600787878], [55.301817787370446, -20.95020869389105], [55.301856992948125, -20.95022805302832], [55.301890592878756, -20.950232903973433], [55.30192900008236, -20.9502378027804], [55.30196166913824, -20.950239934624175], [55.30199633244113, -20.950235763408944], [55.302011746279376, -20.9502332070666], [55.30204549907979, -20.950224510411164], [55.30208025409291, -20.95021221063603], [55.30213925944231, -20.950181183566805], [55.30218685979303, -20.95013830038111], [55.30220826651438, -20.950115931681], [55.30222978531459, -20.95008362809158], [55.30224753980865, -20.95004406083982], [55.30225849279806, -20.95001074878406], [55.30233630284746, -20.950102753968558], [55.30259020936978, -20.950353681508307], [55.30286799639492, -20.95053348780138], [55.30445385312159, -20.951536541039903], [55.30560663105907, -20.952232681029656], [55.30575658502453, -20.95232269185146], [55.30577664367654, -20.95233463371059], [55.30587408308333, -20.95239160479799], [55.30602789342795, -20.95248075043773], [55.30398171363526, -20.95443767584874], [55.30268509695912, -20.95566586994398], [55.30166932931613, -20.956631288712288], [55.30138253713673, -20.956907542637364], [55.30111962835202, -20.9571975830849], [55.30056717607538, -20.957921920507317], [55.30052694603142, -20.957907970398512], [55.29952993273953, -20.957552075708335], [55.297586062976194, -20.956913032099145], [55.29640675958141, -20.956776600744895], [55.29077157003592, -20.956456444150728], [55.29032856011862, -20.9564312270742], [55.28795495116664, -20.95629630624133], [55.28635300909802, -20.956205241148442], [55.28422037650864, -20.956442126371833], [55.28276187222884, -20.95692694780923], [55.28174640597884, -20.957265376744708], [55.27970525462634, -20.957741587826547], [55.27779861926252, -20.957806341176337], [55.27742248010295, -20.957819702997842], [55.277417042125656, -20.957790743621814], [55.27736341746579, -20.957435219253497], [55.27734147986734, -20.957251635107987], [55.277325993838225, -20.95700850076112], [55.277312577837364, -20.956248720601874], [55.277335345133984, -20.955772027487765], [55.277367520076716, -20.95531349466174], [55.27743934253313, -20.954835490556693], [55.27751077148861, -20.954391806418332], [55.27762064829176, -20.953865410316265], [55.2777100233214, -20.95344990845046], [55.27784245655805, -20.952884899549645], [55.277923745884955, -20.952587643391972], [55.278124006705, -20.952145259776444], [55.278480662060325, -20.951648452416862], [55.27856369763235, -20.951534576110085], [55.2787809111538, -20.951291080811494], [55.279131371825876, -20.950999250354258], [55.27956925847423, -20.95054571346014], [55.27974870418617, -20.95032532057785], [55.27995533676051, -20.94999771314623], [55.28016365235873, -20.94960689381017], [55.28034067449838, -20.949261825115897], [55.280447677857616, -20.948985601623455], [55.28051251361573, -20.94878121411212], [55.2808365415655, -20.946972530074486], [55.28114955089069, -20.94423336959082], [55.28160729550693, -20.942087271541286], [55.28187350242741, -20.940743215574262], [55.281861390847844, -20.93995092872049], [55.28183518243356, -20.938961587677543], [55.28176859627288, -20.93856167315525], [55.28173444787657, -20.93843667841733], [55.2816835926867, -20.938259125936042], [55.28222317172909, -20.937851256065205], [55.28339612218462, -20.93833146452933], [55.28284111390914, -20.941639966201787], [55.28279523142207, -20.941784930303857], [55.28251410196386, -20.9423231568774], [55.28205077554386, -20.945177329536847], [55.282090639449144, -20.945222894361052], [55.28215843587415, -20.945264224171268], [55.28221683465954, -20.945286490718427], [55.28228501249712, -20.945294403468242], [55.2823590412699, -20.945295148981387], [55.282413862403864, -20.94529389450886], [55.28255337755731, -20.94520135966557], [55.28356101844519, -20.944445532536058], [55.28375404797649, -20.94429753256561], [55.28376675221197, -20.94427959505319], [55.28378850039416, -20.94422742439098], [55.28379744136936, -20.944202222875344], [55.283806392638205, -20.944176118195557], [55.283813410794586, -20.94415089733226], [55.28381850613646, -20.944125657122374], [55.2838864893135, -20.943728903611287], [55.284001887253844, -20.94305283918559], [55.283710894606976, -20.942600762878108], [55.28350300265268, -20.94101659872002], [55.28414384925831, -20.938526865868532], [55.28431743105221, -20.938481641614995], [55.28498613892274, -20.93843958850708], [55.28542761853777, -20.938509964385116], [55.28558011636663, -20.938712022407984], [55.28530890034449, -20.940407440551976], [55.285041954820315, -20.94037675593049], [55.28498456346832, -20.940603802459094], [55.28482752664751, -20.94155968738649], [55.28468962489512, -20.94336754555167], [55.285532011613455, -20.94378067837792], [55.28747852921205, -20.94554764350063], [55.28817765828876, -20.94631381964915], [55.2883091800088, -20.946936520254134], [55.290743742237474, -20.94917175544667], [55.29223403466338, -20.951299884398836], [55.29425081201077, -20.952284762341147], [55.294334991700275, -20.952238634360565], [55.29441217492304, -20.952215921373234], [55.29449017626786, -20.952205862312116], [55.29460069332311, -20.95221148400548]]], [[[55.28770142681344, -20.940209267321364], [55.28763812319422, -20.94053380866562], [55.28729705323446, -20.940595420157692], [55.286683601846356, -20.94051248245741], [55.28645037608209, -20.94047581578575], [55.28671286092181, -20.93887063425972], [55.28696928562346, -20.935853581674586], [55.288065574169984, -20.934311864440765], [55.28960238376741, -20.933514332705567], [55.2896887566099, -20.933020206396233], [55.289543853764435, -20.93291126489111], [55.28654910769348, -20.93247475000781], [55.28639600793484, -20.93232597984324], [55.286554423780665, -20.931331264645117], [55.288025060766586, -20.931532097517668], [55.288159137403845, -20.930732242187826], [55.28672037526837, -20.930519085129273], [55.285754963043374, -20.93053106906416], [55.28547496996854, -20.932323954789737], [55.28586443884582, -20.93337249772987], [55.286332148832095, -20.934812037886452], [55.28644501553808, -20.93537048821658], [55.286381501876804, -20.935797999745958], [55.28426429432678, -20.935634910285884], [55.283932026648536, -20.933870196378912], [55.2836694227295, -20.931645515865526], [55.28366745038379, -20.931481101224126], [55.283700101981836, -20.931231224319134], [55.283774847391285, -20.930830924915764], [55.28387793800118, -20.930474267351144], [55.28394107773624, -20.93033308911795], [55.284742318559964, -20.93030049681675], [55.2855747532295, -20.930230276797015], [55.28684718359193, -20.930189761512924], [55.28940794318365, -20.93023260971689], [55.29004538554519, -20.930781863285254], [55.29025127389158, -20.93148938036641], [55.29021118923389, -20.93205623260911], [55.29020549064317, -20.932134760040356], [55.29015293341743, -20.93252986587518], [55.29007920058256, -20.932757654471303], [55.290006798147274, -20.93329166496231], [55.28990866178306, -20.93389045291876], [55.28981589525642, -20.93443961470051], [55.289718762178666, -20.934949891984438], [55.28942553843759, -20.935879127160415], [55.28870976627404, -20.937948566278674], [55.28771146176842, -20.940172334023288], [55.28770142681344, -20.940209267321364]]]]}";9740707;97407;974;4;974070703;Zic Port de la Pointe des Galets;Le Port;LA REUNION;Zic Port de la Pointe des Galets;LA REUNION;;4;;;;;;Iris d'activité;7870;116.942138913;58.471069457;;122.382401107;;61.191200553;116.942138913;58;58.471069457;87.283104222;;87.283104222;83.004235310;;83.004235310;87.283104222;87;87.283104222;55.213446197;12.553236336;62.745387998;7.531941801;72.474008047;72.422623930;72.474008047;44.468130866;49.959777177;44.468130866;78.636912412;79.256107611;78.636912412;88.533921431;91.757657585;88.533921431;46.239079275;48.518003311;46.239079275;87.283104222;83.004235310;87.283104222;88.533921431;;88.533921431;91.757657585;;91.757657585;88.533921431;88;88.533921431;124.875991687;;62.437995843;127.774110922;;63.887055461;124.875991687;62;62.437995843;;;;204.225243135;;68.075081045;205.386636417;;68.462212139;204.225243135;68;68.075081045;213.409913118;;71.136637706;219.531768507;;73.177256169;213.409913118;71;71.136637706;MultiPolygon;12444.825;1;161.001563401;58.744874261;2.999961352;42.149536829;11.531890270;0.227358319;0.120039768;0.364871452;0.179520515;0.049115863;12444.825;12444.825;417.635156254;;424.918404924;;417.635156254;69;0.313710150;0.313932729;0.313710150;0.269945611;0.240272824;0.269945611;0.463995141;0.460370138;0.463995141;0.202770319;0.195646357;0.202770319;0.106221542;0.101232243;0.106221542;14258;14993;14258
Le Port;LA REUNION;CA Territoire de la Côte Ouest (Tco);LA REUNION;193.048645652;124.845860443;129.051946359;124.845860443;Non;974070701;97407;67;249740101;-20.9284666417, 55.2926552663;"{""type"": ""Polygon"", ""coordinates"": [[[55.30834725315873, -20.93022899242733], [55.30832127697641, -20.93023054150056], [55.30824410689836, -20.930253261753315], [55.30509793398658, -20.930370182854578], [55.304319400152075, -20.93034980343647], [55.30295550985648, -20.930315471361435], [55.301621401782754, -20.93028323134061], [55.301490681746905, -20.930280123872965], [55.30119944060048, -20.930273611999617], [55.30089169398193, -20.930281387694812], [55.30067615317078, -20.930297307154607], [55.30044324732608, -20.930318473055834], [55.30023232965021, -20.930350696921884], [55.30002322244103, -20.93039287456996], [55.299832268210665, -20.930445168811005], [55.299601695562195, -20.93051513357469], [55.29933332505895, -20.930611819571666], [55.29895957795988, -20.930759844704482], [55.29800918200202, -20.93114419627513], [55.29785236470529, -20.93123837921153], [55.29779417455532, -20.931282962469822], [55.297741680913454, -20.931333925439173], [55.29769286925327, -20.931399377487814], [55.297609343337555, -20.93151642143182], [55.29757040608707, -20.931601392310803], [55.297511247718454, -20.93181668440061], [55.2974938740023, -20.931907741648757], [55.29748830170317, -20.931975431531978], [55.29750709121066, -20.93209936738371], [55.29744665802944, -20.9320021142602], [55.29740104479241, -20.93195468899028], [55.29734864098571, -20.931912615596264], [55.297283658184114, -20.931877642863288], [55.296935693073564, -20.931700742266802], [55.29684244375328, -20.931699811651956], [55.296715435437996, -20.931708480045447], [55.296638293880456, -20.931728485360097], [55.29646931492235, -20.931792737544246], [55.295881104029135, -20.932030748358862], [55.29477413872947, -20.932485779088093], [55.29476613105882, -20.932513700502327], [55.294754298484946, -20.932539777150897], [55.294736749006624, -20.93256128031063], [55.29470674303401, -20.932579045903143], [55.294661417003475, -20.932591238761567], [55.292316356763926, -20.933362666392277], [55.292229692661564, -20.933374444889466], [55.29213629915801, -20.933386155991514], [55.29154293637388, -20.933399185046106], [55.2912303281105, -20.93332650312779], [55.29012117910665, -20.9328709838891], [55.29007920058256, -20.932757654471303], [55.29015293341743, -20.93252986587518], [55.29020549064317, -20.932134760040356], [55.29021118923389, -20.93205623260911], [55.29025127389158, -20.93148938036641], [55.29004538554519, -20.930781863285254], [55.28940794318365, -20.93023260971689], [55.28684718359193, -20.930189761512924], [55.2855747532295, -20.930230276797015], [55.284742318559964, -20.93030049681675], [55.28394107773624, -20.93033308911795], [55.283944965497184, -20.930160603949076], [55.28363183638493, -20.927603012055297], [55.28356553026458, -20.92726271630557], [55.28353639006354, -20.927035702859477], [55.2835601005858, -20.926811027425384], [55.28364524122471, -20.926595099118316], [55.28396794248767, -20.92577998222374], [55.28421597141763, -20.925527753717752], [55.28630426086873, -20.924248023493163], [55.286702078636395, -20.924011746919852], [55.287212159386, -20.923794661169868], [55.28757670275882, -20.923694442346616], [55.28924517601525, -20.923314635279286], [55.29102551622378, -20.924175219828935], [55.291505999955355, -20.92444830109562], [55.29252915028948, -20.924937272461694], [55.29387179389575, -20.925569438935266], [55.2958178194113, -20.926406340737714], [55.298050492204084, -20.927317438629313], [55.29838067386506, -20.927450802085936], [55.299118650175046, -20.927740882476748], [55.29978883509352, -20.92798963720595], [55.300419126129974, -20.928195538275794], [55.30113389248851, -20.928413117268995], [55.30343946249391, -20.92891839970306], [55.30419168272309, -20.929055043811793], [55.30487048242583, -20.929137662199885], [55.30687647000866, -20.92935448830763], [55.307326934889375, -20.929394184292846], [55.30784674732497, -20.929422824078763], [55.30817260581261, -20.92942876439793], [55.308360094495896, -20.929427913005927], [55.30848028033661, -20.929427297658254], [55.30834725315873, -20.93022899242733]]]}";9740707;97407;974;4;974070701;Zone Industrielle Numero 1;Le Port;LA REUNION;Zone Industrielle Numero 1;LA REUNION;;4;;;;;;Iris d'activité;7870;398.609854461;199.304927231;;420.122020677;;210.061010338;398.609854461;199;199.304927231;87.283104222;;87.283104222;83.004235310;;83.004235310;87.283104222;87;87.283104222;25.106472671;17.574530870;47.702298075;22.595825404;223.135910606;222.977707104;223.135910606;175.473943856;197.144313573;175.473943856;66.405954407;66.928841774;66.405954407;172.289207020;178.562677533;172.289207020;24.487042546;25.693902863;24.487042546;87.283104222;83.004235310;87.283104222;172.289207020;;172.289207020;178.562677533;;178.562677533;172.289207020;172;172.289207020;90.892996953;;45.446498476;92.622744637;;46.311372318;90.892996953;45;45.446498476;;;;485.892958683;;161.964319561;503.126255987;;167.708751996;485.892958683;161;161.964319561;263.182203973;;87.727401324;271.185422170;;90.395140723;263.182203973;87;87.727401324;Polygon;12444.825;1;170.452820247;52.519991413;2.510647267;67.441809644;5.021294534;0.7;0.473684211;0.308120402;0.349351374;0.026010514;12444.825;12444.825;749.075162656;;774.311678157;;749.075162656;124;0.313710150;0.313932729;0.313710150;0.269945611;0.240272824;0.269945611;0.463995141;0.460370138;0.463995141;0.202770319;0.195646357;0.202770319;0.106221542;0.101232243;0.106221542;14258;14993;14258
Le Port;LA REUNION;CA Territoire de la Côte Ouest (Tco);LA REUNION;56.453675731;82.080660211;82.907476628;82.080660211;Non;974070702;97407;67;249740101;-20.9372017977, 55.3184019048;"{""type"": ""Polygon"", ""coordinates"": [[[55.330252106356276, -20.927594846870274], [55.330226652242864, -20.92780957964052], [55.329676043772054, -20.92964779587882], [55.32942048293292, -20.93184208178897], [55.32830722877104, -20.933738012091858], [55.3271506271011, -20.93494610979163], [55.32666230995669, -20.935455289732953], [55.32571099288106, -20.9364440848774], [55.325134035122865, -20.93705536412024], [55.325887579831516, -20.93768421773925], [55.32731707862018, -20.938311567175955], [55.32931895239291, -20.940041097167967], [55.329463682653824, -20.94016897410056], [55.32936229299989, -20.940381156108693], [55.329185752216, -20.94069376974754], [55.3289195079918, -20.941118414857378], [55.32869281154352, -20.941444989065154], [55.32839936541697, -20.941807943435315], [55.32805274910885, -20.94219657128209], [55.32767841039332, -20.942570474011227], [55.325718912807496, -20.94443758808512], [55.323692844652825, -20.946374815387323], [55.32227298898476, -20.94772390449714], [55.32185608663209, -20.948118149315736], [55.32242483465376, -20.94514291980569], [55.322412356173324, -20.945140990515174], [55.32167929249633, -20.945088163358655], [55.3200840093027, -20.944975361272274], [55.31738735887189, -20.944776249661725], [55.31392524043171, -20.94450811295462], [55.3135891773515, -20.944465949748864], [55.313281127328, -20.94441232029898], [55.3129521590917, -20.94433770803765], [55.31258513935253, -20.944226587649727], [55.31230452650886, -20.944127160778095], [55.31222312983931, -20.94409745053657], [55.311879590527305, -20.9439504299457], [55.311611892504175, -20.943814095451586], [55.31131480646446, -20.943640435282816], [55.31103039179996, -20.943451544395668], [55.31077680392142, -20.943257538688695], [55.31047391252877, -20.943001621514853], [55.30909963032766, -20.94165612377684], [55.30811205032154, -20.940468008599623], [55.308120492513694, -20.940401249907673], [55.308115576672094, -20.940325325979398], [55.308087597541075, -20.940248270046332], [55.30805944589729, -20.94018656808915], [55.30800921269573, -20.940121937299264], [55.3079891959986, -20.940106383084395], [55.307986408825876, -20.939926603538296], [55.307989092829054, -20.93985888446512], [55.30799814117793, -20.939823746444997], [55.308050241737526, -20.93972219298152], [55.30805711355482, -20.939709615269415], [55.308277627440106, -20.939337845783307], [55.308486349909266, -20.938988540930474], [55.30865589573993, -20.938702979992254], [55.30880209384312, -20.938441575865212], [55.30890354045944, -20.93822669838135], [55.309004370233055, -20.937981103302537], [55.30908685233785, -20.937742552513903], [55.309145096917774, -20.937521826997095], [55.309200730984145, -20.93727668710784], [55.30923698526291, -20.93704490428963], [55.30925304045056, -20.93681382456978], [55.309266485235106, -20.93655833050279], [55.30925920571142, -20.936264693445803], [55.30923164621222, -20.93597898491562], [55.30921459706465, -20.935870422766364], [55.309082615880484, -20.935037197031885], [55.30885444375818, -20.933608661791403], [55.308838285384965, -20.933506431374077], [55.30843291375103, -20.930991303957953], [55.308453479194, -20.93087227524407], [55.30846957046821, -20.93080920534936], [55.308496642057285, -20.93071011320417], [55.3085072775666, -20.93070479895496], [55.3085324243379, -20.930691499036868], [55.3085848433554, -20.930646854713952], [55.30862004963305, -20.930593910291066], [55.308641878367425, -20.930533607065247], [55.30864734417008, -20.930474948226223], [55.30863562769934, -20.930405279777965], [55.30860176007549, -20.930339004906166], [55.308537989840055, -20.930281466436824], [55.30847396611404, -20.93024650735886], [55.30845096519313, -20.930239956447654], [55.30840016685222, -20.93022590379742], [55.30834725315873, -20.93022899242733], [55.30848028033661, -20.929427297658254], [55.30874180117607, -20.92942627628708], [55.30980336866596, -20.929327495988847], [55.31054155643278, -20.929173118100334], [55.31177622137088, -20.928813184729776], [55.31402129207687, -20.928629429358647], [55.316241193584155, -20.928460751560177], [55.31800319042655, -20.928315534335113], [55.31817185535161, -20.928278355340087], [55.31902466660294, -20.92887930883713], [55.31946156713726, -20.929359640361618], [55.319438767043934, -20.93080014879257], [55.31943400885039, -20.930968112158208], [55.31938223967753, -20.931213294715068], [55.319372535573635, -20.931221328677175], [55.31444070598994, -20.931616199489373], [55.314184084765095, -20.932124017214953], [55.31418255735169, -20.93217458573971], [55.31418470451824, -20.932326357789734], [55.31419733655684, -20.932572174407706], [55.314204269199784, -20.93263998880131], [55.31422956854771, -20.932698951844557], [55.314533188874485, -20.933146364107575], [55.31950545567919, -20.932750988507166], [55.32036419127508, -20.93325444079761], [55.32068791546357, -20.933452735532875], [55.320994134727435, -20.933668923084138], [55.321192295126025, -20.93383256003926], [55.32139400948202, -20.93402242689942], [55.321502044395025, -20.934163498192447], [55.32159872951206, -20.93437401044107], [55.32165369862959, -20.934531722034272], [55.3216962908869, -20.93467847250687], [55.32168833343713, -20.934788594543267], [55.32215213591077, -20.93510027134889], [55.32247435623259, -20.935261513692215], [55.32282995787195, -20.93536075715423], [55.32333184920402, -20.93544698493591], [55.3239168011016, -20.935499702472896], [55.32441773569979, -20.935499202644866], [55.32473139388978, -20.935479700395135], [55.32480411960778, -20.935424410909743], [55.32505853594034, -20.935025851144612], [55.32506284897769, -20.929536645291687], [55.32500917768739, -20.9294349508854], [55.32473356675297, -20.9286660027111], [55.326122375660375, -20.92840980641016], [55.328402500032205, -20.927990221064317], [55.33012482124227, -20.92762882973916], [55.330252106356276, -20.927594846870274]]]}";9740707;97407;974;4;974070702;Zones Industrielles Numero 2 et 3;Le Port;LA REUNION;Zones Industrielles Numero 2 et 3;LA REUNION;;4;;;;;;Iris d'activité;7870;80.491565387;40.245782693;;80.434496816;;40.217248408;80.491565387;40;40.245782693;87.283104222;;87.283104222;83.004235310;;83.004235310;87.283104222;87;87.283104222;10.217671032;2.580066264;17.957869823;0;80.491565387;80.434496816;80.491565387;0;0;0;127.164398837;128.165704494;127.164398837;111.906817189;115.981617520;111.906817189;85.638075629;89.858805628;85.638075629;87.283104222;83.004235310;87.283104222;111.906817189;;111.906817189;115.981617520;;115.981617520;111.906817189;111;111.906817189;212.802474466;;106.401237233;218.024510121;;109.012255061;212.802474466;106;106.401237233;;;;167.774669609;;55.924889870;163.438732126;;54.479577375;167.774669609;55;55.924889870;324.709291655;;108.236430552;334.006127642;;111.335375881;324.709291655;108;108.236430552;Polygon;12444.825;1;43.553344413;25.698068613;7.727817444;12.810118642;5.135369834;0.252510211;0;0.590036631;0.226913810;0.090966084;12444.825;12444.825;492.483961264;;497.444859768;;492.483961264;82;0.313710150;0.313932729;0.313710150;0.269945611;0.240272824;0.269945611;0.463995141;0.460370138;0.463995141;0.202770319;0.195646357;0.202770319;0.106221542;0.101232243;0.106221542;14258;14993;14258
Saint-Denis;LA REUNION;CA Intercommunale du Nord de la Réunion (Cinor);LA REUNION;12.502053002;61.673077382;57.284634677;61.673077382;Non;974110203;97411;67;249740119;-20.8915740559, 55.4437133354;"{""type"": ""Polygon"", ""coordinates"": [[[55.441550238290255, -20.894014837006477], [55.44174039583104, -20.893565811519085], [55.44192200430684, -20.893106771226257], [55.44341545230602, -20.890062620193323], [55.443365182534414, -20.889531006640077], [55.44388544238787, -20.8897877714525], [55.44433376517577, -20.889936384260526], [55.444779495068786, -20.889776937971586], [55.444788526797815, -20.889739983749546], [55.444808168241984, -20.889699512744844], [55.44483065586577, -20.88966268093717], [55.44485879864278, -20.889636740493202], [55.44493418593423, -20.88959677660545], [55.44496990612415, -20.889581744993095], [55.4450084073774, -20.889576675264806], [55.44504588237078, -20.88957791947967], [55.445108994684574, -20.889703152647957], [55.44526458397381, -20.88990239637935], [55.44541751347577, -20.89007993595458], [55.44551919279729, -20.890193776481247], [55.44554282137519, -20.89023283440578], [55.44556068312196, -20.89027183988672], [55.445570874352285, -20.89030896896084], [55.4455781542631, -20.890348781541014], [55.445576737404075, -20.89039303167129], [55.44557131786971, -20.89045260195874], [55.44555759535602, -20.890571716310212], [55.44554279076142, -20.89070256406585], [55.44551970172021, -20.890891149391145], [55.44547532168752, -20.891187036959938], [55.44545746296533, -20.891241074147555], [55.44543485430446, -20.891289648173245], [55.44540848475596, -20.891330058050304], [55.44530338782017, -20.891454664584415], [55.445104556888204, -20.891627198034904], [55.44488638153845, -20.891811298475307], [55.443994358659914, -20.892556554495453], [55.44196014190002, -20.894068257048367], [55.4419054581756, -20.894057821966715], [55.44168184294922, -20.89402326357397], [55.441550238290255, -20.894014837006477]]]}";9741102;97411;974;4;974110203;Chd-Iufm;Saint-Denis;LA REUNION;Chd-Iufm;LA REUNION;;4;;;;;;Iris d'activité;24040;159.382793290;79.691396645;;150.252729711;;75.126364855;159.382793290;79;79.691396645;112.021905831;;112.021905831;101.053958010;;101.053958010;112.021905831;112;112.021905831;5.000821201;2.500410600;5.000821201;0;159.382793290;150.252729711;159.382793290;0;0;0;0;0;0;98.633765171;92.401120343;98.633765171;0;0;0;112.021905831;101.053958010;112.021905831;98.633765171;;98.633765171;92.401120343;;92.401120343;98.633765171;98;98.633765171;0;;0;0;;0;0;0;0;;;;271.404699120;;90.468233040;251.306687721;;83.768895907;271.404699120;90;90.468233040;98.633765171;;32.877921724;92.401120343;;30.800373448;98.633765171;32;32.877921724;Polygon;15972.083333333;1;7.501231801;0;0;2.500410600;0;0.5;0;0;0.2;0;15972.083333333;15972.083333333;370.038464291;;343.707808064;;370.038464291;61;0.313710150;0.332772656;0.313710150;0.269945611;0.328662661;0.269945611;0.463995141;0.417309122;0.463995141;0.202770319;0.216447592;0.202770319;0.106221542;0.109334871;0.106221542;14258;15805.5;14258
Saint-Denis;LA REUNION;CA Intercommunale du Nord de la Réunion (Cinor);LA REUNION;409.388607397;124.092017035;118.327465801;124.092017035;Non;974110807;97411;67;249740119;-20.9019598271, 55.4843161217;"{""type"": ""Polygon"", ""coordinates"": [[[55.48187297670792, -20.903779693859068], [55.481685020926086, -20.903638006408237], [55.48194086516274, -20.90286069991731], [55.482927057967565, -20.90057859530741], [55.4831199694105, -20.9002271028835], [55.483121891852186, -20.900227119949292], [55.483262030348314, -20.900248237353196], [55.4838273818357, -20.900333651744862], [55.48425931469722, -20.90039891075214], [55.48476659063301, -20.90047612854235], [55.48538615811258, -20.90057150367104], [55.48560314091717, -20.9005987203482], [55.48606974314771, -20.90065795874491], [55.486498413666936, -20.900713246552314], [55.48679554155746, -20.900752915010184], [55.48693457510735, -20.9007884730876], [55.487003547893885, -20.900812570640777], [55.48701886411281, -20.90081902963188], [55.48668238663251, -20.902450189742073], [55.48658133072925, -20.902557695289122], [55.48650959206793, -20.90261758352117], [55.48636791924323, -20.902749119271775], [55.48633482026717, -20.90279037961666], [55.48631131553596, -20.90283353163024], [55.486303380933045, -20.902857851474213], [55.48611872334905, -20.902866152137666], [55.4849647193602, -20.903098921122364], [55.48386317208721, -20.903372797811578], [55.48198842365286, -20.903866536666108], [55.48187297670792, -20.903779693859068]]]}";9741108;97411;974;4;974110807;Rectorat Université;Saint-Denis;LA REUNION;Rectorat-Universite;LA REUNION;;4;;;;;;Iris d'activité;24040;43.577343532;21.788671766;;35.792056884;;17.896028442;43.577343532;21;21.788671766;112.021905831;;112.021905831;101.053958010;;101.053958010;112.021905831;112;112.021905831;7.500868314;0;8.500869129;1.000000815;0;0;0;43.577343532;35.792056884;43.577343532;122.136798342;135.800724012;122.136798342;466.816054507;437.318055899;466.816054507;0;0;0;112.021905831;101.053958010;112.021905831;466.816054507;;466.816054507;437.318055899;;437.318055899;466.816054507;466;466.816054507;122.136798342;;61.068399171;135.800724012;;67.900362006;122.136798342;61;61.068399171;;;;155.599249362;;51.866416454;136.846014894;;45.615338298;155.599249362;51;51.866416454;588.952852849;;196.317617616;573.118779912;;191.039593304;588.952852849;196;196.317617616;Polygon;15972.083333333;1;15.003461038;8.502593539;96.640389944;387.512682162;0;0;0.117635126;0.566708809;0.946564402;0;15972.083333333;15972.083333333;744.552102211;;709.964794806;;744.552102211;124;0.313710150;0.332772656;0.313710150;0.269945611;0.328662661;0.269945611;0.463995141;0.417309122;0.463995141;0.202770319;0.216447592;0.202770319;0.106221542;0.109334871;0.106221542;14258;15805.5;14258
Saint-Denis;LA REUNION;CA Intercommunale du Nord de la Réunion (Cinor);LA REUNION;82.754182074;40.645595378;37.245908822;40.645595378;Non;974110709;97411;67;249740119;-20.8899192962, 55.4974173711;"{""type"": ""Polygon"", ""coordinates"": [[[55.502073975672914, -20.882319288384537], [55.50210803191564, -20.882471348749007], [55.50216836604832, -20.882784434779254], [55.50256236222092, -20.88482989796067], [55.503077913136245, -20.887510573050246], [55.503292733850074, -20.888627181907523], [55.50358161526268, -20.890127457193177], [55.50364208875699, -20.890426993801267], [55.50411777037568, -20.89276901434369], [55.5041755142623, -20.89305317003197], [55.50445688698265, -20.894439556822377], [55.504647517095506, -20.89537980022198], [55.50484887304083, -20.89649899956245], [55.5048552077471, -20.896538802157924], [55.50472692508145, -20.89648528580953], [55.50449054536089, -20.896378429476503], [55.50439197978166, -20.896333303034858], [55.50421409081011, -20.896241411714158], [55.50418923377278, -20.8962276439856], [55.504024837729865, -20.896132257195713], [55.503923532117426, -20.896072652999024], [55.50380982049289, -20.896003906690787], [55.50358261250689, -20.895844735476828], [55.5033489094924, -20.895662020147252], [55.503184055087125, -20.895516041296638], [55.50297829950514, -20.89532634351058], [55.50279184902734, -20.895128684518237], [55.502634028799534, -20.894952053098294], [55.50249934034386, -20.894769300815927], [55.50248037634948, -20.89474293766998], [55.50238656248073, -20.894606614006907], [55.50227580583321, -20.894434008057715], [55.50216147357663, -20.894234270382682], [55.502094555691066, -20.89409998897422], [55.50201259057363, -20.893932151926467], [55.50194594188365, -20.89377077250048], [55.50188681248632, -20.8936266225009], [55.50137701407754, -20.893562532636277], [55.500646820921865, -20.893815388447393], [55.49976337609353, -20.894399326313682], [55.49952135867684, -20.89582719435861], [55.499495029962574, -20.896154876814336], [55.499476210584405, -20.896307376592144], [55.499421566371375, -20.896582416487142], [55.499386460226326, -20.896729353175296], [55.499253329154556, -20.89716359552094], [55.49837161694881, -20.899792707692818], [55.498354000282895, -20.899824169871387], [55.49832817305663, -20.899811296108677], [55.49646286614249, -20.897918652199092], [55.496468788137875, -20.897806689873576], [55.49646915884016, -20.897672998492745], [55.49646558570228, -20.89754920917585], [55.49644861863401, -20.897418978620742], [55.49642571334936, -20.897305859319825], [55.49639038439399, -20.897185403970393], [55.49633387294452, -20.897068375606644], [55.49624395338403, -20.896927566369342], [55.49604748623928, -20.896674708391487], [55.4959781915286, -20.896586474379916], [55.49584117365045, -20.896445250456573], [55.49566781044297, -20.896285639672875], [55.495145755596205, -20.89581130576873], [55.494761798082536, -20.895466461283107], [55.49418437826565, -20.894953696720215], [55.49312099459995, -20.894012076020957], [55.492989505337526, -20.893895288992283], [55.492382490436604, -20.89336328776291], [55.49130531597848, -20.89255342292121], [55.49126810097193, -20.892525994203474], [55.49125292981273, -20.892505083445478], [55.49124249230773, -20.89249144119857], [55.49122077349648, -20.89245240582094], [55.49120580097554, -20.892411623309318], [55.49030313732286, -20.889243766400323], [55.49022113009112, -20.888985589940894], [55.49009532208348, -20.888589718746], [55.489848869419816, -20.8878585455938], [55.48970786556287, -20.88744447311209], [55.489401955548885, -20.88679588154434], [55.488991326636004, -20.886334258978035], [55.488986071941376, -20.885898802179923], [55.48927946129044, -20.88587700465548], [55.489589298256654, -20.885844511832545], [55.48994156946551, -20.885797939774466], [55.490318866057365, -20.885747974588984], [55.49052205315349, -20.885710924929455], [55.49081674627373, -20.885654809263094], [55.49119352345352, -20.885560573781305], [55.49155885687849, -20.885457203060287], [55.49199956391287, -20.885313845955878], [55.49307426498824, -20.884922237470875], [55.49418261830089, -20.88452911160991], [55.494858771365216, -20.88429387256962], [55.496826784244675, -20.883672521617456], [55.498665157352626, -20.88313401990717], [55.50039563138807, -20.882618941774595], [55.50053556722415, -20.882562354876832], [55.500891277071275, -20.882458879062618], [55.50103192269471, -20.882427591625465], [55.50197104675066, -20.882327420143923], [55.502073975672914, -20.882319288384537]]]}";9741107;97411;974;4;974110709;Zone Industrielle du Chaudron;Saint-Denis;LA REUNION;Zone Industrielle du Chaudron;LA REUNION;;4;;;;;;Iris d'activité;24040;33.578210796;16.789105398;;27.579313778;;13.789656889;33.578210796;16;16.789105398;112.021905831;;112.021905831;101.053958010;;101.053958010;112.021905831;112;112.021905831;25.084876535;0;27.585287136;2.500410600;0;0;0;33.578210796;27.579313778;33.578210796;10.231356826;11.375979094;10.231356826;59.596912727;55.830997584;59.596912727;28.445186088;27.635204464;28.445186088;112.021905831;101.053958010;112.021905831;59.596912727;;59.596912727;55.830997584;;55.830997584;59.596912727;59;59.596912727;38.676542914;;19.338271457;39.011183558;;19.505591779;38.676542914;19;19.338271457;;;;145.600116627;;48.533372209;128.633271788;;42.877757263;145.600116627;48;48.533372209;98.273455641;;32.757818547;94.842181142;;31.614060381;98.273455641;32;32.757818547;Polygon;15972.083333333;1;52.670163671;2.500410600;5.000004073;10.000416710;2.500410600;0;0.090642906;0.047472998;0.120844850;0.030214915;15972.083333333;15972.083333333;243.873572268;;223.475452930;;243.873572268;40;0.313710150;0.332772656;0.313710150;0.269945611;0.328662661;0.269945611;0.463995141;0.417309122;0.463995141;0.202770319;0.216447592;0.202770319;0.106221542;0.109334871;0.106221542;14258;15805.5;14258
Saint-Pierre;LA REUNION;CA Civis (Communauté Intercommunale des Villes Solidaires);LA REUNION;553.310373453;136.049301172;139.929230648;136.049301172;Non;974160805;97416;67;249740077;-21.3467917829, 55.4928534091;"{""type"": ""Polygon"", ""coordinates"": [[[55.48951943637698, -21.34699155247878], [55.4895974550036, -21.346999480404758], [55.4905504113755, -21.34706134114331], [55.49087572925317, -21.346929673159238], [55.491056196863624, -21.346725342967208], [55.491799241272, -21.345534245398948], [55.49273457748155, -21.34401787578903], [55.494097969428864, -21.343352630114747], [55.494220260661336, -21.343368179041352], [55.494879838623966, -21.343454483180654], [55.49559369952912, -21.343559788487507], [55.49609852036353, -21.343646960217193], [55.496212703341826, -21.343701276936226], [55.49652579095733, -21.344956953437787], [55.49626497687701, -21.346138842224292], [55.49498270735113, -21.34735629427774], [55.49361738692595, -21.34745199934441], [55.492337487162885, -21.34909445144091], [55.49164061571249, -21.35038894064688], [55.49172079562485, -21.35037430469336], [55.491681759055425, -21.35042002220718], [55.49143051481002, -21.35056771274758], [55.49109873606365, -21.35067041787079], [55.49010244234495, -21.350742308834104], [55.48955161089509, -21.35062670215499], [55.489087556101936, -21.35046445140729], [55.488990679029406, -21.35041480192298], [55.48897057120854, -21.350401071591474], [55.48940305687861, -21.349786204890904], [55.4896570131566, -21.34937387628021], [55.48987735527496, -21.34857192464717], [55.4895092678143, -21.34704294888046], [55.48951943637698, -21.34699155247878]]]}";9741608;97416;974;4;974160805;Chsr;Saint-Pierre;LA REUNION;Chsr;LA REUNION;;4;;;;;;Iris d'activité;17110;203.318254521;101.659127261;;211.458700962;;105.729350481;203.318254521;101;101.659127261;98.455448014;;98.455448014;102.783491975;;102.783491975;98.455448014;98;98.455448014;9.992719883;2.498179971;22.502339728;7.509599566;79.691396645;81.283540061;79.691396645;123.626857876;130.175160901;123.626857876;79.339760748;77.861744848;79.339760748;433.703137132;446.018793244;433.703137132;1.479206618;1.452652857;1.479206618;98.455448014;102.783491975;98.455448014;433.703137132;;433.703137132;446.018793244;;446.018793244;433.703137132;433;433.703137132;80.818967367;;40.409483683;79.314397705;;39.657198852;80.818967367;40;40.409483683;;;;301.773702535;;100.591234178;314.242192937;;104.747397646;301.773702535;100;100.591234178;514.522104499;;171.507368166;525.333190949;;175.111063650;514.522104499;171;171.507368166;Polygon;14037.777777778;1;481.581256026;177.285776472;6.216291385;486.592891104;0.869381222;0.25;0.333725277;0.368132634;0.879421233;0.001571236;14037.777777778;14037.777777778;816.295807034;;839.575383886;;816.295807034;136;0.313710150;0.307565344;0.313710150;0.269945611;0.256366326;0.269945611;0.463995141;0.472802960;0.463995141;0.202770319;0.197171340;0.202770319;0.106221542;0.108163218;0.106221542;14258;13657.619047619;14258
Saint-Pierre;LA REUNION;CA Civis (Communauté Intercommunale des Villes Solidaires);LA REUNION;113.095783078;86.009030523;87.360424460;86.009030523;Non;974160402;97416;67;249740077;-21.31818119, 55.475888131;"{""type"": ""Polygon"", ""coordinates"": [[[55.475067599360365, -21.321765706825165], [55.4751318628929, -21.32170396242072], [55.475207842864464, -21.321627871548053], [55.475248269142654, -21.321540618689294], [55.47513594946846, -21.32130835689352], [55.475088536579385, -21.321232050221678], [55.47500493288079, -21.321112960491067], [55.47487508864617, -21.32099074141224], [55.4744249884567, -21.320608178102706], [55.47374125707638, -21.31925882150117], [55.47354726162184, -21.317996468942972], [55.47580307656199, -21.31561010375094], [55.476414963944755, -21.314979729023637], [55.47697525098353, -21.314865569124805], [55.47801259318367, -21.31588484419334], [55.478119044049436, -21.316593087591826], [55.47721533380556, -21.31916019950145], [55.47720332890497, -21.319202545621543], [55.47714174179986, -21.32003301870321], [55.47606228186707, -21.32113067701469], [55.475339674814734, -21.32183772790978], [55.475283297036064, -21.321789342088795], [55.475238215963024, -21.321767254213455], [55.47515068442275, -21.321748394506223], [55.475067599360365, -21.321765706825165]]]}";9741604;97416;974;4;974160402;Zone Industrielle 2;Saint-Pierre;LA REUNION;Zone Industrielle 2;LA REUNION;;4;;;;;;Iris d'activité;17110;98.081718947;49.040859474;;100.041280075;;50.020640038;98.081718947;49;49.040859474;98.455448014;;98.455448014;102.783491975;;102.783491975;98.455448014;98;98.455448014;32.672115111;10.052958496;32.672115111;0;98.081718947;100.041280075;98.081718947;0;0;0;92.365499351;90.644827706;92.365499351;164.389608618;169.057700026;164.389608618;62.761908206;61.635246975;62.761908206;98.455448014;102.783491975;98.455448014;164.389608618;;164.389608618;169.057700026;;169.057700026;164.389608618;164;164.389608618;155.127407558;;77.563703779;152.280074681;;76.140037340;155.127407558;77;77.563703779;;;;196.537166961;;65.512388987;202.824772050;;67.608257350;196.537166961;65;65.512388987;319.517016175;;106.505672058;321.337774707;;107.112591569;319.517016175;106;106.505672058;Polygon;14037.777777778;1;87.963386838;37.698594359;0;37.698594359;7.539718872;0.307692308;0;0.428571429;0.333333333;0.066666667;14037.777777778;14037.777777778;516.054183137;;524.162546757;;516.054183137;86;0.313710150;0.307565344;0.313710150;0.269945611;0.256366326;0.269945611;0.463995141;0.472802960;0.463995141;0.202770319;0.197171340;0.202770319;0.106221542;0.108163218;0.106221542;14258;13657.619047619;14258
Saint-Pierre;LA REUNION;CA Civis (Communauté Intercommunale des Villes Solidaires);LA REUNION;82.723337705;88.608378022;89.599927241;88.608378022;Non;974160205;97416;67;249740077;-21.3209024274, 55.4536760585;"{""type"": ""Polygon"", ""coordinates"": [[[55.45882647391317, -21.333233899505434], [55.45878785872714, -21.33333110040871], [55.45873527561595, -21.333473337561987], [55.45848366093225, -21.33411778338481], [55.45784199448194, -21.33550657114592], [55.45699025142071, -21.336700123391417], [55.4570138890762, -21.336744601479932], [55.45713110372174, -21.33687575101183], [55.457099980897375, -21.336901660549177], [55.45677050214846, -21.33752280574937], [55.456626483641145, -21.338202560758273], [55.456627872979595, -21.338254060829424], [55.456469497250254, -21.33818666613448], [55.4561858920926, -21.338016952711044], [55.45484883330619, -21.335284417652428], [55.45457700958241, -21.332932471415777], [55.45422866692666, -21.33172147553152], [55.4535773031475, -21.330627574530848], [55.45057796479483, -21.32907610937701], [55.44966094754066, -21.328543748423485], [55.44951624245303, -21.328461118044164], [55.44939351895791, -21.3283967560256], [55.449273535608576, -21.328346871758946], [55.44906803462569, -21.32827000311303], [55.44892873421107, -21.328223553512103], [55.44878449063483, -21.328188800882423], [55.44864791138007, -21.328158635292127], [55.448566116768006, -21.328144331092876], [55.44709382963426, -21.328068860731634], [55.44560599746183, -21.328279574708418], [55.44554015291537, -21.328306967591065], [55.44510583582231, -21.328353534387638], [55.444759734356296, -21.328353945555655], [55.443656709429895, -21.32827598991304], [55.443295756620174, -21.32822206358713], [55.44059439009116, -21.32777338463091], [55.43963218849672, -21.327598251542586], [55.439569750923795, -21.327576896453586], [55.439601047060464, -21.327443501269244], [55.44017389439694, -21.325873945688393], [55.44067951126349, -21.324644301160095], [55.44078780376158, -21.32219560318433], [55.44130326138245, -21.320657483215157], [55.441944897739525, -21.3194296374947], [55.44269287017506, -21.318671553584068], [55.44331069033475, -21.317756759906782], [55.444538859149475, -21.315755573646115], [55.446391897078435, -21.31360575547892], [55.44840560024291, -21.31103823722127], [55.44971163800827, -21.310242873089013], [55.4511561469647, -21.30989654097158], [55.45285425637454, -21.310758549269096], [55.45459245286763, -21.311568518966535], [55.45466744491946, -21.311587273754483], [55.45475907776048, -21.311581792611868], [55.45589008168487, -21.311462106020784], [55.4575565883197, -21.310093558031408], [55.45777518823092, -21.30983722171875], [55.45897497609017, -21.307373203777754], [55.45898371655352, -21.307366960816374], [55.459037945661635, -21.307343068750452], [55.45911435235786, -21.30731847652021], [55.459202306196794, -21.307295796597902], [55.4592689614648, -21.30728195445878], [55.4595131316938, -21.30725347874486], [55.459601908007635, -21.30724435549216], [55.45967713413448, -21.307240527862078], [55.45984007855642, -21.307236600033374], [55.45990453301413, -21.307248932905374], [55.45996889332485, -21.30727029779397], [55.46132135211795, -21.30791136403632], [55.4613702256736, -21.307938909789858], [55.461454450866285, -21.307996587456074], [55.461511707421, -21.308052211853724], [55.46217446764343, -21.308741159909268], [55.462263099122445, -21.30883862228401], [55.462317351939504, -21.308905058465314], [55.4623267271331, -21.308930436310238], [55.46232898871495, -21.30899097747008], [55.46228129037095, -21.30940605520702], [55.46222134370808, -21.30979392219989], [55.46219681013661, -21.309928288222643], [55.46329591271088, -21.312039387779155], [55.46332273182093, -21.31205589204716], [55.463367751640405, -21.312083402087097], [55.463489288864444, -21.312168518480313], [55.46354949572621, -21.3122187494873], [55.466741106954125, -21.314081557362147], [55.46684231255659, -21.314175519051016], [55.46690708765053, -21.314250179466068], [55.46701459997212, -21.314386653264982], [55.467523272792064, -21.315252126347676], [55.46745586285802, -21.315431267127725], [55.46739381593205, -21.31555806582211], [55.46726880650199, -21.315714099271386], [55.46656452700385, -21.316558127740198], [55.46550133545124, -21.31724531849469], [55.46379626759876, -21.31833447484455], [55.46244269909435, -21.319178422314447], [55.46136739418733, -21.319775596688476], [55.46123623932459, -21.31987285502038], [55.46110871399846, -21.319991825403353], [55.46098016805246, -21.32011620607136], [55.46079879804614, -21.32031417278738], [55.460359969381145, -21.320888260043954], [55.46029617448635, -21.320996973824737], [55.46026269451387, -21.321064413901667], [55.4602439748512, -21.3211030838966], [55.46017671328638, -21.321266866498128], [55.460150784431065, -21.32134973161213], [55.46015934020473, -21.321453688195728], [55.460217405759096, -21.321848053944727], [55.460515615698974, -21.323156940553197], [55.46068965849239, -21.323846840291214], [55.46106591576759, -21.3248218429256], [55.46178941775922, -21.326733881880603], [55.461921682973, -21.32787188119813], [55.46204929167164, -21.32927179150135], [55.46205706374977, -21.329358578333004], [55.46203596350898, -21.329440584538315], [55.462006925456784, -21.329544197034373], [55.46187809036878, -21.32997298349007], [55.46185618599747, -21.330039626392818], [55.461330565565646, -21.331537887237587], [55.46129491043033, -21.331628792924583], [55.46125074885803, -21.33170336153163], [55.46120183320786, -21.331771563579025], [55.461145243233446, -21.331836082188893], [55.46108677232327, -21.3318960671129], [55.46098392929552, -21.331958355558264], [55.460829721131915, -21.33204636888695], [55.460528221894975, -21.332206199266274], [55.46038670542254, -21.33227897252021], [55.46029569375658, -21.332316076837834], [55.46022502027076, -21.332344334562446], [55.46013409337269, -21.332373309974326], [55.46005872239979, -21.332389781843947], [55.4599882091155, -21.33240268504035], [55.45990153413564, -21.332393761198382], [55.45984770110411, -21.332378815269642], [55.45883260704485, -21.333200534118273], [55.45882647391317, -21.333233899505434]]]}";9741602;97416;974;4;974160205;Zones Industrielles 1 et 3;Saint-Pierre;LA REUNION;Zones Industrielles 1 et 3;LA REUNION;;4;;;;;;Iris d'activité;17110;94.525828321;47.262914160;;97.435139146;;48.717569573;94.525828321;47;47.262914160;98.455448014;;98.455448014;102.783491975;;102.783491975;98.455448014;98;98.455448014;25.061635893;4.998937633;30.088115141;2.513239624;63.582812133;64.853124363;63.582812133;30.943016187;32.582014783;30.943016187;91.261365780;89.561262977;91.261365780;104.715614221;107.689172362;104.715614221;142.692011799;140.130496983;142.692011799;98.455448014;102.783491975;98.455448014;104.715614221;;104.715614221;107.689172362;;107.689172362;104.715614221;104;104.715614221;233.953377579;;116.976688790;229.691759960;;114.845879980;233.953377579;116;116.976688790;;;;192.981276334;;64.327092111;200.218631121;;66.739543707;192.981276334;64;64.327092111;338.668991800;;112.889663933;337.380932323;;112.460310774;338.668991800;112;112.889663933;Polygon;14037.777777778;1;65.188629991;27.604014709;0;17.564827021;12.538347773;0.199465735;0.083529314;0.423448302;0.212332185;0.151569655;14037.777777778;14037.777777778;531.650268135;;537.599563444;;531.650268135;88;0.313710150;0.307565344;0.313710150;0.269945611;0.256366326;0.269945611;0.463995141;0.472802960;0.463995141;0.202770319;0.197171340;0.202770319;0.106221542;0.108163218;0.106221542;14258;13657.619047619;14258
Bras-Panon;LA REUNION;CA Intercommunale de la Réunion Est (Cirest);LA REUNION;3432.141185170;96.591711572;101.374630346;96.591711572;Non;974020101;97402;69;249740093;-20.9995823619, 55.6734664857;"{""type"": ""Polygon"", ""coordinates"": [[[55.68331787020187, -20.998380960056693], [55.683204546183106, -20.998688138299503], [55.68292667712412, -20.999658032373464], [55.68281411781563, -21.000097110537393], [55.68299705683499, -21.001394885207954], [55.68372347349307, -21.001932598694694], [55.68303762769663, -21.002362725615953], [55.68205067690656, -21.002791421684336], [55.68112184974107, -21.003064276471438], [55.68011490696157, -21.002920963091015], [55.67771631571419, -21.003223950724564], [55.67632621202871, -21.00469379195812], [55.67463962823072, -21.005145005313118], [55.67265138464538, -21.005330061160958], [55.67085539001289, -21.004817498427446], [55.67017089275827, -21.00461057573632], [55.669056990435195, -21.004270327238363], [55.66860218176664, -21.004135779602205], [55.66779884146616, -21.003940955688154], [55.6657015151376, -21.003557484327413], [55.66239283690498, -21.002778997621828], [55.6618873221323, -21.002614222441913], [55.66090913938355, -21.002269568679495], [55.66080464980208, -21.00222809448898], [55.66071675518878, -21.00215964941612], [55.660652076337485, -21.002076932904505], [55.66060494634413, -21.001968156446758], [55.66057668450113, -21.001901083933934], [55.66062769176912, -21.001898775174087], [55.66066148881349, -21.001884587037605], [55.66074572610614, -21.00182382001672], [55.66080006246441, -21.00177185149676], [55.66137723035226, -21.001021165740045], [55.66140160912917, -21.00098431886833], [55.661418493769894, -21.00092482855192], [55.66149716589895, -21.000517119305886], [55.66156112662276, -21.000140912625717], [55.6616119294873, -20.999837776253905], [55.661901458107316, -20.998654365422105], [55.66232849555213, -20.997476551179947], [55.6629210507423, -20.99629145329867], [55.66296559624248, -20.996258378038466], [55.663010210742065, -20.996325578618524], [55.664951122372486, -20.99769517120812], [55.66627181268272, -20.998543669499483], [55.667818910237756, -20.999495301085993], [55.667883047083954, -20.99953103491015], [55.667947272134775, -20.999556832197317], [55.668011521254954, -20.99957991950283], [55.66807298077645, -20.999592144370922], [55.66812688910728, -20.999588049255163], [55.668162616879876, -20.99957297129237], [55.668203258495126, -20.999546187796565], [55.668687974246986, -20.999127196392873], [55.668929193762466, -20.997961009055594], [55.6723775534269, -20.99822100962115], [55.67252251103554, -20.997820134339847], [55.67259569013053, -20.99759485904225], [55.6726626227155, -20.997314428587675], [55.67281497108195, -20.996730223651127], [55.67312562691594, -20.995540178319477], [55.67327887732112, -20.994962303407604], [55.673499578665385, -20.9941536874209], [55.67363756764283, -20.99366964504205], [55.67491994941546, -20.992460963892743], [55.67661961132598, -20.992364872699707], [55.67965070591708, -20.9925871485427], [55.67994865555993, -20.99272586999415], [55.68067056327958, -20.99344243018217], [55.681305275506034, -20.995763629730785], [55.68169819170182, -20.99692532243197], [55.682568196473426, -20.998001609792418], [55.683200067675244, -20.998321328748446], [55.68331787020187, -20.998380960056693]]]}";9740201;97402;974;4;974020101;Centre Ville;Bras-Panon;LA REUNION;Centre Ville;LA REUNION;;4;;;;;;Iris d'habitat;2190;195.210165231;97.605082616;;207.415253019;;103.707626510;195.210165231;97;97.605082616;101.903025202;;101.903025202;113.278957259;;113.278957259;101.903025202;101;101.903025202;933.870710708;280.919054444;1303.218596521;349.412278245;95.888356005;91.378040580;95.888356005;99.321809226;116.037212439;99.321809226;86.799713982;81.122330462;86.799713982;100.879265075;98.606622616;100.879265075;94.758099944;107.824618719;94.758099944;101.903025202;113.278957259;101.903025202;100.879265075;;100.879265075;98.606622616;;98.606622616;100.879265075;100;100.879265075;181.557813926;;90.778906963;188.946949181;;94.473474591;181.557813926;90;90.778906963;14126;;;297.113190434;;99.037730145;320.694210278;;106.898070093;297.113190434;99;99.037730145;282.437079001;;94.145693000;287.553571798;;95.851190599;282.437079001;94;94.145693000;Polygon;14529.333333333;1;2248.743406876;905.673435153;50.804169791;702.055487375;345.457073927;0.300811506;0.268114865;0.402746455;0.204553207;0.100653515;14529.333333333;14126;579.550269434;;608.247782076;;579.550269434;96;0.313710150;0.329194524;0.313710150;0.269945611;0.231059381;0.269945611;0.463995141;0.496468053;0.463995141;0.202770319;0.207443681;0.202770319;0.106221542;0.093349289;0.106221542;14258;12826.153846154;14258
Bras-Panon;LA REUNION;CA Intercommunale de la Réunion Est (Cirest);LA REUNION;3105.670342130;87.594996431;91.855706622;87.594996431;Non;974020102;97402;69;249740093;-21.0075539472, 55.6731634141;"{""type"": ""Polygon"", ""coordinates"": [[[55.65129506477804, -21.010051232310918], [55.651412858337316, -21.010004286974542], [55.651517419374684, -21.009931038764126], [55.65333541830776, -21.008356396040437], [55.65334312702533, -21.007284960453102], [55.653213627360614, -21.006169258929727], [55.65310499253859, -21.006053670242917], [55.65297644846347, -21.005905402321883], [55.652890247390545, -21.005755662732806], [55.652662177886796, -21.005013087802585], [55.65261043921898, -21.004560989468633], [55.652555702735434, -21.003799912264295], [55.65257610154353, -21.003670890769783], [55.6526351324859, -21.003525010927127], [55.65332550969679, -21.00206338919639], [55.65340416458462, -21.001981804093667], [55.653570988177755, -21.00183045293742], [55.65448789653881, -21.001066670173365], [55.656749602241995, -21.000418291362543], [55.6579517191989, -21.000558183305742], [55.65990637221158, -21.000800008057784], [55.65997926174318, -21.00082497314607], [55.66004131193881, -21.000878761033583], [55.660420554362936, -21.001393962478964], [55.66050777125445, -21.00153828626793], [55.66055850700091, -21.00167419252197], [55.660591742431336, -21.001830738791096], [55.66057668450113, -21.001901083933934], [55.66060494634413, -21.001968156446758], [55.660652076337485, -21.002076932904505], [55.66071675518878, -21.00215964941612], [55.66080464980208, -21.00222809448898], [55.66090913938355, -21.002269568679495], [55.6618873221323, -21.002614222441913], [55.66239283690498, -21.002778997621828], [55.6657015151376, -21.003557484327413], [55.66779884146616, -21.003940955688154], [55.66860218176664, -21.004135779602205], [55.669056990435195, -21.004270327238363], [55.67017089275827, -21.00461057573632], [55.67085539001289, -21.004817498427446], [55.67265138464538, -21.005330061160958], [55.67463962823072, -21.005145005313118], [55.67632621202871, -21.00469379195812], [55.67771631571419, -21.003223950724564], [55.68011490696157, -21.002920963091015], [55.68112184974107, -21.003064276471438], [55.68205067690656, -21.002791421684336], [55.68303762769663, -21.002362725615953], [55.68372347349307, -21.001932598694694], [55.68299705683499, -21.001394885207954], [55.68281411781563, -21.000097110537393], [55.68292667712412, -20.999658032373464], [55.683204546183106, -20.998688138299503], [55.68331787020187, -20.998380960056693], [55.683779556989684, -20.998608570239785], [55.68447296475772, -20.998959927308753], [55.68771245618628, -21.000615997209632], [55.68927939076753, -21.00157346545355], [55.69092972960811, -21.001518863357227], [55.69288637874767, -21.000646320627478], [55.69347892885143, -21.00021001590638], [55.6937943873001, -20.99944545943554], [55.69383770310519, -20.999331964757356], [55.69386539985743, -20.999244548512017], [55.69389920617235, -20.999118333396137], [55.69392037360576, -20.99900737891763], [55.69395195414881, -20.998805262001664], [55.694044251046094, -20.998203409361103], [55.69528880300429, -20.997736865889106], [55.69727683482112, -20.997784612572243], [55.698496378135985, -20.997815621907733], [55.7003295271194, -20.99786395561263], [55.70069123018998, -20.99786490983134], [55.70072595530314, -20.99840991977218], [55.70072901509645, -20.999112329759836], [55.70072923957345, -20.99975328746033], [55.70070767946696, -21.000521456966617], [55.70070246017538, -21.001124430590675], [55.700723813527, -21.002991902443082], [55.700784442074614, -21.00387859153721], [55.70086646104354, -21.00451701141524], [55.700899794360375, -21.00477834574232], [55.700909343947714, -21.004897666195024], [55.70048284272633, -21.004934159329036], [55.69951100834743, -21.00495383773619], [55.69622252950459, -21.006252142989233], [55.69369286610427, -21.005804538219284], [55.69259002284815, -21.006217477951974], [55.691552654703315, -21.006868549008566], [55.691487081861496, -21.007327417551267], [55.69140040067386, -21.007890013300845], [55.69129411791441, -21.008162922443933], [55.69122695219218, -21.008252744655863], [55.691141547820834, -21.00833790961691], [55.6910361226303, -21.00840214261322], [55.69079813067047, -21.008443674380096], [55.687827842971224, -21.008929403102123], [55.68696366368717, -21.009067278912887], [55.6855442172261, -21.009003020366613], [55.68552120835848, -21.008993808770096], [55.68522860570863, -21.008899402869723], [55.68481389295725, -21.008796825668586], [55.68407050240936, -21.008654667260608], [55.6838724894119, -21.00863506816509], [55.683565644005384, -21.008629081104118], [55.68204946152863, -21.00884499802347], [55.68176683425991, -21.008929533775017], [55.68139932058446, -21.009039609442915], [55.678273548709605, -21.010134651981158], [55.67818947229302, -21.010177361310124], [55.678101492096076, -21.010226363955187], [55.677971906810626, -21.010302144822106], [55.67790993247552, -21.010347735876735], [55.67782948096602, -21.010415767928727], [55.67530916099458, -21.01288679236448], [55.674371738558996, -21.014450473317066], [55.67464658588128, -21.015356900569316], [55.67490734077653, -21.016225275604032], [55.67495177107232, -21.016423462434485], [55.674945556255466, -21.016582409332752], [55.674873970802786, -21.016953141881082], [55.67481664383111, -21.017234550596086], [55.67470257158985, -21.017513710421092], [55.6745910297353, -21.0177242328104], [55.67423546101874, -21.018112626424145], [55.67407203525379, -21.01820620774438], [55.67390805460619, -21.018253712091518], [55.673181223103185, -21.01813918680172], [55.67215757441644, -21.017970849003092], [55.67139819322747, -21.017892649066223], [55.671045216312024, -21.0178790512161], [55.67083229069528, -21.017912619461576], [55.66162035506939, -21.016150168356862], [55.656327930912035, -21.015171645927833], [55.655531238435536, -21.014858203326657], [55.653416443521444, -21.01294167596653], [55.65165830834503, -21.0111679744465], [55.65129506477804, -21.010051232310918]]]}";9740201;97402;974;4;974020102;La Riviere des Roches;Bras-Panon;LA REUNION;La Riviere des Roches;LA REUNION;;4;;;;;;Iris d'habitat;2190;163.070860504;81.535430252;;171.664692280;;85.832346140;163.070860504;81;81.535430252;101.903025202;;101.903025202;113.278957259;;113.278957259;101.903025202;101;101.903025202;895.575065202;245.944909720;1134.776523586;231.371678671;87.540147620;83.422508164;87.540147620;75.530712883;88.242184117;75.530712883;86.187404925;80.550071230;86.187404925;79.901752051;78.101698155;79.901752051;94.506935902;107.538820807;94.506935902;101.903025202;113.278957259;101.903025202;79.901752051;;79.901752051;78.101698155;;78.101698155;79.901752051;79;79.901752051;180.694340827;;90.347170413;188.088892037;;94.044446019;180.694340827;90;90.347170413;13326;;;264.973885706;;88.324628569;284.943649539;;94.981216513;264.973885706;88;88.324628569;260.596092878;;86.865364293;266.190590192;;88.730196731;260.596092878;86;86.865364293;Polygon;14529.333333333;1;2148.285059374;859.110732940;32.743479441;503.171507649;311.768073282;0.274622328;0.203891845;0.399905371;0.162017037;0.100386725;14529.333333333;13326;525.569978584;;551.134239731;;525.569978584;87;0.313710150;0.329194524;0.313710150;0.269945611;0.231059381;0.269945611;0.463995141;0.496468053;0.463995141;0.202770319;0.207443681;0.202770319;0.106221542;0.093349289;0.106221542;14258;12826.153846154;14258
Bras-Panon;LA REUNION;CA Intercommunale de la Réunion Est (Cirest);LA REUNION;4429.840322069;104.825878702;109.164498731;104.825878702;Non;974020104;97402;69;249740093;-20.9887791084, 55.6740693899;"{""type"": ""Polygon"", ""coordinates"": [[[55.66458390163156, -20.9836797379233], [55.66520849601047, -20.98385988999627], [55.66568533883649, -20.983997326827943], [55.66716865373578, -20.984423593358013], [55.669610062531575, -20.984901147801217], [55.67198039312701, -20.98515136413586], [55.67274440338197, -20.985231397088942], [55.673247103267464, -20.98505644347715], [55.67554156431315, -20.984257640389952], [55.67765461334095, -20.98352153737125], [55.67896680561674, -20.9829562618705], [55.68085873415561, -20.982093734920692], [55.68218809703414, -20.981542117172584], [55.68371921489042, -20.98090712913142], [55.683977939861535, -20.98079981808122], [55.68422894620446, -20.980695157167954], [55.68467205772918, -20.980511577673894], [55.68505097689953, -20.980408806480977], [55.68624654447477, -20.980084680233976], [55.68736075475357, -20.979824059144224], [55.68870366034269, -20.979699796149582], [55.689574732976766, -20.979744441212592], [55.69022778102873, -20.97989039274235], [55.692598879092984, -20.979855305616166], [55.6948786926222, -20.979505106379467], [55.695891941105124, -20.97934935192489], [55.69673952868787, -20.979218522493802], [55.69828829334395, -20.97898012373561], [55.700000788553744, -20.978716761718953], [55.700488145007824, -20.97864188467682], [55.70048812157354, -20.97864459467745], [55.70051385339436, -20.979228382898416], [55.70058601037104, -20.979782713233146], [55.70063991679982, -20.98077911518544], [55.70063163843948, -20.98151396217798], [55.700619904937334, -20.982425847737613], [55.70057188575215, -20.98319562373781], [55.70054859231653, -20.983442072239015], [55.70046963019265, -20.983841221065088], [55.70017259837456, -20.98712572186145], [55.700341296399884, -20.98994672188021], [55.70041021279394, -20.991209286330214], [55.70043491835226, -20.991578058747702], [55.70061189853598, -20.994192921627874], [55.70062936329136, -20.99578754094918], [55.700682830461055, -20.997723916686358], [55.70069123018998, -20.99786490983134], [55.7003295271194, -20.99786395561263], [55.698496378135985, -20.997815621907733], [55.69727683482112, -20.997784612572243], [55.69528880300429, -20.997736865889106], [55.694044251046094, -20.998203409361103], [55.69395195414881, -20.998805262001664], [55.69392037360576, -20.99900737891763], [55.69389920617235, -20.999118333396137], [55.69386539985743, -20.999244548512017], [55.69383770310519, -20.999331964757356], [55.6937943873001, -20.99944545943554], [55.69347892885143, -21.00021001590638], [55.69288637874767, -21.000646320627478], [55.69092972960811, -21.001518863357227], [55.68927939076753, -21.00157346545355], [55.68771245618628, -21.000615997209632], [55.68447296475772, -20.998959927308753], [55.683779556989684, -20.998608570239785], [55.68331787020187, -20.998380960056693], [55.683200067675244, -20.998321328748446], [55.682568196473426, -20.998001609792418], [55.68169819170182, -20.99692532243197], [55.681305275506034, -20.995763629730785], [55.68067056327958, -20.99344243018217], [55.67994865555993, -20.99272586999415], [55.67965070591708, -20.9925871485427], [55.67661961132598, -20.992364872699707], [55.67491994941546, -20.992460963892743], [55.67363756764283, -20.99366964504205], [55.673499578665385, -20.9941536874209], [55.67327887732112, -20.994962303407604], [55.67312562691594, -20.995540178319477], [55.67281497108195, -20.996730223651127], [55.6726626227155, -20.997314428587675], [55.67259569013053, -20.99759485904225], [55.67252251103554, -20.997820134339847], [55.6723775534269, -20.99822100962115], [55.668929193762466, -20.997961009055594], [55.668687974246986, -20.999127196392873], [55.668203258495126, -20.999546187796565], [55.668162616879876, -20.99957297129237], [55.66812688910728, -20.999588049255163], [55.66807298077645, -20.999592144370922], [55.668011521254954, -20.99957991950283], [55.667947272134775, -20.999556832197317], [55.667883047083954, -20.99953103491015], [55.667818910237756, -20.999495301085993], [55.66627181268272, -20.998543669499483], [55.664951122372486, -20.99769517120812], [55.663010210742065, -20.996325578618524], [55.66296559624248, -20.996258378038466], [55.66293225118076, -20.996221980914235], [55.66290451669758, -20.99620369547175], [55.662827998382014, -20.996154311912484], [55.66267396781289, -20.99605915041371], [55.662581137446075, -20.9960051217103], [55.662485324860015, -20.995961910102906], [55.662270453124314, -20.99589337169665], [55.66214463646586, -20.995870701909276], [55.66202550489956, -20.99585350485364], [55.66190815226963, -20.995852582554026], [55.66166933368759, -20.99588051694565], [55.66154600024237, -20.995903035281447], [55.661442802386794, -20.995932938885915], [55.660779237775365, -20.996126464166196], [55.66052356654505, -20.99621027394164], [55.66018972247218, -20.996322376305717], [55.65700348628429, -20.996449039206006], [55.65477681217594, -20.995556536890604], [55.65289145307187, -20.995009087910347], [55.65057581438783, -20.993638393401966], [55.650462137192044, -20.993549864755074], [55.64939241863708, -20.992108625564708], [55.64881826207142, -20.99129283723017], [55.64822942217852, -20.990452539416104], [55.64555903570493, -20.988751942346543], [55.64447765994068, -20.98674597193832], [55.643683151214695, -20.984185799947948], [55.64330007813398, -20.9826677858585], [55.6437584980658, -20.981060263094484], [55.642013720056674, -20.979563469590552], [55.640206612327965, -20.978368341585135], [55.640198967080124, -20.978362860303278], [55.64051860945737, -20.978222677773505], [55.640578648718346, -20.978177988025827], [55.64071228199422, -20.978078779465104], [55.640805836535094, -20.978050617816], [55.64106798918907, -20.977992182829038], [55.6416546874215, -20.97788935974196], [55.64266874314511, -20.977753804806706], [55.64299207363677, -20.977737409554457], [55.64414546400911, -20.97772310472018], [55.64497078043274, -20.977717926957972], [55.645289171661034, -20.97771594209299], [55.64560774317738, -20.977800682373605], [55.64576689477358, -20.977857956970936], [55.64732947576948, -20.97811970306109], [55.649001792884825, -20.978265769394962], [55.650807425281975, -20.97834783195159], [55.65152398755558, -20.978350343370778], [55.652525053878065, -20.978375879991443], [55.653873589624006, -20.978482299008657], [55.65400988906425, -20.978514090853984], [55.6542258555927, -20.978564579544503], [55.6552726339519, -20.97885650683267], [55.65609917363561, -20.97925328958807], [55.6564391508837, -20.97952698551787], [55.65830557188072, -20.980990719116544], [55.66030578709261, -20.98244825895966], [55.660982179919, -20.982643287593135], [55.66166529132056, -20.982840173167457], [55.66299506701014, -20.98322280965284], [55.66458390163156, -20.9836797379233]]]}";9740201;97402;974;4;974020104;Les Bas de la Riviere du Mat;Bras-Panon;LA REUNION;Les Bas de la Riviere du Mat;LA REUNION;;4;;;;;;Iris d'habitat;2190;247.389168723;123.694584362;;261.126767549;;130.563383775;247.389168723;123;123.694584362;101.903025202;;101.903025202;113.278957259;;113.278957259;101.903025202;101;101.903025202;1162.026429387;472.269831246;1755.837797687;558.523317929;129.552449044;123.458670471;129.552449044;117.836719679;137.668097079;117.836719679;92.044997018;86.024530761;92.044997018;118.017926396;115.359178335;118.017926396;69.600154875;79.197558484;69.600154875;101.903025202;113.278957259;101.903025202;118.017926396;;118.017926396;115.359178335;;115.359178335;118.017926396;118;118.017926396;161.645151892;;80.822575946;165.222089245;;82.611044622;161.645151892;80;80.822575946;9864;;;349.292193926;;116.430731309;374.405724808;;124.801908269;349.292193926;116;116.430731309;279.663078288;;93.221026096;280.581267580;;93.527089193;279.663078288;93;93.221026096;Polygon;14529.333333333;1;2941.105336521;1256.099953047;52.697048061;1060.084380174;327.499679659;0.406419182;0.318095053;0.427084313;0.239305325;0.073930358;14529.333333333;9864;628.955272214;;654.986992388;;628.955272214;104;0.313710150;0.329194524;0.313710150;0.269945611;0.231059381;0.269945611;0.463995141;0.496468053;0.463995141;0.202770319;0.207443681;0.202770319;0.106221542;0.093349289;0.106221542;14258;12826.153846154;14258
Bras-Panon;LA REUNION;CA Intercommunale de la Réunion Est (Cirest);LA REUNION;1729.194887804;94.305061218;98.748433075;94.305061218;Non;974020103;97402;69;249740093;-20.9975710313, 55.6351696563;"{""type"": ""Polygon"", ""coordinates"": [[[55.65129506477804, -21.010051232310918], [55.65128927657586, -21.010052993185067], [55.65113698110781, -21.01008521090716], [55.650214979869304, -21.010230570095008], [55.64889547750174, -21.010546293774535], [55.64714992571861, -21.01128892374411], [55.64547109140968, -21.011930965416735], [55.645083981957214, -21.012076939977465], [55.6420453575292, -21.013183738929175], [55.641363814805366, -21.01290818907362], [55.64018820412826, -21.010168885602873], [55.64011522419335, -21.00901920321899], [55.640241265764395, -21.00779154771757], [55.64052859693893, -21.007030492531136], [55.64004726544216, -21.005631837522756], [55.63927320931324, -21.004953540230222], [55.63727479354833, -21.003502090345837], [55.635899916972726, -21.0033869628754], [55.63431328014578, -21.003337878289212], [55.63347092566513, -21.003402935221274], [55.63275720288237, -21.00360407543984], [55.63226852183965, -21.004023830442186], [55.632027813868994, -21.004573856018688], [55.63168048517923, -21.00526394989856], [55.630659578988926, -21.0061816941476], [55.629477867762226, -21.0065872804284], [55.6271313988794, -21.007804177320278], [55.6251998320849, -21.009461171603927], [55.6242679237913, -21.01026576842325], [55.623857400281025, -21.010655414186342], [55.623459282625625, -21.011370371917458], [55.623149456757396, -21.01189904572153], [55.62250510141432, -21.012921863233615], [55.621861457507165, -21.012819087049085], [55.620437376279526, -21.012214936585853], [55.61965265893878, -21.010900479570356], [55.61891583390839, -21.009493014796522], [55.618465877665145, -21.008269291688165], [55.617750334039265, -21.007097233608032], [55.61614503376555, -21.00476614693656], [55.61524018537953, -21.003470585610092], [55.61279816878718, -20.99997906174475], [55.61211623503176, -21.000278840889138], [55.61139506341885, -21.000868277633945], [55.61083662659232, -21.001440068552693], [55.60916130041293, -20.998793979694476], [55.60929095712348, -20.998712832704356], [55.60984766553689, -20.998431012873986], [55.61082318204578, -20.99790328018151], [55.61107667891668, -20.997745452762842], [55.611396135741025, -20.99752854078747], [55.61152786438439, -20.997431148272803], [55.611770309813046, -20.99721993096704], [55.61272440059275, -20.995469756210074], [55.61319859976551, -20.99432905310528], [55.613336346580745, -20.99389204181738], [55.61405441947602, -20.992070375514587], [55.614295097114585, -20.991632394154895], [55.61445290206065, -20.991418676705074], [55.61471076114892, -20.99109917565312], [55.61504287358826, -20.990759500620626], [55.615206335034785, -20.990662362880222], [55.615760021673985, -20.990495224734413], [55.61947752700449, -20.99095089096673], [55.622739956665015, -20.991260967671263], [55.62430161220215, -20.99116067024878], [55.62473193827745, -20.990072874103276], [55.62513746702387, -20.989381456252964], [55.6253297158224, -20.989186073328426], [55.62578003075616, -20.988750669302703], [55.626212005387735, -20.988427134082688], [55.62721347174406, -20.987678184209912], [55.627575015917046, -20.98748235631205], [55.627712290344256, -20.987407579242465], [55.630536457173626, -20.985694199150775], [55.63317628421052, -20.98388138589315], [55.63513450603519, -20.9823134727917], [55.63632194058026, -20.981413284358897], [55.63700906302743, -20.980845140260076], [55.63746490190497, -20.980430523992045], [55.638140420971645, -20.979762007318985], [55.64012074361036, -20.97839746761591], [55.640198967080124, -20.978362860303278], [55.640206612327965, -20.978368341585135], [55.642013720056674, -20.979563469590552], [55.6437584980658, -20.981060263094484], [55.64330007813398, -20.9826677858585], [55.643683151214695, -20.984185799947948], [55.64447765994068, -20.98674597193832], [55.64555903570493, -20.988751942346543], [55.64822942217852, -20.990452539416104], [55.64881826207142, -20.99129283723017], [55.64939241863708, -20.992108625564708], [55.650462137192044, -20.993549864755074], [55.65057581438783, -20.993638393401966], [55.65289145307187, -20.995009087910347], [55.65477681217594, -20.995556536890604], [55.65700348628429, -20.996449039206006], [55.66018972247218, -20.996322376305717], [55.66052356654505, -20.99621027394164], [55.660779237775365, -20.996126464166196], [55.661442802386794, -20.995932938885915], [55.66154600024237, -20.995903035281447], [55.66166933368759, -20.99588051694565], [55.66190815226963, -20.995852582554026], [55.66202550489956, -20.99585350485364], [55.66214463646586, -20.995870701909276], [55.662270453124314, -20.99589337169665], [55.662485324860015, -20.995961910102906], [55.662581137446075, -20.9960051217103], [55.66267396781289, -20.99605915041371], [55.662827998382014, -20.996154311912484], [55.66290451669758, -20.99620369547175], [55.66293225118076, -20.996221980914235], [55.66296559624248, -20.996258378038466], [55.6629210507423, -20.99629145329867], [55.66232849555213, -20.997476551179947], [55.661901458107316, -20.998654365422105], [55.6616119294873, -20.999837776253905], [55.66156112662276, -21.000140912625717], [55.66149716589895, -21.000517119305886], [55.661418493769894, -21.00092482855192], [55.66140160912917, -21.00098431886833], [55.66137723035226, -21.001021165740045], [55.66080006246441, -21.00177185149676], [55.66074572610614, -21.00182382001672], [55.66066148881349, -21.001884587037605], [55.66062769176912, -21.001898775174087], [55.66057668450113, -21.001901083933934], [55.660591742431336, -21.001830738791096], [55.66055850700091, -21.00167419252197], [55.66050777125445, -21.00153828626793], [55.660420554362936, -21.001393962478964], [55.66004131193881, -21.000878761033583], [55.65997926174318, -21.00082497314607], [55.65990637221158, -21.000800008057784], [55.6579517191989, -21.000558183305742], [55.656749602241995, -21.000418291362543], [55.65448789653881, -21.001066670173365], [55.653570988177755, -21.00183045293742], [55.65340416458462, -21.001981804093667], [55.65332550969679, -21.00206338919639], [55.6526351324859, -21.003525010927127], [55.65257610154353, -21.003670890769783], [55.652555702735434, -21.003799912264295], [55.65261043921898, -21.004560989468633], [55.652662177886796, -21.005013087802585], [55.652890247390545, -21.005755662732806], [55.65297644846347, -21.005905402321883], [55.65310499253859, -21.006053670242917], [55.653213627360614, -21.006169258929727], [55.65334312702533, -21.007284960453102], [55.65333541830776, -21.008356396040437], [55.651517419374684, -21.009931038764126], [55.651412858337316, -21.010004286974542], [55.65129506477804, -21.010051232310918]]]}";9740201;97402;974;4;974020103;Les Hauts de la Riviere du Mat;Bras-Panon;LA REUNION;Les Hauts de la Riviere du Mat;LA REUNION;;4;;;;;;Iris d'habitat;2190;155.261211654;77.630605827;;164.146780630;;82.073390315;155.261211654;77;77.630605827;101.903025202;;101.903025202;113.278957259;;113.278957259;101.903025202;101;101.903025202;504.310486641;126.694973508;623.086978526;126.451779643;80.081613642;76.314802401;80.081613642;75.179598012;87.831978229;75.179598012;107.232350442;100.218511902;107.232350442;89.537881061;87.520741166;89.537881061;111.895898949;127.325607495;111.895898949;101.903025202;113.278957259;101.903025202;89.537881061;;89.537881061;87.520741166;;87.520741166;89.537881061;89;89.537881061;219.128249391;;109.564124695;227.544119396;;113.772059698;219.128249391;109;109.564124695;11296;;;257.164236856;;85.721412285;277.425737889;;92.475245963;257.164236856;85;85.721412285;308.666130452;;102.888710151;315.064860563;;105.021620188;308.666130452;102;102.888710151;Polygon;14529.333333333;1;1239.694634972;616.813654782;10.223377101;313.946133817;205.527866566;0.251224150;0.202944025;0.497552895;0.181556247;0.118857549;14529.333333333;11296;565.830367308;;592.490598452;;565.830367308;94;0.313710150;0.329194524;0.313710150;0.269945611;0.231059381;0.269945611;0.463995141;0.496468053;0.463995141;0.202770319;0.207443681;0.202770319;0.106221542;0.093349289;0.106221542;14258;12826.153846154;14258
Cilaos;LA REUNION;CA Civis (Communauté Intercommunale des Villes Solidaires);LA REUNION;681.268513423;107.467122366;109.263109902;107.467122366;Non;974240103;97424;69;249740077;-21.133677766, 55.4888533852;"{""type"": ""Polygon"", ""coordinates"": [[[55.495227326341116, -21.111401085241937], [55.49527249472346, -21.111408712828222], [55.495550784270414, -21.111591847472422], [55.495721003797556, -21.111704466825476], [55.49727908726225, -21.112898929561833], [55.497403232604675, -21.11299849231073], [55.498295846890656, -21.113742611020673], [55.499430174953346, -21.11489852227388], [55.49974707797355, -21.115227878914546], [55.50119735930952, -21.117002190233528], [55.50201700214735, -21.118190308772895], [55.502901710381835, -21.119843752568844], [55.50361204924547, -21.1212023012594], [55.50408081874891, -21.122170285932153], [55.50416313406637, -21.12250614534274], [55.50420767959973, -21.122864254299614], [55.504839561453245, -21.12590499538805], [55.50554205605757, -21.126705666650732], [55.50575696728192, -21.127242528809077], [55.506088053014466, -21.12813637746492], [55.50678439494267, -21.130706598606803], [55.50708929325343, -21.132179443692326], [55.50711590049952, -21.132310659977435], [55.50713486029299, -21.132436388910754], [55.5073442105471, -21.13383657713649], [55.507343534275265, -21.134505029577063], [55.507321166470525, -21.13522432845214], [55.50727409996232, -21.138049052784066], [55.507295003904424, -21.138172992160616], [55.50730221212116, -21.13831849051146], [55.50730435321943, -21.138489237195326], [55.50725890653646, -21.13879686921331], [55.50719801921171, -21.139107978343514], [55.50714363752631, -21.139250223655257], [55.50707785637817, -21.139377011955506], [55.50691736202241, -21.139539097836035], [55.50670668574456, -21.13971248411076], [55.50660188312038, -21.139793761934666], [55.50648629981961, -21.13989391433218], [55.50638113480498, -21.140011321659934], [55.50631457095998, -21.1401200362726], [55.506287390063335, -21.140238131543295], [55.506288047997955, -21.140364602320723], [55.505810913464124, -21.14233685820684], [55.50478991840131, -21.14371534363815], [55.50401705633027, -21.144737396853095], [55.502878391923986, -21.14603623985882], [55.50268331575621, -21.146284733801146], [55.50198326724109, -21.147914902318593], [55.50178601784459, -21.14924058366696], [55.50159438531683, -21.150139157272122], [55.50128398407679, -21.151476820651908], [55.50116643552737, -21.152057968350928], [55.501002039312276, -21.153418716288876], [55.50108549059457, -21.15426405813647], [55.50136492159523, -21.15513146049373], [55.50156048828436, -21.155672925204875], [55.50171485495308, -21.15655276922971], [55.501756132947385, -21.15833583311013], [55.50101004398472, -21.159740126546314], [55.4995191488948, -21.162348415739345], [55.499440986877815, -21.162459733689325], [55.49920652836876, -21.16240887454756], [55.49757526294588, -21.162022227231475], [55.49722174286964, -21.161936885173144], [55.496730965547485, -21.161806963501864], [55.49544076056394, -21.161310412270446], [55.49526253737971, -21.16122210870813], [55.49509490632413, -21.161133899197758], [55.49484998384616, -21.16097544653257], [55.49376300314321, -21.160143754539636], [55.4929421356397, -21.15947070046105], [55.49140914975662, -21.159013548328016], [55.490542442734146, -21.159751464791896], [55.489271464265656, -21.162013760732115], [55.48772511663625, -21.16516741107047], [55.487274245974724, -21.16722202904151], [55.48722618178791, -21.167213469308656], [55.487157987772314, -21.167195696371216], [55.48690832235007, -21.167124811118953], [55.48666742465166, -21.167044067525932], [55.48625331112981, -21.16685608577215], [55.48603194863002, -21.166748416787293], [55.4858876210437, -21.16664143720317], [55.485752244980965, -21.166506534969766], [55.4848328871683, -21.165434199571568], [55.48452987566328, -21.163982572202617], [55.484569651572166, -21.163579750124093], [55.48449116097867, -21.163245122574768], [55.48418285494141, -21.162975882898955], [55.48298925880383, -21.16235815688698], [55.48089963937311, -21.161502034294575], [55.47901218462448, -21.16084281995742], [55.477928957241794, -21.160924762964704], [55.47633584828472, -21.16086390076175], [55.47612416956301, -21.160846637760063], [55.47592124940217, -21.16082042030807], [55.47574818816477, -21.160793568352897], [55.47391962630018, -21.15946547717398], [55.473555974847734, -21.159190936962116], [55.47268656560412, -21.158477872405047], [55.472311622912585, -21.15813664953866], [55.47173395778476, -21.157703715577917], [55.47137582602393, -21.157460651669492], [55.46998168358722, -21.156596229803416], [55.469950085568094, -21.156578781195822], [55.46999159993476, -21.156568316918705], [55.470811484631206, -21.15534937055896], [55.47187348192974, -21.154570945274905], [55.47298707093462, -21.15377750489148], [55.473600036840125, -21.15334899507914], [55.474353513957226, -21.153021565520106], [55.47485176133031, -21.15260511443678], [55.47535955457432, -21.152102481577476], [55.47640040223681, -21.15058678598859], [55.476770236510234, -21.149183941216222], [55.477101240847915, -21.147511729072967], [55.477120799265464, -21.14738815138077], [55.477135783721145, -21.147241046428373], [55.47698688373491, -21.14654776999225], [55.476915816707454, -21.14634117546548], [55.47682617967263, -21.14616151314866], [55.476669313481324, -21.145964986138786], [55.476112049595855, -21.14547037511712], [55.47591959131236, -21.14536476148892], [55.476139227253704, -21.144318041727477], [55.476539496814986, -21.14368837586491], [55.476892716413055, -21.143326616470784], [55.477171138513675, -21.143123166283], [55.477250667765766, -21.143066973055046], [55.477331974812365, -21.143025248769717], [55.47779444259846, -21.142808096563588], [55.47787567554272, -21.14277359783186], [55.47799623456151, -21.142753905640006], [55.478122311865896, -21.14275955571533], [55.47920151645338, -21.14230404858969], [55.480753879209516, -21.1412425931001], [55.481386410922624, -21.14058749455984], [55.48160435755911, -21.13998693926846], [55.48243787018389, -21.13638696266187], [55.48370778985673, -21.133684395674127], [55.48386939064632, -21.13360454424371], [55.48419610445552, -21.13338344690281], [55.48430315130931, -21.133271490667802], [55.48441766250083, -21.13308823925897], [55.48481030305497, -21.132443172406386], [55.484856413423515, -21.13235867331022], [55.48492724325649, -21.132210259954597], [55.48493765180929, -21.132038723136443], [55.48493568282838, -21.13185352584884], [55.48466915666426, -21.1310792581861], [55.484118381966226, -21.130232890954307], [55.4826947487598, -21.129822684126747], [55.48098807293646, -21.129222941305247], [55.48012901508134, -21.128918044131655], [55.478998194757956, -21.12850876484246], [55.47803868849571, -21.12813055347545], [55.47682091121441, -21.128164557008137], [55.47586981439613, -21.12867200808955], [55.47572149679058, -21.129053678031443], [55.475603945176594, -21.129345293419522], [55.47501652534526, -21.130487212305308], [55.47457011276488, -21.13045609267872], [55.47436966208967, -21.130004437549328], [55.47374919162203, -21.12934213921736], [55.47358923004224, -21.129496970661858], [55.47352806291068, -21.12954700486505], [55.47348166897602, -21.12956465296023], [55.47343640418732, -21.129566051601284], [55.47335464977853, -21.129558088200238], [55.473285438058326, -21.129547527887645], [55.473222057967874, -21.129531600245052], [55.473122447306935, -21.129481020099103], [55.47301439456071, -21.12940868429727], [55.472926530560315, -21.12933924039674], [55.47285311616773, -21.1292690234312], [55.47280177882197, -21.129205328691047], [55.472764854023204, -21.129144473834625], [55.472738500268896, -21.12908552091831], [55.472701927116596, -21.128990343367015], [55.47263457592958, -21.128892178323085], [55.472580045401955, -21.12885826402247], [55.47254559241941, -21.128838080452706], [55.47248701687911, -21.128823099194374], [55.47243306968064, -21.128826225897402], [55.47238102008181, -21.12883207963388], [55.47229697060781, -21.128860227518402], [55.4720445628308, -21.128969961300342], [55.47202231930919, -21.12897969706016], [55.47200477811825, -21.129000314980544], [55.47200551864083, -21.129022001142847], [55.47201683942036, -21.12904468606798], [55.47203020590475, -21.129055646395326], [55.472035944977534, -21.129059311417354], [55.472068703974394, -21.12905689701387], [55.47210346238576, -21.129047274146842], [55.472301747178214, -21.128957828280605], [55.47240193095412, -21.128952408713985], [55.47247186439644, -21.12898646198922], [55.47250230935638, -21.12902196572984], [55.472518175276086, -21.129070887661427], [55.4725664214908, -21.12934231633656], [55.472418806985665, -21.129466545361034], [55.47205535602941, -21.129701741159458], [55.47195854111887, -21.129754163093853], [55.471764540958844, -21.129801191502416], [55.47142191631226, -21.129883010811987], [55.47129840512303, -21.129909898683003], [55.471165424468204, -21.129921344688064], [55.4710700442229, -21.129927710161212], [55.47104404237507, -21.129928378738985], [55.470898778345, -21.129917130859738], [55.470846830239935, -21.129913048592993], [55.470871074222146, -21.129802160196537], [55.47094682844883, -21.12879926520247], [55.47102075404883, -21.126847876334352], [55.47047878068678, -21.125255678646095], [55.469920275725556, -21.123099132840792], [55.470587411537124, -21.122351794913737], [55.47142676903786, -21.121332304282625], [55.471672665713896, -21.120917192353225], [55.47187075371382, -21.120563977337504], [55.47213910226786, -21.120024409919917], [55.47218748280054, -21.11990651223516], [55.47261637218162, -21.11713269181512], [55.47231945197347, -21.11454021637955], [55.4722832989785, -21.114498338054318], [55.472314700476836, -21.114158072028435], [55.472371174342044, -21.1137195708311], [55.4724550365579, -21.11342674990629], [55.47297135736781, -21.111889446627814], [55.47413418586146, -21.110389578468457], [55.47513909511387, -21.109834050715758], [55.47550484060119, -21.10955731318895], [55.4759214770681, -21.109198830741096], [55.476872517799265, -21.108260705135734], [55.47718160912858, -21.107875056637734], [55.47820268085003, -21.106298004040234], [55.47830539988008, -21.106042384406784], [55.479372292686676, -21.102893963680394], [55.48033469402743, -21.099982168795734], [55.48040604377486, -21.09978136850536], [55.480528085451944, -21.099896280173017], [55.48190480147898, -21.100253679092795], [55.483493453296475, -21.100785044945347], [55.48531355160882, -21.101560553632478], [55.487169751552635, -21.102327622121187], [55.48870548283601, -21.103679296745188], [55.4893308991908, -21.104087751313095], [55.49039039363778, -21.104618129241896], [55.491351659613414, -21.10530354836899], [55.49143728403174, -21.10540367555654], [55.49214785907753, -21.106817596148183], [55.49257814400005, -21.108201018902957], [55.49284427949358, -21.108776542143428], [55.493424630029246, -21.109933434864487], [55.493497298186, -21.110077708696796], [55.49362754371767, -21.11033540927232], [55.49371399822593, -21.1104490926614], [55.4942429187943, -21.111075276875553], [55.49436784084584, -21.111192914998927], [55.494581836447544, -21.11135560694133], [55.494633542377, -21.11138316581531], [55.494668975587004, -21.111401546939202], [55.49474020646071, -21.11140217958093], [55.494851920333296, -21.111397751791305], [55.495036904103266, -21.111382683042994], [55.495180414964715, -21.11137537575449], [55.495227326341116, -21.111401085241937]]]}";9742401;97424;974;4;974240103;Bras Sec;Cilaos;LA REUNION;Bras Sec;LA REUNION;;4;;;;;;Iris d'habitat;1480;231.338468253;115.669234127;;240.174405416;;120.087202708;231.338468253;115;115.669234127;82.845692866;;82.845692866;86.487541113;;86.487541113;82.845692866;82;82.845692866;198.043172507;64.364031065;287.162600135;99.021586253;103.598815638;105.668602079;103.598815638;127.739652615;134.505803336;127.739652615;126.595802972;124.237456944;126.595802972;93.185970001;95.832126468;93.185970001;110.836800103;108.847129469;110.836800103;82.845692866;86.487541113;82.845692866;93.185970001;;93.185970001;95.832126468;;95.832126468;93.185970001;93;93.185970001;237.432603075;;118.716301538;233.084586413;;116.542293206;237.432603075;118;118.716301538;;;;314.184161120;;104.728053707;326.661946529;;108.887315510;314.184161120;104;104.728053707;330.618573077;;110.206191026;328.916712881;;109.638904294;330.618573077;110;110.206191026;Polygon;11812.138888889;1;487.186204366;286.172384272;3.960863450;128.728062129;80.207484865;0.325;0.344827586;0.587398374;0.188953488;0.117732558;11812.138888889;11812.138888889;644.802734197;;655.578659410;;644.802734197;107;0.313710150;0.307565344;0.313710150;0.269945611;0.256366326;0.269945611;0.463995141;0.472802960;0.463995141;0.202770319;0.197171340;0.202770319;0.106221542;0.108163218;0.106221542;14258;13657.619047619;14258
Cilaos;LA REUNION;CA Civis (Communauté Intercommunale des Villes Solidaires);LA REUNION;1683.749220327;112.218942686;113.717042949;112.218942686;Non;974240101;97424;69;249740077;-21.1350257877, 55.4758167302;"{""type"": ""Polygon"", ""coordinates"": [[[55.46546727494347, -21.134079233779676], [55.46553179959751, -21.13398406771655], [55.46723883951574, -21.131737639784827], [55.46970178821021, -21.13097403304673], [55.46992439776719, -21.13095391327046], [55.47014049087658, -21.130912054870002], [55.47022156110173, -21.1308929143428], [55.47046600310048, -21.130809307620954], [55.47057956488899, -21.130720002090143], [55.47066323674143, -21.130634943123216], [55.47074306786619, -21.130455001753994], [55.47079985062632, -21.130175487990847], [55.470846830239935, -21.129913048592993], [55.470898778345, -21.129917130859738], [55.47104404237507, -21.129928378738985], [55.4710700442229, -21.129927710161212], [55.471165424468204, -21.129921344688064], [55.47129840512303, -21.129909898683003], [55.47142191631226, -21.129883010811987], [55.471764540958844, -21.129801191502416], [55.47195854111887, -21.129754163093853], [55.47205535602941, -21.129701741159458], [55.472418806985665, -21.129466545361034], [55.4725664214908, -21.12934231633656], [55.472518175276086, -21.129070887661427], [55.47250230935638, -21.12902196572984], [55.47247186439644, -21.12898646198922], [55.47240193095412, -21.128952408713985], [55.472301747178214, -21.128957828280605], [55.47210346238576, -21.129047274146842], [55.472068703974394, -21.12905689701387], [55.472035944977534, -21.129059311417354], [55.47203020590475, -21.129055646395326], [55.47201683942036, -21.12904468606798], [55.47200551864083, -21.129022001142847], [55.47200477811825, -21.129000314980544], [55.47202231930919, -21.12897969706016], [55.4720445628308, -21.128969961300342], [55.47229697060781, -21.128860227518402], [55.47238102008181, -21.12883207963388], [55.47243306968064, -21.128826225897402], [55.47248701687911, -21.128823099194374], [55.47254559241941, -21.128838080452706], [55.472580045401955, -21.12885826402247], [55.47263457592958, -21.128892178323085], [55.472701927116596, -21.128990343367015], [55.472738500268896, -21.12908552091831], [55.472764854023204, -21.129144473834625], [55.47280177882197, -21.129205328691047], [55.47285311616773, -21.1292690234312], [55.472926530560315, -21.12933924039674], [55.47301439456071, -21.12940868429727], [55.473122447306935, -21.129481020099103], [55.473222057967874, -21.129531600245052], [55.473285438058326, -21.129547527887645], [55.47335464977853, -21.129558088200238], [55.47343640418732, -21.129566051601284], [55.47348166897602, -21.12956465296023], [55.47352806291068, -21.12954700486505], [55.47358923004224, -21.129496970661858], [55.47374919162203, -21.12934213921736], [55.47436966208967, -21.130004437549328], [55.47457011276488, -21.13045609267872], [55.47501652534526, -21.130487212305308], [55.475603945176594, -21.129345293419522], [55.47572149679058, -21.129053678031443], [55.47586981439613, -21.12867200808955], [55.47682091121441, -21.128164557008137], [55.47803868849571, -21.12813055347545], [55.478998194757956, -21.12850876484246], [55.48012901508134, -21.128918044131655], [55.48098807293646, -21.129222941305247], [55.4826947487598, -21.129822684126747], [55.484118381966226, -21.130232890954307], [55.48466915666426, -21.1310792581861], [55.48493568282838, -21.13185352584884], [55.48493765180929, -21.132038723136443], [55.48492724325649, -21.132210259954597], [55.484856413423515, -21.13235867331022], [55.48481030305497, -21.132443172406386], [55.48441766250083, -21.13308823925897], [55.48430315130931, -21.133271490667802], [55.48419610445552, -21.13338344690281], [55.48386939064632, -21.13360454424371], [55.48370778985673, -21.133684395674127], [55.48243787018389, -21.13638696266187], [55.48160435755911, -21.13998693926846], [55.481386410922624, -21.14058749455984], [55.480753879209516, -21.1412425931001], [55.47920151645338, -21.14230404858969], [55.478122311865896, -21.14275955571533], [55.47799623456151, -21.142753905640006], [55.47787567554272, -21.14277359783186], [55.47779444259846, -21.142808096563588], [55.477331974812365, -21.143025248769717], [55.477250667765766, -21.143066973055046], [55.477193965535996, -21.143056526548317], [55.475325737914474, -21.14251849927236], [55.473695212466275, -21.14105399161552], [55.472861160049625, -21.13985455119535], [55.471568130956385, -21.139197955781874], [55.469920218769225, -21.1387704470924], [55.46805425849734, -21.13806683237927], [55.46709118013779, -21.137342242935365], [55.46662873517976, -21.136855688388437], [55.46677372742734, -21.13675357247886], [55.466995951557585, -21.136631379584262], [55.467323710283246, -21.13649885033066], [55.46717957485455, -21.13551252638919], [55.46549624930741, -21.134070463252026], [55.46546727494347, -21.134079233779676]]]}";9742401;97424;974;4;974240101;La Ville-Les Thermes;Cilaos;LA REUNION;La Ville-Les Thermes;LA REUNION;;4;;;;;;Iris d'habitat;1480;226.954540408;113.477270204;;235.619797583;;117.809898791;226.954540408;113;113.477270204;82.845692866;;82.845692866;86.487541113;;86.487541113;82.845692866;82;82.845692866;465.401455390;148.532379380;703.053262398;237.651807008;101.733697844;103.766221355;101.733697844;125.220842564;131.853576228;125.220842564;127.816400931;125.435316452;127.816400931;71.063926631;73.081894240;71.063926631;164.633095280;161.677708308;164.633095280;82.845692866;86.487541113;82.845692866;71.063926631;;71.063926631;73.081894240;;73.081894240;71.063926631;71;71.063926631;292.449496211;;146.224748105;287.113024760;;143.556512380;292.449496211;146;146.224748105;;;;309.800233274;;103.266744425;322.107338696;;107.369112899;309.800233274;103;103.266744425;363.513422842;;121.171140947;360.194918999;;120.064973000;363.513422842;121;121.171140947;Polygon;11812.138888889;1;1234.181434599;731.945973216;19.804317251;242.622454595;294.447012781;0.319148936;0.338028169;0.593061889;0.144096551;0.174875812;11812.138888889;11812.138888889;673.313656116;;682.302257695;;673.313656116;112;0.313710150;0.307565344;0.313710150;0.269945611;0.256366326;0.269945611;0.463995141;0.472802960;0.463995141;0.202770319;0.197171340;0.202770319;0.106221542;0.108163218;0.106221542;14258;13657.619047619;14258
Cilaos;LA REUNION;CA Civis (Communauté Intercommunale des Villes Solidaires);LA REUNION;1635.836604904;103.224944596;104.776100620;103.224944596;Non;974240102;97424;69;249740077;-21.1517200381, 55.4603311683;"{""type"": ""Polygon"", ""coordinates"": [[[55.477250667765766, -21.143066973055046], [55.477171138513675, -21.143123166283], [55.476892716413055, -21.143326616470784], [55.476539496814986, -21.14368837586491], [55.476139227253704, -21.144318041727477], [55.47591959131236, -21.14536476148892], [55.476112049595855, -21.14547037511712], [55.476669313481324, -21.145964986138786], [55.47682617967263, -21.14616151314866], [55.476915816707454, -21.14634117546548], [55.47698688373491, -21.14654776999225], [55.477135783721145, -21.147241046428373], [55.477120799265464, -21.14738815138077], [55.477101240847915, -21.147511729072967], [55.476770236510234, -21.149183941216222], [55.47640040223681, -21.15058678598859], [55.47535955457432, -21.152102481577476], [55.47485176133031, -21.15260511443678], [55.474353513957226, -21.153021565520106], [55.473600036840125, -21.15334899507914], [55.47298707093462, -21.15377750489148], [55.47187348192974, -21.154570945274905], [55.470811484631206, -21.15534937055896], [55.46999159993476, -21.156568316918705], [55.469950085568094, -21.156578781195822], [55.469934642678005, -21.156582254773262], [55.46980763539129, -21.15666601712512], [55.46716753040459, -21.15883444585098], [55.465679744896555, -21.16075042223064], [55.46358498941996, -21.162410655353703], [55.46204413511151, -21.163303571225313], [55.46057813404563, -21.163578792984175], [55.45915969822785, -21.16402841759489], [55.455845015836545, -21.16537979133179], [55.455569569795315, -21.165289655947376], [55.45532531884922, -21.165255809812418], [55.45509909138954, -21.165248323742603], [55.4549199715031, -21.165248494138897], [55.45243179709032, -21.16541272926072], [55.45110910794257, -21.16601486648336], [55.4493395342944, -21.168010472188204], [55.44709218856401, -21.1708350755474], [55.44705708896076, -21.170876304993133], [55.44656742970303, -21.171471598271836], [55.446459873912865, -21.171626880946107], [55.44636773448653, -21.17178140188637], [55.44633368229669, -21.171814511084555], [55.44541014044405, -21.171997522149685], [55.44511766807647, -21.171048175555413], [55.44451012714806, -21.169515561063996], [55.44401844713163, -21.168600060748087], [55.44329451359802, -21.167655096732908], [55.44276835473982, -21.16704481674231], [55.44264469769769, -21.166898247002703], [55.44254720161386, -21.166644425556132], [55.442513623934126, -21.166540236988872], [55.44249131761924, -21.166463251177635], [55.442488241182446, -21.16638915235273], [55.442516499172385, -21.166173524188693], [55.44253067945598, -21.166106810666655], [55.44255167571149, -21.16603293351851], [55.44279096017583, -21.165528837833744], [55.44336283542756, -21.164530085207662], [55.44389370792427, -21.16376806901706], [55.44424326737464, -21.163584301582425], [55.44631400018701, -21.16288544114354], [55.447749339366844, -21.16226111072707], [55.44902193480677, -21.16087311875657], [55.44930032925739, -21.160031987452836], [55.449348055681625, -21.159702719878943], [55.4493368680851, -21.159390074990466], [55.44910709117498, -21.1587999193522], [55.449075021882784, -21.15873549094779], [55.449015945371826, -21.158675331449682], [55.44866797600529, -21.158430959469634], [55.44862185274076, -21.15842150350608], [55.44749763056112, -21.157657159919758], [55.446463090631426, -21.156189509827744], [55.44625422921976, -21.155626642031525], [55.446199325516716, -21.155443671041365], [55.44620495977336, -21.155365135598164], [55.44622385700318, -21.155307497873434], [55.44631154797486, -21.155116803316396], [55.44633909183137, -21.15506105157369], [55.44638684586321, -21.155006388699686], [55.44821558954768, -21.153884558767984], [55.44999715111125, -21.153315096364576], [55.45025535333796, -21.15339424205669], [55.450890271565775, -21.15354548760839], [55.451033414050464, -21.153577510306356], [55.45133477583493, -21.153488131863984], [55.45163655992677, -21.1533581080984], [55.45176522685985, -21.153300570725456], [55.45215631770774, -21.153008768537607], [55.45237024280849, -21.15280838532948], [55.452464931019925, -21.152499418309723], [55.45233143362753, -21.152095324143303], [55.45173284758726, -21.15030221151842], [55.45167165460595, -21.150167962784238], [55.451634677816074, -21.150112522976514], [55.45150088928362, -21.150014645400883], [55.451400301470436, -21.1499649466082], [55.45118039123129, -21.149907832640977], [55.450876867210276, -21.14983550018756], [55.450546018445884, -21.149798145842773], [55.45031868314187, -21.14980690390905], [55.450179879109164, -21.149820988963757], [55.45008323179215, -21.149855332659346], [55.44921264992023, -21.14903480132211], [55.44886057365059, -21.147846025520742], [55.44941287608735, -21.14460009932436], [55.44975201628351, -21.143932051427026], [55.45138829530808, -21.142598848170998], [55.45313775007032, -21.141212463249513], [55.4566051857837, -21.139981741247485], [55.458102149751475, -21.139726648016815], [55.45887015010981, -21.1397598367437], [55.45997129035806, -21.139513769330808], [55.46030988758161, -21.13926527800119], [55.460320571087124, -21.139256342089563], [55.46049061890986, -21.13910613286744], [55.461812681302845, -21.13780545332138], [55.46289738065467, -21.13549670254639], [55.46537167811907, -21.134106370034488], [55.46546727494347, -21.134079233779676], [55.46549624930741, -21.134070463252026], [55.46717957485455, -21.13551252638919], [55.467323710283246, -21.13649885033066], [55.466995951557585, -21.136631379584262], [55.46677372742734, -21.13675357247886], [55.46662873517976, -21.136855688388437], [55.46709118013779, -21.137342242935365], [55.46805425849734, -21.13806683237927], [55.469920218769225, -21.1387704470924], [55.471568130956385, -21.139197955781874], [55.472861160049625, -21.13985455119535], [55.473695212466275, -21.14105399161552], [55.475325737914474, -21.14251849927236], [55.477193965535996, -21.143056526548317], [55.477250667765766, -21.143066973055046]]]}";9742401;97424;974;4;974240102;La Ville-Mare Seche;Cilaos;LA REUNION;La Ville-Mare Seche;LA REUNION;;4;;;;;;Iris d'habitat;1480;210.442849691;105.221424845;;218.084349261;;109.042174630;210.442849691;105;105.221424845;82.845692866;;82.845692866;86.487541113;;86.487541113;82.845692866;82;82.845692866;445.597138140;148.532379380;633.738152021;178.238855256;106.255195526;108.378053415;106.255195526;104.187654164;109.706295846;104.187654164;138.946265496;136.357843402;138.946265496;85.677635000;88.110580946;85.677635000;101.437224522;99.616288997;101.437224522;82.845692866;86.487541113;82.845692866;85.677635000;;85.677635000;88.110580946;;88.110580946;85.677635000;85;85.677635000;240.383490018;;120.191745009;235.974132399;;117.987066200;240.383490018;120;120.191745009;;;;293.288542557;;97.762847519;304.571890374;;101.523963458;293.288542557;97;97.762847519;326.061125018;;108.687041673;324.084713345;;108.028237782;326.061125018;108;108.687041673;Polygon;11812.138888889;1;1187.268819177;765.436861738;9.902158625;284.191952547;176.258423531;0.333333333;0.28125;0.644703920;0.173728814;0.107748184;11812.138888889;11812.138888889;619.349667576;;628.656603719;;619.349667576;103;0.313710150;0.307565344;0.313710150;0.269945611;0.256366326;0.269945611;0.463995141;0.472802960;0.463995141;0.202770319;0.197171340;0.202770319;0.106221542;0.108163218;0.106221542;14258;13657.619047619;14258
Cilaos;LA REUNION;CA Civis (Communauté Intercommunale des Villes Solidaires);LA REUNION;979.323488045;96.082011371;97.434723278;96.082011371;Non;974240104;97424;69;249740077;-21.176514655, 55.4681234529;"{""type"": ""Polygon"", ""coordinates"": [[[55.43759349745538, -21.189562325224394], [55.437594921674915, -21.18942684416465], [55.43760648376761, -21.189334814993543], [55.43765155880819, -21.189169928792435], [55.43767648019044, -21.18908976596199], [55.43772487563073, -21.188975494945296], [55.437740242338315, -21.188888017404018], [55.437744242248684, -21.188782368872545], [55.43775008809015, -21.188592730971045], [55.43773010975179, -21.187927721132684], [55.437725138385865, -21.187850895092765], [55.437715845432805, -21.18772705775591], [55.437706955435665, -21.187656518552537], [55.43767780877985, -21.187497269156896], [55.437615411315775, -21.187294354178857], [55.43723206107068, -21.186380288155867], [55.43713096664087, -21.186285410588685], [55.436977934841295, -21.186183729552567], [55.436848447282955, -21.186132850679268], [55.43647453697193, -21.18601602827063], [55.435551501737976, -21.185729723029187], [55.43496299096933, -21.185642074334663], [55.43420188914749, -21.18557269712983], [55.433519945910035, -21.18546510593755], [55.43295630357562, -21.185232353260414], [55.43263415443347, -21.185093871851866], [55.432310965664584, -21.184871373908273], [55.431907129930835, -21.184442176224522], [55.43143277579283, -21.183850633698476], [55.43131501969651, -21.18369236773582], [55.43095277062647, -21.183064829469096], [55.430572150954646, -21.18235311368929], [55.43054507223313, -21.182272469147623], [55.43082774792563, -21.18204385057539], [55.43127495323688, -21.181739075307288], [55.43163440036756, -21.18153645997228], [55.4321794859549, -21.181265108874523], [55.43323919887469, -21.180779026288974], [55.43619300177392, -21.18041344582438], [55.439347339160385, -21.180577189533178], [55.44251060496201, -21.181820397147007], [55.446004496434384, -21.18175228934378], [55.446465364434175, -21.18188840740824], [55.44665581457391, -21.1819118369115], [55.44686244665775, -21.181861344413736], [55.44703396599398, -21.181760847628855], [55.44720632460311, -21.1815799647823], [55.44734426907041, -21.18137437655215], [55.44743994449253, -21.18115846365841], [55.44749153927299, -21.181013506438774], [55.44753180418504, -21.18084676596469], [55.44754189632982, -21.180802597009542], [55.44764864954903, -21.180171268167804], [55.44768959160228, -21.179847359808374], [55.44769750048242, -21.17964328685315], [55.44766397901146, -21.17925636702373], [55.44764843652125, -21.179084597469302], [55.44733951871192, -21.17611035783716], [55.44667436201796, -21.174050597115336], [55.44630551230058, -21.17192987456691], [55.44636773448653, -21.17178140188637], [55.446459873912865, -21.171626880946107], [55.44656742970303, -21.171471598271836], [55.44705708896076, -21.170876304993133], [55.44709218856401, -21.1708350755474], [55.4493395342944, -21.168010472188204], [55.45110910794257, -21.16601486648336], [55.45243179709032, -21.16541272926072], [55.4549199715031, -21.165248494138897], [55.45509909138954, -21.165248323742603], [55.45532531884922, -21.165255809812418], [55.455569569795315, -21.165289655947376], [55.455845015836545, -21.16537979133179], [55.45915969822785, -21.16402841759489], [55.46057813404563, -21.163578792984175], [55.46204413511151, -21.163303571225313], [55.46358498941996, -21.162410655353703], [55.465679744896555, -21.16075042223064], [55.46716753040459, -21.15883444585098], [55.46980763539129, -21.15666601712512], [55.469934642678005, -21.156582254773262], [55.469950085568094, -21.156578781195822], [55.46998168358722, -21.156596229803416], [55.47137582602393, -21.157460651669492], [55.47173395778476, -21.157703715577917], [55.472311622912585, -21.15813664953866], [55.47268656560412, -21.158477872405047], [55.473555974847734, -21.159190936962116], [55.47391962630018, -21.15946547717398], [55.47574818816477, -21.160793568352897], [55.47592124940217, -21.16082042030807], [55.47612416956301, -21.160846637760063], [55.47633584828472, -21.16086390076175], [55.477928957241794, -21.160924762964704], [55.47901218462448, -21.16084281995742], [55.48089963937311, -21.161502034294575], [55.48298925880383, -21.16235815688698], [55.48418285494141, -21.162975882898955], [55.48449116097867, -21.163245122574768], [55.484569651572166, -21.163579750124093], [55.48452987566328, -21.163982572202617], [55.4848328871683, -21.165434199571568], [55.485752244980965, -21.166506534969766], [55.4858876210437, -21.16664143720317], [55.48603194863002, -21.166748416787293], [55.48625331112981, -21.16685608577215], [55.48666742465166, -21.167044067525932], [55.48690832235007, -21.167124811118953], [55.487157987772314, -21.167195696371216], [55.48722618178791, -21.167213469308656], [55.487274245974724, -21.16722202904151], [55.48772511663625, -21.16516741107047], [55.489271464265656, -21.162013760732115], [55.490542442734146, -21.159751464791896], [55.49140914975662, -21.159013548328016], [55.4929421356397, -21.15947070046105], [55.49376300314321, -21.160143754539636], [55.49484998384616, -21.16097544653257], [55.49509490632413, -21.161133899197758], [55.49526253737971, -21.16122210870813], [55.49544076056394, -21.161310412270446], [55.496730965547485, -21.161806963501864], [55.49722174286964, -21.161936885173144], [55.49757526294588, -21.162022227231475], [55.49920652836876, -21.16240887454756], [55.499440986877815, -21.162459733689325], [55.49936672192224, -21.162566569583934], [55.49807890458534, -21.16507629591781], [55.49776897978285, -21.166490846473888], [55.49786431534116, -21.168303745041648], [55.497057492909356, -21.170762628013136], [55.496348647959046, -21.172481658190325], [55.495795193402, -21.174880004352712], [55.49533217215897, -21.17690517998684], [55.49529276562888, -21.17699245073649], [55.49500278550583, -21.177477207496402], [55.49457674469012, -21.178130575082342], [55.49428760895955, -21.17848390569222], [55.49353008286787, -21.179344337737056], [55.49249620001997, -21.18038838399685], [55.49083248728475, -21.18185316435166], [55.490366343197906, -21.182232006119456], [55.48768518268557, -21.184014209278303], [55.486587508034056, -21.18474193714886], [55.484877743762375, -21.185800654050677], [55.481258907086456, -21.187437682974327], [55.4774362122529, -21.189214220656623], [55.47492460000798, -21.190121977440995], [55.474659085770334, -21.19018461890574], [55.474088477680915, -21.19031857619057], [55.47330340598463, -21.19004591278723], [55.472995371524526, -21.189934732677255], [55.47042563926317, -21.189514036571392], [55.46811977882181, -21.19110735342968], [55.466354030050695, -21.19226359816299], [55.46392941040785, -21.19372502168333], [55.46246164533192, -21.19464297527844], [55.462048222302535, -21.194942721774787], [55.461327063554904, -21.194637162321868], [55.458781007939024, -21.19355528584513], [55.45635164410823, -21.192277519407973], [55.455243122296025, -21.19216331773135], [55.453935171652624, -21.192264457734485], [55.45347344688376, -21.192800710071648], [55.45287789416897, -21.193346868762948], [55.45210189244761, -21.19368572456289], [55.45167114876308, -21.193520087090054], [55.45116615494591, -21.19308548816254], [55.4506887939031, -21.192402734098856], [55.44996361291676, -21.19165537798266], [55.44945649880976, -21.191332764000244], [55.4488485203017, -21.19107697004503], [55.448341527480444, -21.191019923689495], [55.445058933060636, -21.19103220205396], [55.44386539288497, -21.190589438282892], [55.443121773894795, -21.190503098156213], [55.442942813703255, -21.190485189799535], [55.44120801486759, -21.19031563445639], [55.439579072855295, -21.1901551687442], [55.43759273786702, -21.189634581788667], [55.43759349745538, -21.189562325224394]]]}";9742401;97424;974;4;974240104;Peter Both-Palmiste Rouge;Cilaos;LA REUNION;Peter Both-Palmiste Rouge;LA REUNION;;4;;;;;;Iris d'habitat;1480;160.918159556;80.459079778;;167.188313185;;83.594156593;160.918159556;80;80.459079778;82.845692866;;82.845692866;86.487541113;;86.487541113;82.845692866;82;82.845692866;277.260441509;59.412951752;376.282027762;94.070506941;68.306911410;69.671605767;68.306911410;92.611248146;97.516707419;92.611248146;145.287270308;142.580721995;145.287270308;92.250993714;94.870600116;92.250993714;95.189951779;93.481163259;95.189951779;82.845692866;86.487541113;82.845692866;92.250993714;;92.250993714;94.870600116;;94.870600116;92.250993714;92;92.250993714;240.477222087;;120.238611044;236.061885254;;118.030942627;240.477222087;120;120.238611044;;;;243.763852422;;81.254617474;253.675854299;;84.558618100;243.763852422;81;81.254617474;332.728215801;;110.909405267;330.932485369;;110.310828456;332.728215801;110;110.909405267;Polygon;11812.138888889;1;708.004341711;477.284045741;1.980431725;183.189934569;99.021586253;0.214285714;0.25;0.674125874;0.187057634;0.101112235;11812.138888889;11812.138888889;576.492068223;;584.608339668;;576.492068223;96;0.313710150;0.307565344;0.313710150;0.269945611;0.256366326;0.269945611;0.463995141;0.472802960;0.463995141;0.202770319;0.197171340;0.202770319;0.106221542;0.108163218;0.106221542;14258;13657.619047619;14258
Entre-Deux;LA REUNION;CA du Sud;LA REUNION;3732.420389544;101.972125169;101.399046492;101.972125169;Non;974030101;97403;69;249740085;-21.2359864679, 55.4832296011;"{""type"": ""Polygon"", ""coordinates"": [[[55.49977192177615, -21.233936444633393], [55.49977162935987, -21.233965347950257], [55.49977488083632, -21.234501039631603], [55.499796823096254, -21.23461776174366], [55.49984620605479, -21.23468865908341], [55.49990549698698, -21.234732545222972], [55.500002551659726, -21.23475779763931], [55.50013947554357, -21.23508014180877], [55.50034974433167, -21.23558109001651], [55.500360665494526, -21.235644418804295], [55.500343374397836, -21.235734596072465], [55.50020976727954, -21.23617964326225], [55.50015385817707, -21.236277606913532], [55.5000184118442, -21.23642815854493], [55.49893262959067, -21.237374200944878], [55.49830577254713, -21.237908348347613], [55.49704491534728, -21.238729516827142], [55.49695974197733, -21.238767600093997], [55.49654040228403, -21.238931877986293], [55.49555500231002, -21.239239249025047], [55.4949802817419, -21.239375363866387], [55.49309223013644, -21.23953161402412], [55.492215187490636, -21.23932053152223], [55.49138216262617, -21.239044800217656], [55.49038037218532, -21.23873729371295], [55.48884233719822, -21.23876733079917], [55.48873624337328, -21.238778123178133], [55.48811199254974, -21.238863762433503], [55.48805095742314, -21.238896637616456], [55.48798886674728, -21.238938536370966], [55.48794361980417, -21.239029364618666], [55.48806909468863, -21.239857917550776], [55.4890122870484, -21.24307852592027], [55.4901966309054, -21.24391204543002], [55.49071732749204, -21.243873347932816], [55.490918749835664, -21.243868827457714], [55.49131608779153, -21.243927484490587], [55.49140264072392, -21.24394361504442], [55.4914794168215, -21.243973659342142], [55.49166628953986, -21.244073339712195], [55.491784011009685, -21.244151173706054], [55.49208440757981, -21.244362524010697], [55.492124421730786, -21.244407143846246], [55.49216251821572, -21.24445084321916], [55.49217014302894, -21.244459041158223], [55.49222013021774, -21.24456517499557], [55.49220725630657, -21.24459938552987], [55.49216236829684, -21.24465498915283], [55.49209062336617, -21.244698609613522], [55.49192487312289, -21.24479558772401], [55.490343150227915, -21.245928678414824], [55.48915724264476, -21.24691164683304], [55.48872375405965, -21.247562658232408], [55.48872177187243, -21.247568060296285], [55.48866410413073, -21.247742784584204], [55.4886248656065, -21.24781108404213], [55.4884094163955, -21.248056658185376], [55.488193085936416, -21.24829409436394], [55.48798495097674, -21.248483728564942], [55.487854639316964, -21.24860089279834], [55.48780035345323, -21.248632924877608], [55.487552212922104, -21.248777034427203], [55.487304394660185, -21.24888953081528], [55.48677873068919, -21.24908263727471], [55.484605232075566, -21.25030335111713], [55.4821200006398, -21.252509893178754], [55.480497780022, -21.25350020204432], [55.48006103832446, -21.253899137226018], [55.47948168586219, -21.2544855748128], [55.47944074604325, -21.254531273887928], [55.47942611738819, -21.254548304654598], [55.479299545747104, -21.25467543163074], [55.4792578185024, -21.25470396082206], [55.4792034822746, -21.254740505953748], [55.478448959061616, -21.255071983026152], [55.47522907595417, -21.25652700880455], [55.47405038784865, -21.25682769873728], [55.472420759680055, -21.257078336412146], [55.47227320247041, -21.257090548465193], [55.472185775265565, -21.256411378342694], [55.47384611291487, -21.25378720421143], [55.475586403312626, -21.252189430863876], [55.47607589423697, -21.251721430260506], [55.47546112949008, -21.24947478259748], [55.47498063840096, -21.248694501616868], [55.47260927931119, -21.24757913882339], [55.47107025275657, -21.247370077020637], [55.469905733428526, -21.246911476582248], [55.46929948772837, -21.246555945480942], [55.469058160415635, -21.24641238815061], [55.468703075429175, -21.246181532356708], [55.46858357802063, -21.245740540431306], [55.4689864924999, -21.244955619077597], [55.47024146017482, -21.24220381486423], [55.4703140558107, -21.241237942351148], [55.47038579402341, -21.239888159289553], [55.47022427732338, -21.238033573822623], [55.47006951603439, -21.23617814600201], [55.470056506576334, -21.2359449764731], [55.47004732266608, -21.235714551539104], [55.47011420434606, -21.23539538974645], [55.47016562872302, -21.235173644185238], [55.47034686479235, -21.234486295133916], [55.470463302359825, -21.234056250626644], [55.47054041580423, -21.233772410027594], [55.4708691769571, -21.233190051366392], [55.47166950893788, -21.232003139578296], [55.47214453319404, -21.230408598348166], [55.472591367642465, -21.22818239165266], [55.47256132530932, -21.226936466050766], [55.472718113824165, -21.22564639487898], [55.47285327274989, -21.22464020394621], [55.47397639475484, -21.2214743506447], [55.47426939510612, -21.220617958219343], [55.47454393853416, -21.220244665593597], [55.474562463588434, -21.22022315374049], [55.47461007255736, -21.22018383866937], [55.474645001105756, -21.220159765144597], [55.4746466955438, -21.22018236304602], [55.47444864775691, -21.222204424244605], [55.47437421080047, -21.22354109170291], [55.4744351590773, -21.224827946229343], [55.47451185601084, -21.225051755419944], [55.47468681513322, -21.225276001151087], [55.476277783650616, -21.227206732630187], [55.47660666005147, -21.22754753761661], [55.47706206740154, -21.227856965192203], [55.47888048046037, -21.22527636845776], [55.47930529674543, -21.22462259160327], [55.480029848344536, -21.22348643868501], [55.48171286145265, -21.221040984495833], [55.48188721815252, -21.22075981821617], [55.48242934381008, -21.219842418286138], [55.48279695661033, -21.219032747664862], [55.48428735376941, -21.2171383541372], [55.48580006843477, -21.217679461912926], [55.48972630780816, -21.21894765258805], [55.489985717927, -21.220152276908298], [55.49044463344437, -21.220780568093524], [55.491491199081466, -21.222073526924675], [55.492677443002776, -21.223464381660335], [55.49304346175524, -21.223755805973713], [55.49364530853701, -21.223972553497582], [55.49406815528638, -21.224075691371148], [55.494621718429535, -21.2241140527311], [55.496360353283336, -21.22556897725182], [55.496554346429356, -21.228034000427186], [55.49693175929013, -21.2295517920438], [55.500062736989804, -21.23109360368993], [55.500850534860874, -21.231504385583865], [55.50095882843176, -21.231561353096993], [55.50089254834075, -21.231541794640595], [55.50072333037278, -21.231602619347594], [55.50053075865485, -21.231781569971048], [55.50043539031824, -21.23187556989728], [55.50037486729863, -21.231953619919548], [55.499956509450044, -21.232546988639353], [55.499753812387304, -21.23286947451065], [55.49977240608952, -21.233888573514623], [55.49977192177615, -21.233936444633393]]]}";9740301;97403;974;4;974030101;Bras Long-Ravine des Citrons;Entre-Deux;LA REUNION;Bras Long-Ravine des Citrons;LA REUNION;;4;;;;;;Iris d'habitat;1235;161.655297209;80.827648604;;170.112873172;;85.056436586;161.655297209;80;80.827648604;106.287698134;;106.287698134;113.270394362;;113.270394362;106.287698134;106;106.287698134;1073.244020663;238.845760812;1383.409362633;338.772424995;70.939886532;80.094216716;70.939886532;90.715410677;90.018656457;90.715410677;121.563768113;112.745646459;121.563768113;102.090080050;105.573031841;102.090080050;120.235907506;106.692333115;120.235907506;106.287698134;113.270394362;106.287698134;102.090080050;;102.090080050;105.573031841;;105.573031841;102.090080050;102;102.090080050;241.799675619;;120.899837809;219.437979574;;109.718989787;241.799675619;120;120.899837809;;;;267.942995343;;89.314331781;283.383267535;;94.461089178;267.942995343;89;89.314331781;343.889755669;;114.629918556;325.011011416;;108.337003805;343.889755669;114;114.629918556;Polygon;15154.5;1;2581.685223996;1456.199490599;27.052899493;772.642300921;476.691425904;0.222545624;0.244882270;0.564049977;0.207008381;0.127716435;15154.5;15154.5;611.832751012;;608.394278950;;611.832751012;101;0.313710150;0.277854799;0.313710150;0.269945611;0.272035020;0.269945611;0.463995141;0.500285372;0.463995141;0.202770319;0.196080739;0.202770319;0.106221542;0.119705354;0.106221542;14258;13379.047619048;14258
Entre-Deux;LA REUNION;CA du Sud;LA REUNION;3148.087997596;96.871484336;96.010616952;96.871484336;Non;974030102;97403;69;249740085;-21.2480656001, 55.4658389895;"{""type"": ""Polygon"", ""coordinates"": [[[55.466518043163795, -21.275468240303155], [55.466063315817756, -21.276197575280506], [55.464106098907514, -21.27832235275666], [55.46249444135014, -21.280482778108443], [55.46074144304741, -21.282977014748454], [55.45790358044258, -21.284645623630105], [55.45664826661732, -21.285383853237388], [55.45625940398282, -21.28561243399254], [55.45615758467808, -21.285672020866294], [55.45549089251001, -21.285833014893786], [55.455420002643734, -21.285145863381963], [55.455403885888224, -21.284658841646703], [55.45580415378401, -21.283153113504014], [55.45606334323414, -21.28223593963021], [55.45613664388498, -21.282046017206863], [55.456431809484734, -21.281282731884605], [55.45663120952976, -21.2808302038249], [55.456930475963915, -21.280597187250947], [55.458627820360014, -21.277851366773312], [55.4602536916602, -21.274836593523034], [55.45948985470411, -21.27373630941762], [55.45853591143379, -21.27261232943832], [55.45811906839425, -21.272431468848442], [55.457889299363075, -21.272285741872054], [55.456632751750796, -21.271443204251106], [55.456645511131065, -21.27132860296933], [55.4568561221683, -21.27100083055463], [55.45698088441007, -21.270865576175183], [55.45699833271085, -21.270855799775454], [55.457051669443345, -21.270823769770324], [55.45711359376866, -21.270799948038135], [55.45717157895725, -21.27078421984196], [55.45719184270052, -21.270781695550816], [55.45723911535119, -21.270776708735283], [55.458068186526305, -21.270701648220626], [55.45874180798302, -21.270654970079562], [55.45882091682626, -21.270646660916746], [55.4589822697874, -21.270606585525677], [55.4591717643778, -21.270547798214302], [55.45963714281123, -21.270370492198552], [55.45994698707935, -21.270229701360567], [55.46071090108828, -21.26979406917318], [55.46078394056923, -21.26972066641343], [55.46102589527561, -21.26925045399726], [55.46113805420465, -21.269029268131952], [55.461328007163154, -21.26864800627857], [55.46139696952567, -21.26850320569064], [55.46142509519215, -21.26839326061496], [55.46148021550347, -21.268143099740282], [55.461678069567974, -21.26686222790674], [55.462163151867976, -21.26506503427735], [55.463047526491884, -21.26332613016244], [55.46327275457996, -21.262423082052752], [55.46368060907187, -21.259420937037657], [55.46417350222633, -21.25687240849944], [55.4643426010469, -21.25547691349793], [55.464284809611705, -21.254501365462318], [55.464254596911374, -21.25434843302757], [55.464108406516985, -21.254089661435348], [55.46379337994901, -21.253618882982305], [55.463566974245886, -21.253336797512173], [55.46314761334874, -21.25288208557259], [55.46282000759027, -21.252612770046433], [55.46266896448451, -21.25245060585446], [55.462315477111765, -21.25197269949478], [55.46216569042185, -21.251736024403467], [55.462144840908046, -21.251702412234778], [55.46212307480959, -21.25166427521985], [55.4620984933115, -21.25161888614655], [55.461581589366496, -21.250454337226085], [55.46155533451073, -21.250384543812963], [55.461520372266115, -21.250271764355407], [55.46144620532962, -21.24989802609174], [55.461427622086674, -21.249785396093205], [55.461461459605886, -21.249635306034985], [55.46160318489831, -21.24916327195862], [55.46173434517409, -21.248827087441775], [55.46227785931936, -21.247984301483786], [55.462302624075754, -21.246619193992068], [55.46227667126338, -21.24642745833461], [55.46226404538151, -21.24634423985954], [55.462244619210246, -21.246266379146935], [55.46220877712964, -21.24619198190447], [55.461442125718285, -21.244676482336168], [55.461228522106396, -21.24427663093987], [55.460983814719725, -21.243856622911057], [55.460696491186454, -21.243365316771136], [55.459757686079406, -21.240617045675034], [55.45938093138137, -21.23742135329436], [55.45921640573399, -21.236611399617097], [55.45918747724483, -21.23633562976061], [55.45930659650417, -21.235349414050702], [55.45946712247698, -21.234550558765555], [55.46033690952399, -21.232413393572582], [55.46090160682551, -21.231078729517296], [55.46105682854337, -21.230743215267214], [55.46117366980827, -21.230438966205472], [55.46126001715475, -21.22935940891091], [55.46126682277029, -21.2287962643983], [55.4611804398505, -21.227702739997333], [55.460623834435815, -21.225398965268155], [55.46059928219197, -21.223772803666954], [55.46068715292144, -21.222592541959177], [55.460899668689734, -21.221097713677423], [55.46123787905279, -21.21969752212113], [55.461368505717914, -21.219270549039038], [55.461602199178635, -21.218937555069335], [55.462284390352615, -21.218087443216536], [55.462356476023544, -21.218010416114605], [55.465586206041365, -21.220002679350817], [55.468643853415536, -21.21905167435932], [55.47180803632001, -21.2187430161031], [55.47186657319278, -21.219607103504043], [55.47207820619755, -21.221133794400366], [55.47242563121785, -21.22238440027926], [55.473247188206464, -21.220718917474958], [55.47355555411389, -21.220242052689276], [55.47386370154116, -21.219879904757804], [55.474114603276824, -21.219650927561716], [55.474645001105756, -21.220159765144597], [55.47461007255736, -21.22018383866937], [55.474562463588434, -21.22022315374049], [55.47454393853416, -21.220244665593597], [55.47426939510612, -21.220617958219343], [55.47397639475484, -21.2214743506447], [55.47285327274989, -21.22464020394621], [55.472718113824165, -21.22564639487898], [55.47256132530932, -21.226936466050766], [55.472591367642465, -21.22818239165266], [55.47214453319404, -21.230408598348166], [55.47166950893788, -21.232003139578296], [55.4708691769571, -21.233190051366392], [55.47054041580423, -21.233772410027594], [55.470463302359825, -21.234056250626644], [55.47034686479235, -21.234486295133916], [55.47016562872302, -21.235173644185238], [55.47011420434606, -21.23539538974645], [55.47004732266608, -21.235714551539104], [55.470056506576334, -21.2359449764731], [55.47006951603439, -21.23617814600201], [55.47022427732338, -21.238033573822623], [55.47038579402341, -21.239888159289553], [55.4703140558107, -21.241237942351148], [55.47024146017482, -21.24220381486423], [55.4689864924999, -21.244955619077597], [55.46858357802063, -21.245740540431306], [55.468703075429175, -21.246181532356708], [55.469058160415635, -21.24641238815061], [55.46929948772837, -21.246555945480942], [55.469905733428526, -21.246911476582248], [55.47107025275657, -21.247370077020637], [55.47260927931119, -21.24757913882339], [55.47498063840096, -21.248694501616868], [55.47546112949008, -21.24947478259748], [55.47607589423697, -21.251721430260506], [55.475586403312626, -21.252189430863876], [55.47384611291487, -21.25378720421143], [55.472185775265565, -21.256411378342694], [55.47227320247041, -21.257090548465193], [55.47221224960268, -21.25711438503612], [55.47183223773301, -21.257241918285285], [55.47063560495892, -21.25797267234333], [55.47037940777629, -21.258800478558452], [55.47000449529753, -21.260299260230433], [55.47007570138851, -21.26170814831916], [55.47027161204522, -21.263265405925907], [55.47083869978799, -21.26536620438161], [55.47118171391895, -21.26733037673224], [55.47097822765518, -21.268630841966676], [55.47006432526747, -21.269802494449692], [55.469707199390484, -21.2699501013416], [55.46861065204903, -21.27040352799067], [55.46716857769858, -21.271000137392544], [55.46685168327111, -21.271542844338462], [55.466689263135926, -21.272058051256924], [55.46671465949495, -21.273327413055156], [55.466722619925086, -21.273675254378603], [55.46688616326715, -21.273889017531445], [55.46688547929116, -21.274327109736337], [55.46675812878984, -21.275084718849392], [55.466518043163795, -21.275468240303155]]]}";9740301;97403;974;4;974030102;Le Serre-La Mare-Grand Fond;Entre-Deux;LA REUNION;Le Serre-La Mare-Grand Fond;LA REUNION;;4;;;;;;Iris d'habitat;1235;159.843613398;79.921806699;;167.209125562;;83.604562781;159.843613398;79;79.921806699;106.287698134;;106.287698134;113.270394362;;113.270394362;106.287698134;106;106.287698134;889.591560386;175.400072018;1240.306155820;324.746815043;62.850761330;70.961242607;62.850761330;96.992852068;96.247882956;96.992852068;101.479913969;94.118656247;101.479913969;81.154608953;83.923316652;81.154608953;132.463071560;117.542208891;132.463071560;106.287698134;113.270394362;106.287698134;81.154608953;;81.154608953;83.923316652;;83.923316652;81.154608953;81;81.154608953;233.942985529;;116.971492765;211.660865138;;105.830432569;233.942985529;116;116.971492765;;;;266.131311532;;88.710437177;280.479519924;;93.493173308;266.131311532;88;88.710437177;315.097594482;;105.032531494;295.584181790;;98.528060597;315.097594482;105;105.032531494;Polygon;15154.5;1;2227.958799259;1049.060845373;42.701271254;518.041362310;442.949572035;0.197169218;0.261827947;0.470861869;0.164557459;0.140704317;15154.5;15154.5;581.228906014;;576.063701714;;581.228906014;96;0.313710150;0.277854799;0.313710150;0.269945611;0.272035020;0.269945611;0.463995141;0.500285372;0.463995141;0.202770319;0.196080739;0.202770319;0.106221542;0.119705354;0.106221542;14258;13379.047619048;14258
L'Étang-Salé;LA REUNION;CA Civis (Communauté Intercommunale des Villes Solidaires);LA REUNION;4695.912654682;96.044783864;97.743154969;96.044783864;Non;974040101;97404;69;249740077;-21.2632570237, 55.3608413848;"{""type"": ""Polygon"", ""coordinates"": [[[55.35622437975419, -21.24716299057029], [55.35643373849429, -21.247224646913388], [55.35807851225057, -21.247701102294744], [55.35990376869915, -21.24796569351231], [55.36106190944625, -21.247616553525273], [55.36241158691473, -21.247372237891543], [55.36295669534728, -21.247306173658718], [55.36326371014217, -21.247337155580993], [55.363226921422076, -21.247353057206695], [55.363143899532965, -21.247367606710053], [55.362205340234624, -21.247987615775795], [55.36159957776169, -21.248572013272664], [55.36134618359694, -21.249181060329036], [55.36108827775743, -21.250023556697407], [55.36078088126418, -21.25342271028481], [55.36133318764259, -21.25375325532564], [55.36306754711683, -21.25471401817], [55.36489456054216, -21.254964793916148], [55.36630073802652, -21.254974968288256], [55.367382758756435, -21.253975449468278], [55.36785705839773, -21.253167103580616], [55.36861692184705, -21.25328827090396], [55.369500205781264, -21.25348921292782], [55.36967465752872, -21.25357219429057], [55.36989927744135, -21.253736954631957], [55.370117679932676, -21.253941398303816], [55.37059072020179, -21.254384959299678], [55.370928165125925, -21.254717010083517], [55.37091842135719, -21.254726851842914], [55.37034371802432, -21.255772698431567], [55.36964997982547, -21.258090092834617], [55.369284756086486, -21.25940532728811], [55.3691433612164, -21.260476135249068], [55.36898672615773, -21.261574344938104], [55.368844846508296, -21.261988925280274], [55.36881104288593, -21.262083440907016], [55.36846526687458, -21.262768832974366], [55.36824482104089, -21.26309864821882], [55.36734784044908, -21.26439698331178], [55.36663996611517, -21.267244437366287], [55.36688132255188, -21.267902546873483], [55.36733454407234, -21.268442123756614], [55.36799408137655, -21.269148092516197], [55.36877757316638, -21.269930681903023], [55.3693064614009, -21.270469631882694], [55.369351230892406, -21.27051703502395], [55.36944163400895, -21.270620882285378], [55.36944413165276, -21.270918983780014], [55.36889912387127, -21.27192987974109], [55.368765491162556, -21.272163434375056], [55.36859113829119, -21.272462984403376], [55.36728798540227, -21.27576307686875], [55.36713912180687, -21.27615364994585], [55.367070614068176, -21.276248731629224], [55.36675903207632, -21.276625984076908], [55.366166572505556, -21.27730491073934], [55.3650611259864, -21.27853345857337], [55.36413517819645, -21.279127845392605], [55.36295489760879, -21.279234702877968], [55.361457872905646, -21.27939989201472], [55.36118573573831, -21.2794333742447], [55.35977075833161, -21.279716770475606], [55.358144234806346, -21.280044158255894], [55.357190896320404, -21.28023809364979], [55.357142732435015, -21.279802252637182], [55.35704377990897, -21.279514050665927], [55.35697598527105, -21.279370674191792], [55.35628313964109, -21.277803983649907], [55.35559734385695, -21.276211165104474], [55.35860205459409, -21.27456673451747], [55.357428112995116, -21.27276005989042], [55.35632976741776, -21.270960438772185], [55.357613927483186, -21.26791271679885], [55.356836632612996, -21.264928892816762], [55.35669172192801, -21.264701664288975], [55.356411356415464, -21.26426355785108], [55.35631936037529, -21.264130784343838], [55.35621583253636, -21.263995188509497], [55.35601305336477, -21.263772814483833], [55.35597400109491, -21.263731786714242], [55.35589398967651, -21.263647906022854], [55.35541537853847, -21.263187088639633], [55.354281038810726, -21.262076293935902], [55.35319399780006, -21.260872918835336], [55.35216209827201, -21.25965155989921], [55.35013486295758, -21.25747745137844], [55.34821023386702, -21.255784860578782], [55.34638875084213, -21.254782448056208], [55.34604953437661, -21.25470053628471], [55.34582503798889, -21.25461342694362], [55.34527399762246, -21.254345170029154], [55.345167631432375, -21.25429264007067], [55.34437160369702, -21.251805379946653], [55.34458398428945, -21.2518553384054], [55.34644220010158, -21.25251206942321], [55.34798112492842, -21.253087290196103], [55.349288232598354, -21.25541514963179], [55.35193352825596, -21.25759169859854], [55.35303536041708, -21.258155264990442], [55.35426134829488, -21.25864596970075], [55.354620641517805, -21.258656704051067], [55.35494377386781, -21.25845301181582], [55.35479839998708, -21.25818151769917], [55.35454635288526, -21.257711167878178], [55.35359361620952, -21.256303615771838], [55.35307189915486, -21.255324352017276], [55.35289427454672, -21.25463929965533], [55.3530928954287, -21.252807621034652], [55.35329587002664, -21.252317326772925], [55.35393565482617, -21.251103269487704], [55.354688729388066, -21.249837925557102], [55.355248205921924, -21.249433303983576], [55.35607062065697, -21.247908489442004], [55.35609639047488, -21.24784370582154], [55.35610829193649, -21.247813110944964], [55.35612817111346, -21.24775820576741], [55.35614218973133, -21.24771046954428], [55.356150287680066, -21.24767532126607], [55.35622437975419, -21.24716299057029]]]}";9740401;97404;974;4;974040101;Centre Ville;L'Étang-Salé;LA REUNION;Centre Ville;LA REUNION;;4;;;;;;Iris d'habitat;2595;167.669938938;83.834969469;;173.975729139;;86.987864570;167.669938938;83;83.834969469;119.468692340;;119.468692340;124.720466243;;124.720466243;119.468692340;119;119.468692340;1332.928520829;326.441425737;1788.045008686;432.488864529;78.067421420;79.627119660;78.067421420;89.602517518;94.348609480;89.602517518;89.648511744;87.978454707;89.648511744;83.794229270;86.173693063;83.794229270;115.687330892;113.610586663;115.687330892;119.468692340;124.720466243;119.468692340;83.794229270;;83.794229270;86.173693063;;86.173693063;83.794229270;83;83.794229270;205.335842636;;102.667921318;201.589041370;;100.794520685;205.335842636;102;102.667921318;13674;;;287.138631278;;95.712877093;298.696195382;;99.565398461;287.138631278;95;95.712877093;289.130071906;;96.376690635;287.762734433;;95.920911478;289.130071906;96;96.376690635;Polygon;17033.846153846;1;3262.333174409;1357.015564503;48.173164722;797.881700929;577.056600782;0.244905425;0.241878064;0.415964738;0.169909826;0.122884867;17033.846153846;13674;576.268703184;;586.458929815;;576.268703184;96;0.313710150;0.307565344;0.313710150;0.269945611;0.256366326;0.269945611;0.463995141;0.472802960;0.463995141;0.202770319;0.197171340;0.202770319;0.106221542;0.108163218;0.106221542;14258;13657.619047619;14258
L'Étang-Salé;LA REUNION;CA Civis (Communauté Intercommunale des Villes Solidaires);LA REUNION;2951.853476998;94.565614661;96.396457160;94.565614661;Non;974040102;97404;69;249740077;-21.2685769623, 55.3756487165;"{""type"": ""Polygon"", ""coordinates"": [[[55.3874106157841, -21.272334837500097], [55.3873049357784, -21.272481962068433], [55.38613667953823, -21.27409115810182], [55.38566430247343, -21.274732549885716], [55.38479080490807, -21.275916490689397], [55.38337193809249, -21.277840839960025], [55.38188899989663, -21.27980430299344], [55.38078901228959, -21.281247990024593], [55.38134559319727, -21.283050843455484], [55.38167663574449, -21.283183192856587], [55.381961285795846, -21.283327741558065], [55.38222466713378, -21.283478408320732], [55.38249453772059, -21.283652621998243], [55.382773936778996, -21.283836862742984], [55.38302556853454, -21.284004577565398], [55.38312214643567, -21.28407415341502], [55.38322344393473, -21.28415280721324], [55.383417080127614, -21.28433622339183], [55.383773888542855, -21.284756958783458], [55.383842284497455, -21.28484794214948], [55.383984769753994, -21.285038092869076], [55.38421725336451, -21.2853709203298], [55.38442038423477, -21.285744112904982], [55.3845149709383, -21.285996129086637], [55.385003895825136, -21.287027835925155], [55.38551943185871, -21.287564805813453], [55.38685550257619, -21.28851069043013], [55.38836390431565, -21.28938685701001], [55.389814867037956, -21.290229040527482], [55.39097465282147, -21.290994361050824], [55.3916358800979, -21.291431540290283], [55.3915810814594, -21.291950396824184], [55.391502886703165, -21.292316377115935], [55.39143495628337, -21.292447605305924], [55.391357771959186, -21.29254351749835], [55.391296468771614, -21.29259712776492], [55.3912335624724, -21.292620914785203], [55.39119013669846, -21.292625919324088], [55.39118146333821, -21.29262583641968], [55.39118050946052, -21.29262492403237], [55.391067883167516, -21.292523584526187], [55.389065982515426, -21.291292249096006], [55.38820072693188, -21.29082871835451], [55.38731496190289, -21.290478798775915], [55.386787876490565, -21.29029219113185], [55.38570753265479, -21.289933172380366], [55.384404379803364, -21.28950245703345], [55.38093672844238, -21.28817837186944], [55.380424333224795, -21.287972014529423], [55.37964446312369, -21.287680432507663], [55.379117235508744, -21.287508704345615], [55.378317389303355, -21.28728150760288], [55.37780228138036, -21.287147377748557], [55.3764196161673, -21.28685313310037], [55.375214480070404, -21.286629238977643], [55.3734028398774, -21.286345281633103], [55.37217811282547, -21.28615098463625], [55.370283445110324, -21.285793930419064], [55.36951094925355, -21.28557960342476], [55.369088467041294, -21.285437312007414], [55.36855088595983, -21.28524512806398], [55.36788117391269, -21.28498934731206], [55.366823927017485, -21.284626811649392], [55.36580233930032, -21.2843666951671], [55.36470981204614, -21.284181757647204], [55.36410551848328, -21.284097077620206], [55.36292781373492, -21.28394585085143], [55.361799190665984, -21.28382286880217], [55.36024904532306, -21.283689903359804], [55.358400650335426, -21.283598275817347], [55.357734228185734, -21.283554743200717], [55.35682568406292, -21.283444713776255], [55.35660442039829, -21.283409133651347], [55.356582718320354, -21.283280659035626], [55.35656426729133, -21.28268613445355], [55.35651850885521, -21.280559415624843], [55.35655630979509, -21.28036648706361], [55.357190896320404, -21.28023809364979], [55.358144234806346, -21.280044158255894], [55.35977075833161, -21.279716770475606], [55.36118573573831, -21.2794333742447], [55.361457872905646, -21.27939989201472], [55.36295489760879, -21.279234702877968], [55.36413517819645, -21.279127845392605], [55.3650611259864, -21.27853345857337], [55.366166572505556, -21.27730491073934], [55.36675903207632, -21.276625984076908], [55.367070614068176, -21.276248731629224], [55.36713912180687, -21.27615364994585], [55.36728798540227, -21.27576307686875], [55.36859113829119, -21.272462984403376], [55.368765491162556, -21.272163434375056], [55.36889912387127, -21.27192987974109], [55.36944413165276, -21.270918983780014], [55.36944163400895, -21.270620882285378], [55.369351230892406, -21.27051703502395], [55.3693064614009, -21.270469631882694], [55.36877757316638, -21.269930681903023], [55.36799408137655, -21.269148092516197], [55.36733454407234, -21.268442123756614], [55.36688132255188, -21.267902546873483], [55.36663996611517, -21.267244437366287], [55.36734784044908, -21.26439698331178], [55.36824482104089, -21.26309864821882], [55.36846526687458, -21.262768832974366], [55.36881104288593, -21.262083440907016], [55.368844846508296, -21.261988925280274], [55.36898672615773, -21.261574344938104], [55.3691433612164, -21.260476135249068], [55.369284756086486, -21.25940532728811], [55.36964997982547, -21.258090092834617], [55.37034371802432, -21.255772698431567], [55.37091842135719, -21.254726851842914], [55.370928165125925, -21.254717010083517], [55.37094960935904, -21.254694635674], [55.3717539863094, -21.25374765474741], [55.372036053350726, -21.253244549600208], [55.37204306543284, -21.253220229107892], [55.37208824654915, -21.253054464286624], [55.3721425252728, -21.252849946809636], [55.37220627630002, -21.2523095053306], [55.37221117128521, -21.25212709259507], [55.37214804040554, -21.251997315733117], [55.373527322996765, -21.249014941353852], [55.37478105522527, -21.246317677761738], [55.37493260780834, -21.245061788219598], [55.37514112238784, -21.24370708751861], [55.37532287717881, -21.242947382822976], [55.375389132981205, -21.242704138441088], [55.375437932155165, -21.24255918220462], [55.375552735489954, -21.242369698310288], [55.37578300769776, -21.242017834723523], [55.37644516160686, -21.24111552157121], [55.376608140507024, -21.240925597316767], [55.37860691973721, -21.239201513843245], [55.37942304629174, -21.237783996135736], [55.38010845065615, -21.23675089916036], [55.38133992793859, -21.23570048971268], [55.38339185938022, -21.233949753507176], [55.38344656354007, -21.233880725742353], [55.38357465567635, -21.233884663033763], [55.383561285777816, -21.23396221638835], [55.38293034574033, -21.235896398799547], [55.38288258071527, -21.237625707530952], [55.38299647008245, -21.2376954481426], [55.38306434552281, -21.237743972298233], [55.38311393713385, -21.23779051460676], [55.383164844763755, -21.237893072405996], [55.38332165027351, -21.2385331891017], [55.383397079687896, -21.238860896720656], [55.383426488729064, -21.238991249831873], [55.38366247626567, -21.240233704610947], [55.3836381227312, -21.240434900925017], [55.383587580981605, -21.240652105123004], [55.38353713942239, -21.240771756852983], [55.38341460885717, -21.241052403260216], [55.38270580812363, -21.242613235558586], [55.382255727290996, -21.245185500313735], [55.38132665163353, -21.24847352270992], [55.380458842237935, -21.249942938966946], [55.3796372903975, -21.251762359662195], [55.379304342558704, -21.25269133328847], [55.37807607928643, -21.256540091560872], [55.377838097149585, -21.259089535205106], [55.37771726555675, -21.261939087022302], [55.37777794576579, -21.264579923879396], [55.37785763908823, -21.266277028298976], [55.37964238192705, -21.266268007765458], [55.382673424994685, -21.26622938637997], [55.387008276342684, -21.266278169168242], [55.38869648591595, -21.266639372913673], [55.388950967886444, -21.266720391172232], [55.3889565820075, -21.26673580047131], [55.38929951366975, -21.267942688644137], [55.389082449083716, -21.269160481113637], [55.38856309239988, -21.27048332236613], [55.38769350717167, -21.271843456576995], [55.38743622964392, -21.27228359630147], [55.3874106157841, -21.272334837500097]]]}";9740401;97404;974;4;974040102;Centre Ville Est;L'Étang-Salé;LA REUNION;Centre Ville Est;LA REUNION;;4;;;;;;Iris d'habitat;2595;174.482216359;87.241108179;;180.793816432;;90.396908216;174.482216359;87;87.241108179;119.468692340;;119.468692340;124.720466243;;124.720466243;119.468692340;119;119.468692340;829.540248286;231.164834824;1085.341572139;250.948951949;88.829197042;90.603903311;88.829197042;85.653019317;90.189913120;85.653019317;83.854972991;82.292843458;83.854972991;94.657398551;97.345338456;94.657398551;94.930407727;93.226278373;94.930407727;119.468692340;124.720466243;119.468692340;94.657398551;;94.657398551;97.345338456;;97.345338456;94.657398551;94;94.657398551;178.785380718;;89.392690359;175.519121831;;87.759560916;178.785380718;89;89.392690359;14541;;;293.950908699;;97.983636233;305.514282674;;101.838094225;293.950908699;97;97.983636233;273.442779269;;91.147593090;272.864460287;;90.954820096;273.442779269;91;91.147593090;Polygon;17033.846153846;1;2035.715451771;792.062274756;42.592371848;566.570221777;297.654699726;0.278666207;0.231216567;0.389083000;0.191937109;0.100836543;17033.846153846;14541;567.393687968;;578.378742962;;567.393687968;94;0.313710150;0.307565344;0.313710150;0.269945611;0.256366326;0.269945611;0.463995141;0.472802960;0.463995141;0.202770319;0.197171340;0.202770319;0.106221542;0.108163218;0.106221542;14258;13657.619047619;14258
L'Étang-Salé;LA REUNION;CA Civis (Communauté Intercommunale des Villes Solidaires);LA REUNION;1153.254253466;80.160117768;81.523156312;80.160117768;Non;974040401;97404;69;249740077;-21.2517035645, 55.3852522763;"{""type"": ""Polygon"", ""coordinates"": [[[55.38796462818253, -21.22850973423553], [55.387962642709645, -21.228515134914968], [55.38764846762429, -21.230474948786686], [55.38765279317732, -21.230520153855565], [55.387657138370024, -21.23056355256276], [55.38775099475243, -21.23249790864139], [55.3879280539086, -21.234621843886064], [55.388140840519235, -21.236938065906674], [55.388148666147735, -21.237015822265658], [55.38817805078468, -21.23723740523197], [55.388386833377005, -21.238149900608033], [55.388853320160294, -21.239640695051115], [55.38908378442572, -21.242991333276457], [55.38917128289832, -21.24575573510175], [55.389841322705095, -21.247580424982925], [55.39099090941473, -21.249942040877833], [55.39154345475562, -21.250900848421125], [55.39179669971387, -21.251537362797837], [55.39195630589016, -21.25250087205816], [55.39198734054002, -21.253414377928266], [55.39237771613181, -21.256065145237773], [55.39282662225695, -21.25820702353467], [55.39234912315998, -21.260385680860743], [55.391942709820455, -21.261163586023102], [55.39082028814359, -21.26247752064807], [55.38989637640209, -21.262991689565663], [55.389466120506846, -21.263213395733125], [55.38899038321651, -21.263806813856313], [55.388906252821364, -21.26392253150806], [55.388890590811485, -21.26394496354551], [55.388849297409585, -21.264020443525514], [55.38880485784915, -21.264119378471243], [55.38877097763432, -21.264222027462182], [55.38875257268454, -21.264319404798915], [55.388735032931656, -21.264425823121126], [55.388713511468815, -21.264632466507987], [55.388694054595526, -21.264826483826578], [55.38869117402523, -21.264914073619444], [55.388686405880144, -21.26508655288379], [55.388697093779506, -21.26543260808592], [55.38870960997665, -21.265522151661507], [55.388928501583294, -21.266659657151965], [55.388950967886444, -21.266720391172232], [55.38869648591595, -21.266639372913673], [55.387008276342684, -21.266278169168242], [55.382673424994685, -21.26622938637997], [55.37964238192705, -21.266268007765458], [55.37785763908823, -21.266277028298976], [55.37777794576579, -21.264579923879396], [55.37771726555675, -21.261939087022302], [55.377838097149585, -21.259089535205106], [55.37807607928643, -21.256540091560872], [55.379304342558704, -21.25269133328847], [55.3796372903975, -21.251762359662195], [55.380458842237935, -21.249942938966946], [55.38132665163353, -21.24847352270992], [55.382255727290996, -21.245185500313735], [55.38270580812363, -21.242613235558586], [55.38341460885717, -21.241052403260216], [55.38353713942239, -21.240771756852983], [55.383587580981605, -21.240652105123004], [55.3836381227312, -21.240434900925017], [55.38366247626567, -21.240233704610947], [55.383426488729064, -21.238991249831873], [55.383397079687896, -21.238860896720656], [55.38332165027351, -21.2385331891017], [55.383164844763755, -21.237893072405996], [55.38311393713385, -21.23779051460676], [55.38306434552281, -21.237743972298233], [55.38299647008245, -21.2376954481426], [55.38288258071527, -21.237625707530952], [55.38293034574033, -21.235896398799547], [55.383561285777816, -21.23396221638835], [55.38357465567635, -21.233884663033763], [55.38361996937894, -21.232821041663325], [55.38369070878513, -21.231280735481203], [55.383789064593934, -21.22844359279768], [55.385606068052155, -21.22843840641506], [55.38735598733111, -21.228489465568583], [55.38796462818253, -21.22850973423553]]]}";9740404;97404;974;4;974040401;Le Maniron;L'Étang-Salé;LA REUNION;Le Maniron;LA REUNION;;4;;;;;;Iris d'habitat;2595;109.043346479;54.521673239;;112.897079600;;56.448539800;109.043346479;54;54.521673239;119.468692340;;119.468692340;124.720466243;;124.720466243;119.468692340;119;119.468692340;342.866517202;62.669507455;382.778188454;52.469615139;58.264313668;59.428368350;58.264313668;50.779032811;53.468711250;50.779032811;99.253027843;97.404048821;99.253027843;79.222039428;81.471668980;79.222039428;73.973600517;72.645674228;73.973600517;119.468692340;124.720466243;119.468692340;79.222039428;;79.222039428;81.471668980;;81.471668980;79.222039428;79;79.222039428;173.226628360;;86.613314180;170.049723049;;85.024861524;173.226628360;86;86.613314180;13728;;;228.512038819;;76.170679606;237.617545843;;79.205848614;228.512038819;76;76.170679606;252.448667788;;84.149555929;251.521392029;;83.840464010;252.448667788;84;84.149555929;Polygon;17033.846153846;1;750.842995282;345.785143526;25.255609573;185.257358431;90.617989880;0.182781066;0.137075771;0.460529226;0.160638782;0.078575899;17033.846153846;13728;480.960706607;;489.138937872;;480.960706607;80;0.313710150;0.307565344;0.313710150;0.269945611;0.256366326;0.269945611;0.463995141;0.472802960;0.463995141;0.202770319;0.197171340;0.202770319;0.106221542;0.108163218;0.106221542;14258;13657.619047619;14258
L'Étang-Salé;LA REUNION;CA Civis (Communauté Intercommunale des Villes Solidaires);LA REUNION;2631.517572655;92.182478179;93.781045367;92.182478179;Non;974040201;97404;69;249740077;-21.2231277999, 55.3758722086;"{""type"": ""Polygon"", ""coordinates"": [[[55.38796462818253, -21.22850973423553], [55.38735598733111, -21.228489465568583], [55.385606068052155, -21.22843840641506], [55.383789064593934, -21.22844359279768], [55.38369070878513, -21.231280735481203], [55.38361996937894, -21.232821041663325], [55.38357465567635, -21.233884663033763], [55.38344656354007, -21.233880725742353], [55.38339185938022, -21.233949753507176], [55.38133992793859, -21.23570048971268], [55.38010845065615, -21.23675089916036], [55.37942304629174, -21.237783996135736], [55.37860691973721, -21.239201513843245], [55.376608140507024, -21.240925597316767], [55.37644516160686, -21.24111552157121], [55.37578300769776, -21.242017834723523], [55.375552735489954, -21.242369698310288], [55.375437932155165, -21.24255918220462], [55.375389132981205, -21.242704138441088], [55.37532287717881, -21.242947382822976], [55.37514112238784, -21.24370708751861], [55.37493260780834, -21.245061788219598], [55.37478105522527, -21.246317677761738], [55.373527322996765, -21.249014941353852], [55.37214804040554, -21.251997315733117], [55.37221117128521, -21.25212709259507], [55.37220627630002, -21.2523095053306], [55.3721425252728, -21.252849946809636], [55.37208824654915, -21.253054464286624], [55.37204306543284, -21.253220229107892], [55.372036053350726, -21.253244549600208], [55.3717539863094, -21.25374765474741], [55.37094960935904, -21.254694635674], [55.370928165125925, -21.254717010083517], [55.37059072020179, -21.254384959299678], [55.370117679932676, -21.253941398303816], [55.36989927744135, -21.253736954631957], [55.36967465752872, -21.25357219429057], [55.369500205781264, -21.25348921292782], [55.36861692184705, -21.25328827090396], [55.36785705839773, -21.253167103580616], [55.367382758756435, -21.253975449468278], [55.36630073802652, -21.254974968288256], [55.36489456054216, -21.254964793916148], [55.36306754711683, -21.25471401817], [55.36133318764259, -21.25375325532564], [55.36078088126418, -21.25342271028481], [55.36108827775743, -21.250023556697407], [55.36134618359694, -21.249181060329036], [55.36159957776169, -21.248572013272664], [55.362205340234624, -21.247987615775795], [55.363143899532965, -21.247367606710053], [55.363226921422076, -21.247353057206695], [55.36326371014217, -21.247337155580993], [55.363318149278044, -21.247293424077668], [55.3633766514584, -21.24723076343244], [55.36341500204178, -21.24716068103749], [55.36379141693043, -21.246403785219403], [55.363837843189664, -21.246300360257838], [55.363852972169454, -21.246239085038898], [55.3638569991489, -21.246136151888514], [55.363864113500945, -21.245840853211888], [55.36384832422367, -21.245787407350953], [55.36383439193022, -21.245740302365032], [55.36363354241439, -21.245256912914613], [55.3635522172041, -21.2451179240795], [55.36340569127093, -21.24495030116178], [55.363209913483516, -21.244793039223794], [55.36308064501926, -21.244720426405156], [55.363042339212946, -21.24469927943575], [55.3628401632792, -21.24459795741762], [55.362535095603256, -21.244478473980966], [55.3623738566196, -21.24442180894777], [55.36212422648538, -21.244342606852104], [55.36198904895258, -21.244281678286818], [55.36188579277747, -21.244209317290952], [55.36180071108455, -21.244148875248822], [55.36166032271733, -21.244036409726778], [55.36160905922088, -21.243967263527388], [55.361511309302266, -21.24383263056493], [55.36130995513596, -21.243482917054664], [55.3612224087385, -21.243296897026866], [55.361060853661684, -21.242920472113774], [55.36105524024257, -21.242469688539575], [55.36107966313633, -21.24129389071898], [55.36166536487966, -21.240093707745903], [55.362800659818035, -21.23823045696625], [55.36318560117539, -21.237615456187143], [55.36383007625258, -21.236171275918565], [55.36372256366773, -21.234355811010467], [55.36387176580949, -21.23179152989912], [55.36387514251337, -21.229476941755895], [55.36361572757061, -21.227579823728018], [55.363326644196796, -21.225840037598758], [55.36306492030856, -21.22572459044796], [55.363010582693654, -21.225672577098067], [55.3629640707773, -21.225609800451526], [55.36293988324458, -21.225531884842162], [55.36293201128924, -21.22545954712064], [55.362923973436644, -21.225314946437898], [55.362941215887, -21.225236529497078], [55.3630452577722, -21.22497468814802], [55.363097655553425, -21.22485325539804], [55.36363130142091, -21.223897354847676], [55.36417990583327, -21.222916531455233], [55.36456605377614, -21.222646358150197], [55.3646611978029, -21.222579535079177], [55.364747672603315, -21.222512627946188], [55.364828417670026, -21.222441148907844], [55.3649005034779, -21.222368682659955], [55.36502142782705, -21.222235267320897], [55.36506732692901, -21.222178806111117], [55.36510655300938, -21.222115957365887], [55.36523914725994, -21.221885101953294], [55.365288423451204, -21.22178441324993], [55.36563359057617, -21.2207083508092], [55.36608057923206, -21.21908950535455], [55.366280160989845, -21.21824236477141], [55.366550518991836, -21.217134863972113], [55.367102888883174, -21.215916956186444], [55.367544237627854, -21.21507057100704], [55.367606835437826, -21.214984462478782], [55.36763329849752, -21.2149431679809], [55.36625827857307, -21.215067162926566], [55.36644429563239, -21.214882889688734], [55.36698481788469, -21.214347061120968], [55.36748404848501, -21.21379908876939], [55.367764534002134, -21.213433266920006], [55.36779679565558, -21.213390221896613], [55.36803937804676, -21.213054744201326], [55.368077547681644, -21.213000013717075], [55.36808245293382, -21.21299193170557], [55.36823225185038, -21.212947312913727], [55.370115304823955, -21.21296189025056], [55.37075125494505, -21.210575264377248], [55.370775988193536, -21.210515887163606], [55.37092931205663, -21.21014973530667], [55.371015356579946, -21.209945522958], [55.37109140262592, -21.209774635120223], [55.37165144776243, -21.20877288965316], [55.37397232552085, -21.20618570212577], [55.37666938697175, -21.20380713699811], [55.376849662932074, -21.203704993296533], [55.377359482045286, -21.20341542522015], [55.37745640583922, -21.203360353460507], [55.37754471463304, -21.203212161662385], [55.377932317892196, -21.202559204608352], [55.37807461975565, -21.20214145203731], [55.37822228202244, -21.20158554978565], [55.37849853484265, -21.200544016933588], [55.378632158074474, -21.200038562655628], [55.37854817675738, -21.19961412068527], [55.37850850864814, -21.199453860274087], [55.37840490125907, -21.19906265099969], [55.37828189768139, -21.198595380386763], [55.37830995816984, -21.19823072682428], [55.378336838470865, -21.19788593394902], [55.37844847288424, -21.197453433733966], [55.378810818298064, -21.196818296258986], [55.37978866227466, -21.195826848742964], [55.38012713127507, -21.194553766224285], [55.38014457213122, -21.193969965726563], [55.3799609149955, -21.193190935975494], [55.3799169807564, -21.19306857246693], [55.379779516272485, -21.192779109302318], [55.379428129875045, -21.192189964964015], [55.379210138232395, -21.191954377175588], [55.379076949296355, -21.191538044329345], [55.378983490630645, -21.190790590421763], [55.37938529652267, -21.1898911689818], [55.37996571199218, -21.188863386952193], [55.380317836288484, -21.188279632911286], [55.38131222635705, -21.186381440717515], [55.382023223728154, -21.184016243539723], [55.3829151267917, -21.18122010228847], [55.38403650546629, -21.17870616378528], [55.38410359651275, -21.178558667449074], [55.38432795039443, -21.178119108655455], [55.38452878129637, -21.177805783707715], [55.385135467502415, -21.177011275072996], [55.385860294404466, -21.17695496777517], [55.386626029386434, -21.177300103849824], [55.386516313919905, -21.177382158438842], [55.38641227807612, -21.177473299955196], [55.38636046718511, -21.17754416448524], [55.386164886432525, -21.177817797682092], [55.386101473165525, -21.177981589116964], [55.38589487101797, -21.178826892396184], [55.3859223398436, -21.180998637402023], [55.38598202802666, -21.181932294435136], [55.38600805214482, -21.18321677953084], [55.38596266512583, -21.18553438475152], [55.38593238427167, -21.185750882375586], [55.385922646298155, -21.1857607254323], [55.385503143612915, -21.188205505404227], [55.38558858471217, -21.188585698493895], [55.385644355333206, -21.189303434061408], [55.385645947847856, -21.189334160727558], [55.38564581534704, -21.189612369076777], [55.385634762468094, -21.189743238780324], [55.38562706958441, -21.189830783241593], [55.38558900256897, -21.18996591122693], [55.385540056004736, -21.190038609073497], [55.385411847367166, -21.190226169094217], [55.38538542339368, -21.190264757542547], [55.38521318079401, -21.19051602932064], [55.38511730127284, -21.190653314475856], [55.38445209453503, -21.19159810660906], [55.38434160092189, -21.191750607208316], [55.384130430092185, -21.192038539760397], [55.382704067625994, -21.194333667383248], [55.38237381601804, -21.19573871335424], [55.3820845934513, -21.197444038735934], [55.38276398050309, -21.200774600398947], [55.38385191227827, -21.20232464818991], [55.385789388760365, -21.204321804683634], [55.388412502595166, -21.205098835627208], [55.3893689615186, -21.206789411799264], [55.390401008421186, -21.20977284260099], [55.39052694337896, -21.210151613127508], [55.39122098205747, -21.21224028265633], [55.3912215380957, -21.212366746813778], [55.39120416948743, -21.212547236812732], [55.39105768599977, -21.21344189207828], [55.39089089121853, -21.214255058477416], [55.390778301486776, -21.214644201006763], [55.390627881809095, -21.215057371240114], [55.38969192321251, -21.21804190430779], [55.389494634292696, -21.219666371062875], [55.38899899676456, -21.223127059056818], [55.38850515303452, -21.226552984070942], [55.38847040168657, -21.22682544129943], [55.38841353727609, -21.2272711161346], [55.38828492669599, -21.227670038564774], [55.38804678959652, -21.228307282355527], [55.38796462818253, -21.22850973423553]]]}";9740402;97404;974;4;974040201;Les Canots;L'Étang-Salé;LA REUNION;Les Canots;LA REUNION;;4;;;;;;Iris d'habitat;2595;153.868022016;76.934011008;;159.771987729;;79.885993864;153.868022016;76;76.934011008;119.468692340;;119.468692340;124.720466243;;124.720466243;119.468692340;119;119.468692340;755.921578793;161.462340442;1000.245058020;231.618117765;68.087271359;69.447577558;68.087271359;85.780750657;90.324410171;85.780750657;107.820054441;105.811480766;107.820054441;76.179536131;78.342769203;76.179536131;95.758564146;94.039568263;95.758564146;119.468692340;124.720466243;119.468692340;76.179536131;;76.179536131;78.342769203;;78.342769203;76.179536131;76;76.179536131;203.578618587;;101.789309293;199.851049029;;99.925524515;203.578618587;101;101.789309293;11850;;;273.336714356;;91.112238119;284.492453971;;94.830817990;273.336714356;91;91.112238119;279.758154718;;93.252718239;278.193818233;;92.731272744;279.758154718;93;93.252718239;Polygon;17033.846153846;1;1875.771695188;938.410713254;35.473375344;406.489172665;267.668029311;0.213596681;0.231561372;0.500279813;0.154469488;0.101716223;17033.846153846;11850;553.094869074;;562.686272204;;553.094869074;92;0.313710150;0.307565344;0.313710150;0.269945611;0.256366326;0.269945611;0.463995141;0.472802960;0.463995141;0.202770319;0.197171340;0.202770319;0.106221542;0.108163218;0.106221542;14258;13657.619047619;14258
L'Étang-Salé;LA REUNION;CA Civis (Communauté Intercommunale des Villes Solidaires);LA REUNION;819.341337874;88.522755606;90.137479754;88.522755606;Non;974040501;97404;69;249740077;-21.23040082, 55.3597899712;"{""type"": ""Polygon"", ""coordinates"": [[[55.354400786957505, -21.224479623032693], [55.35448148616122, -21.224325951814468], [55.35566828869798, -21.222113457167076], [55.35668367333304, -21.219805794762973], [55.35803529665059, -21.218666382385944], [55.36093970032025, -21.217487847383598], [55.36385326248263, -21.216086241207293], [55.365522439985526, -21.215668842915587], [55.36571387838862, -21.215604757828597], [55.36572360977404, -21.215595819355368], [55.36625827857307, -21.215067162926566], [55.36763329849752, -21.2149431679809], [55.367606835437826, -21.214984462478782], [55.367544237627854, -21.21507057100704], [55.367102888883174, -21.215916956186444], [55.366550518991836, -21.217134863972113], [55.366280160989845, -21.21824236477141], [55.36608057923206, -21.21908950535455], [55.36563359057617, -21.2207083508092], [55.365288423451204, -21.22178441324993], [55.36523914725994, -21.221885101953294], [55.36510655300938, -21.222115957365887], [55.36506732692901, -21.222178806111117], [55.36502142782705, -21.222235267320897], [55.3649005034779, -21.222368682659955], [55.364828417670026, -21.222441148907844], [55.364747672603315, -21.222512627946188], [55.3646611978029, -21.222579535079177], [55.36456605377614, -21.222646358150197], [55.36417990583327, -21.222916531455233], [55.36363130142091, -21.223897354847676], [55.363097655553425, -21.22485325539804], [55.3630452577722, -21.22497468814802], [55.362941215887, -21.225236529497078], [55.362923973436644, -21.225314946437898], [55.36293201128924, -21.22545954712064], [55.36293988324458, -21.225531884842162], [55.3629640707773, -21.225609800451526], [55.363010582693654, -21.225672577098067], [55.36306492030856, -21.22572459044796], [55.363326644196796, -21.225840037598758], [55.36361572757061, -21.227579823728018], [55.36387514251337, -21.229476941755895], [55.36387176580949, -21.23179152989912], [55.36372256366773, -21.234355811010467], [55.36383007625258, -21.236171275918565], [55.36318560117539, -21.237615456187143], [55.362800659818035, -21.23823045696625], [55.36166536487966, -21.240093707745903], [55.36107966313633, -21.24129389071898], [55.36105524024257, -21.242469688539575], [55.361060853661684, -21.242920472113774], [55.3612224087385, -21.243296897026866], [55.36130995513596, -21.243482917054664], [55.361511309302266, -21.24383263056493], [55.36160905922088, -21.243967263527388], [55.36166032271733, -21.244036409726778], [55.36180071108455, -21.244148875248822], [55.36188579277747, -21.244209317290952], [55.36198904895258, -21.244281678286818], [55.36212422648538, -21.244342606852104], [55.3623738566196, -21.24442180894777], [55.362535095603256, -21.244478473980966], [55.3628401632792, -21.24459795741762], [55.363042339212946, -21.24469927943575], [55.36308064501926, -21.244720426405156], [55.363209913483516, -21.244793039223794], [55.36340569127093, -21.24495030116178], [55.3635522172041, -21.2451179240795], [55.36363354241439, -21.245256912914613], [55.36383439193022, -21.245740302365032], [55.36384832422367, -21.245787407350953], [55.363864113500945, -21.245840853211888], [55.3638569991489, -21.246136151888514], [55.363852972169454, -21.246239085038898], [55.363837843189664, -21.246300360257838], [55.36379141693043, -21.246403785219403], [55.36341500204178, -21.24716068103749], [55.3633766514584, -21.24723076343244], [55.363318149278044, -21.247293424077668], [55.36326371014217, -21.247337155580993], [55.36295669534728, -21.247306173658718], [55.36241158691473, -21.247372237891543], [55.36106190944625, -21.247616553525273], [55.35990376869915, -21.24796569351231], [55.35807851225057, -21.247701102294744], [55.35643373849429, -21.247224646913388], [55.35622437975419, -21.24716299057029], [55.356230891499564, -21.247097115893375], [55.35631890604913, -21.24680622015772], [55.3565452764797, -21.24624614583423], [55.35676674398776, -21.243347475532875], [55.356840002199256, -21.24099789856483], [55.35726312787564, -21.239678739727847], [55.35750983168702, -21.238281987052854], [55.357571625357, -21.23670458678389], [55.35766333053737, -21.23456746178556], [55.356044119765635, -21.232315199553682], [55.35365631986701, -21.23136155234924], [55.3528880560429, -21.231357666261868], [55.352440677773565, -21.230609912423223], [55.35237307643972, -21.22941062237209], [55.3526098667916, -21.227694024938586], [55.352633837784126, -21.227617481610057], [55.35273763821546, -21.227292417000076], [55.352751585273076, -21.22725100305078], [55.35317166091897, -21.226292224738717], [55.35333160855565, -21.225942416191597], [55.35375505745386, -21.22537342713735], [55.354361575861645, -21.224540662604113], [55.354386037717475, -21.224506577122174], [55.354400786957505, -21.224479623032693]]]}";9740405;97404;974;4;974040501;Ravine Seche;L'Étang-Salé;LA REUNION;Ravine Seche;LA REUNION;;4;;;;;;Iris d'habitat;2595;151.611856564;75.805928282;;157.690324749;;78.845162374;151.611856564;75;75.805928282;119.468692340;;119.468692340;124.720466243;;124.720466243;119.468692340;119;119.468692340;243.162101695;45.140191597;320.629152343;80.006268608;59.175091646;60.357342636;59.175091646;92.436764918;97.332982113;92.436764918;69.933067702;68.630288553;69.933067702;66.321193017;68.204483535;66.321193017;123.801724015;121.579315442;123.801724015;119.468692340;124.720466243;119.468692340;66.321193017;;66.321193017;68.204483535;;68.204483535;66.321193017;66;66.321193017;193.734791717;;96.867395858;190.209603995;;95.104801998;193.734791717;96;96.867395858;;;;271.080548904;;90.360182968;282.410790992;;94.136930331;271.080548904;90;90.360182968;260.055984733;;86.685328244;258.414087530;;86.138029177;260.055984733;86;86.685328244;Polygon;17033.846153846;1;586.193058777;190.211461858;7.516407438;110.184772773;107.746745421;0.185638269;0.249528990;0.324486036;0.134479694;0.131504100;17033.846153846;17033.846153846;531.136533637;;540.824878522;;531.136533637;88;0.313710150;0.307565344;0.313710150;0.269945611;0.256366326;0.269945611;0.463995141;0.472802960;0.463995141;0.202770319;0.197171340;0.202770319;0.106221542;0.108163218;0.106221542;14258;13657.619047619;14258
L'Étang-Salé;LA REUNION;CA Civis (Communauté Intercommunale des Villes Solidaires);LA REUNION;1978.120704324;92.288837288;94.097446129;92.288837288;Non;974040301;97404;69;249740077;-21.2659603798, 55.3424766799;"{""type"": ""Polygon"", ""coordinates"": [[[55.3344796029001, -21.25047679843985], [55.334532680427955, -21.25055500274281], [55.33467048698085, -21.25063856034133], [55.33563075811859, -21.25092714970913], [55.33651262186866, -21.25099095274042], [55.33994269774443, -21.251940667730064], [55.34087111340809, -21.25215033115094], [55.34158639797223, -21.252205242433945], [55.34211628897842, -21.25220955154784], [55.34257218877327, -21.252195969609495], [55.34265518436301, -21.252184140031016], [55.342711295117496, -21.252163916775846], [55.34276296259152, -21.2521102292915], [55.34279845396641, -21.25203831761241], [55.342801778665816, -21.251999510224973], [55.34340933794601, -21.251606693738424], [55.344364879955336, -21.251803507392673], [55.34437160369702, -21.251805379946653], [55.345167631432375, -21.25429264007067], [55.34527399762246, -21.254345170029154], [55.34582503798889, -21.25461342694362], [55.34604953437661, -21.25470053628471], [55.34638875084213, -21.254782448056208], [55.34821023386702, -21.255784860578782], [55.35013486295758, -21.25747745137844], [55.35216209827201, -21.25965155989921], [55.35319399780006, -21.260872918835336], [55.354281038810726, -21.262076293935902], [55.35541537853847, -21.263187088639633], [55.35589398967651, -21.263647906022854], [55.35597400109491, -21.263731786714242], [55.35601305336477, -21.263772814483833], [55.35621583253636, -21.263995188509497], [55.35631936037529, -21.264130784343838], [55.356411356415464, -21.26426355785108], [55.35669172192801, -21.264701664288975], [55.356836632612996, -21.264928892816762], [55.357613927483186, -21.26791271679885], [55.35632976741776, -21.270960438772185], [55.357428112995116, -21.27276005989042], [55.35860205459409, -21.27456673451747], [55.35559734385695, -21.276211165104474], [55.35628313964109, -21.277803983649907], [55.35697598527105, -21.279370674191792], [55.35704377990897, -21.279514050665927], [55.357142732435015, -21.279802252637182], [55.357190896320404, -21.28023809364979], [55.35655630979509, -21.28036648706361], [55.35651850885521, -21.280559415624843], [55.35656426729133, -21.28268613445355], [55.356582718320354, -21.283280659035626], [55.35660442039829, -21.283409133651347], [55.356493783595674, -21.283391795062872], [55.35395990009511, -21.28283839738457], [55.35136813937777, -21.28222706438197], [55.349256381961446, -21.28233463663534], [55.347208741741554, -21.281970299719436], [55.34654057598452, -21.281829116400495], [55.34440205834175, -21.281327040790888], [55.34162876016656, -21.28162469545111], [55.34048138143063, -21.281416481674558], [55.339655991155716, -21.280855553628395], [55.33864785787382, -21.279919775333372], [55.3373818229932, -21.27852349618788], [55.33634763727002, -21.277936103915735], [55.33514453056758, -21.27728832444069], [55.334120517178505, -21.276312621505102], [55.33371771710164, -21.27583873796041], [55.333363044256814, -21.27520225650901], [55.332361120264615, -21.273380415725818], [55.33225120751726, -21.27304331776178], [55.3321954812991, -21.27260107581976], [55.33219230233659, -21.272455620788783], [55.332365533460845, -21.272048162826238], [55.332602146774825, -21.271574491382676], [55.33270193389978, -21.27144179781255], [55.33293479399779, -21.2712155797314], [55.333170541195344, -21.271075198826253], [55.33363080343272, -21.27088981791905], [55.334352781323624, -21.270318225165582], [55.33443253307298, -21.270253076272066], [55.33445647097509, -21.270181052725516], [55.33453003257826, -21.269809639829383], [55.33454658103463, -21.269537924295502], [55.334343949339136, -21.268962355227416], [55.334073419473185, -21.268255142864327], [55.33357586057393, -21.267428261765], [55.33294446607397, -21.266421211143715], [55.33176511593259, -21.263332607852565], [55.33182739211096, -21.261995958753936], [55.33180633744376, -21.261726580979268], [55.33177129876318, -21.26141551512701], [55.331732677826146, -21.261165834994205], [55.331694297986495, -21.260980288192556], [55.33165465965593, -21.260820923256937], [55.33147957217258, -21.26028265754665], [55.33135008418019, -21.259973366188753], [55.33112227605625, -21.259581808347296], [55.330587843036895, -21.258781652600778], [55.330431102536096, -21.25858228752464], [55.330301630555205, -21.25844280716206], [55.32965428019737, -21.25783030985486], [55.3295005196155, -21.25770865326118], [55.32831033788629, -21.256786373817242], [55.32590440259343, -21.255077025629596], [55.32481903649062, -21.25426234831914], [55.32365768752106, -21.25352187878517], [55.32326233068686, -21.253293940252036], [55.32243021642922, -21.252920747610638], [55.322280537442545, -21.25286506287831], [55.322365179072264, -21.25262293092755], [55.323679803020035, -21.250290266642374], [55.32401075991531, -21.24939662873664], [55.32416109477378, -21.248968175544594], [55.32429526234419, -21.248435687527593], [55.324457695521865, -21.247661408785408], [55.324633423477486, -21.246989329290358], [55.32465857340297, -21.246980546682977], [55.324911958422376, -21.24689635213605], [55.32533704876459, -21.2467939912257], [55.32662703543901, -21.24688989852779], [55.32706947021903, -21.247043325819305], [55.327521463393964, -21.247288978598124], [55.32778383484274, -21.247518297553878], [55.32825533923349, -21.24799898778853], [55.32848774109087, -21.248237492742717], [55.32866293698151, -21.248507947416137], [55.32921971885916, -21.248860315427947], [55.33034914278952, -21.249526363511073], [55.33141644000305, -21.249977718472046], [55.33286006012887, -21.250209233595356], [55.334236187703766, -21.25035968001932], [55.334394621390544, -21.25040821470865], [55.334448348666925, -21.250428617146216], [55.33447202765288, -21.25046498128508], [55.3344796029001, -21.25047679843985]]]}";9740403;97404;974;4;974040301;l'Etang Sale Les Bains;L'Étang-Salé;LA REUNION;l'Etang Sale Les Bains;LA REUNION;;4;;;;;;Iris d'habitat;2595;175.719664569;87.859832284;;182.625347294;;91.312673647;175.719664569;87;87.859832284;119.468692340;;119.468692340;124.720466243;;124.720466243;119.468692340;119;119.468692340;595.047996340;135.912185292;841.297945186;233.717699786;72.807786488;74.262403207;72.807786488;102.911878080;108.362944087;102.911878080;51.838747225;50.873046145;51.838747225;72.722844838;74.787919937;72.722844838;133.983074758;131.577897155;133.983074758;119.468692340;124.720466243;119.468692340;72.722844838;;72.722844838;74.787919937;;74.787919937;72.722844838;72;72.722844838;185.821821983;;92.910910992;182.450943300;;91.225471650;185.821821983;92;92.910910992;31414;;;295.188356909;;98.396118970;307.345813537;;102.448604512;295.188356909;98;98.396118970;258.544666822;;86.181555607;257.238863237;;85.746287746;258.544666822;86;86.181555607;Polygon;17033.846153846;1;1405.763599008;338.127289545;12.536673228;291.694360047;281.523938944;0.228405416;0.277806098;0.240529268;0.147460344;0.142318888;17033.846153846;31414;553.733023731;;564.584676773;;553.733023731;92;0.313710150;0.307565344;0.313710150;0.269945611;0.256366326;0.269945611;0.463995141;0.472802960;0.463995141;0.202770319;0.197171340;0.202770319;0.106221542;0.108163218;0.106221542;14258;13657.619047619;14258
La Possession;LA REUNION;CA Territoire de la Côte Ouest (Tco);LA REUNION;2557.932026615;110.225833272;112.779195108;110.225833272;Non;974080101;97408;69;249740101;-20.9295536366, 55.3359425762;"{""type"": ""Polygon"", ""coordinates"": [[[55.338605894561276, -20.934488054803115], [55.33767456027804, -20.935764361381032], [55.33760531675185, -20.935678777841918], [55.335454693930856, -20.933136740472737], [55.33372364856553, -20.931348503597548], [55.33227597291169, -20.92984755522957], [55.33214592378386, -20.929349477481622], [55.33238129907875, -20.9281495045477], [55.331713015052806, -20.92737608460792], [55.33182686984681, -20.927252544007416], [55.33432993304924, -20.925992515756228], [55.33776475836395, -20.92480204409217], [55.337982821223015, -20.92473100105068], [55.33784285846082, -20.924868744582085], [55.337895326958794, -20.924993005882797], [55.33796613019124, -20.92511112267424], [55.33801719425652, -20.925188399309274], [55.33809317280719, -20.925273144798386], [55.33816259158847, -20.925342470503704], [55.33824348643237, -20.925417327630488], [55.33874782361394, -20.928244559374182], [55.33843843022879, -20.93162706891687], [55.33834039269046, -20.93406453786721], [55.33834714697449, -20.93414951261336], [55.338376032699436, -20.934232896292887], [55.33842897264312, -20.93431470761929], [55.33851162547027, -20.93440493782688], [55.338605894561276, -20.934488054803115]]]}";9740801;97408;974;4;974080101;Centre Ville;La Possession;LA REUNION;Centre Ville;LA REUNION;;4;;;;;;Iris d'habitat;5110;238.003577924;119.001788962;;250.310368615;;125.155184307;238.003577924;119;119.001788962;127.712512274;;127.712512274;121.451677449;;121.451677449;127.712512274;127;127.712512274;724.890131746;312.820357081;1004.922457722;272.475931437;137.560659543;137.463128948;137.560659543;100.442918381;112.847239667;100.442918381;94.511167424;95.255358152;94.511167424;107.408259622;111.319256493;107.408259622;93.719482390;98.338509941;93.719482390;127.712512274;121.451677449;127.712512274;107.408259622;;107.408259622;111.319256493;;111.319256493;107.408259622;107;107.408259622;188.230649814;;94.115324907;193.593868093;;96.796934047;188.230649814;94;94.115324907;11268;;;365.716090198;;121.905363399;371.762046064;;123.920682021;365.716090198;121;121.905363399;295.638909436;;98.546303145;304.913124587;;101.637708196;295.638909436;98;98.546303145;Polygon;18209.25;1;1641.812834311;719.979624827;119.937766968;557.097311929;254.642847733;0.431541751;0.271141250;0.438527224;0.217792070;0.099550279;18209.25;11268;661.354999634;;676.675170651;;661.354999634;110;0.313710150;0.313932729;0.313710150;0.269945611;0.240272824;0.269945611;0.463995141;0.460370138;0.463995141;0.202770319;0.195646357;0.202770319;0.106221542;0.101232243;0.106221542;14258;14993;14258
La Possession;LA REUNION;CA Territoire de la Côte Ouest (Tco);LA REUNION;1741.791268116;97.904285990;100.110325972;97.904285990;Non;974080701;97408;69;249740101;-20.981948009, 55.3835542313;"{""type"": ""Polygon"", ""coordinates"": [[[55.375727801326384, -20.991822699840416], [55.37554595234106, -20.99102787280124], [55.37543990291495, -20.99078387490115], [55.37525767052984, -20.990558119190414], [55.37465185307127, -20.989744792638422], [55.373653630838035, -20.988308057394452], [55.37330722252925, -20.987788967954998], [55.37286073271527, -20.987097295896668], [55.37232793422314, -20.98629369285289], [55.37139510183066, -20.985660598933222], [55.37062661554684, -20.985216957658835], [55.369390769265735, -20.984611440327736], [55.36847306624593, -20.984159360686174], [55.368280156006456, -20.984032858233068], [55.36737746500708, -20.982487707625587], [55.366734591112156, -20.98128558560589], [55.36618685113393, -20.980445690863405], [55.36590860670482, -20.98003021742565], [55.365561986726135, -20.979623120465472], [55.36513975885976, -20.97927039805886], [55.364476287338164, -20.978638048158206], [55.36417842426302, -20.97825851556338], [55.36343032638141, -20.976831356289964], [55.3633050944804, -20.976496838700974], [55.364398367479225, -20.974839861781867], [55.36440314620149, -20.974842617533653], [55.36443936424069, -20.974872773857964], [55.36447078391129, -20.974901980820547], [55.364497169320884, -20.974951915164855], [55.36455989078883, -20.975021167437475], [55.36463320022255, -20.9750896180301], [55.364888749100324, -20.975291698338435], [55.364952815756055, -20.97532573500379], [55.365190016776225, -20.975446342527178], [55.365521406574935, -20.975042137330117], [55.366259238152026, -20.9741414052003], [55.36629941098134, -20.974161662846257], [55.3663349523393, -20.974165616807966], [55.36637243661104, -20.974167782806344], [55.36773180970697, -20.974349049741555], [55.369284708538686, -20.974599453769123], [55.37020215878254, -20.974781664926834], [55.37356108963801, -20.975089268310388], [55.37382659245428, -20.975083673041574], [55.37463170696377, -20.975071483322413], [55.37612012606238, -20.975614104498597], [55.37741203192387, -20.976415894283694], [55.379779694610995, -20.977614972178532], [55.38173710523661, -20.978197686690397], [55.38289916872069, -20.97830898781906], [55.38402724542032, -20.978182391302852], [55.38506183989513, -20.978118131914094], [55.386843872561904, -20.978309352912333], [55.38879528830075, -20.978670171371352], [55.38956543690565, -20.97662786614952], [55.39111775579925, -20.975277194096527], [55.391527912906376, -20.975010528239533], [55.391899781286384, -20.974816667306097], [55.39280338629945, -20.974408320081768], [55.393191939493406, -20.974362754980618], [55.393465833813295, -20.974336883812295], [55.39505129391085, -20.9742904015423], [55.395397469772426, -20.974295468734784], [55.39778234262127, -20.97432062235726], [55.39901122258287, -20.97425268344366], [55.39987968388451, -20.974704363968883], [55.401402834092565, -20.976447586215972], [55.4014622750866, -20.976465306740156], [55.40153546099146, -20.976727951611537], [55.401638263986214, -20.979450570984294], [55.40076310980961, -20.982877619813785], [55.400587858172585, -20.983619392663115], [55.39989640038995, -20.984604724409017], [55.39959226384857, -20.98489453676961], [55.397662774058006, -20.986615250419145], [55.39698149951839, -20.986891120654395], [55.39632428663952, -20.987120242939792], [55.39554378066809, -20.98738839787258], [55.39444280272212, -20.987628235425632], [55.3940773209447, -20.98767176077575], [55.39369104572004, -20.987725928794628], [55.393332636918466, -20.98787249546763], [55.392811606528944, -20.988205413003545], [55.39116799377233, -20.989356955338575], [55.39028959060523, -20.99000738458871], [55.38681133683108, -20.989758352986883], [55.38610043842703, -20.989588119600473], [55.384535317987584, -20.989338420815166], [55.38148144524673, -20.989162183523057], [55.378656896357235, -20.99064200897731], [55.37718743580787, -20.99128696354824], [55.37598133906693, -20.991770017422066], [55.375727801326384, -20.991822699840416]]]}";9740807;97408;974;4;974080701;Dos d'Ane;La Possession;LA REUNION;Dos d'Ane;LA REUNION;;4;;;;;;Iris d'habitat;5110;141.536515845;70.768257923;;151.430256446;;75.715128223;141.536515845;70;70.768257923;127.712512274;;127.712512274;121.451677449;;121.451677449;127.712512274;127;127.712512274;471.587656374;90.351314617;612.527474280;133.047045471;61.072187562;61.028887343;61.072187562;80.464328283;90.401369103;80.464328283;120.944844728;121.897176971;120.944844728;83.095058028;86.120751891;83.095058028;114.136785065;119.762093074;114.136785065;127.712512274;121.451677449;127.712512274;83.095058028;;83.095058028;86.120751891;;86.120751891;83.095058028;83;83.095058028;235.081629794;;117.540814897;241.659270045;;120.829635022;235.081629794;117;117.540814897;11818;;;269.249028119;;89.749676040;272.881933895;;90.960644632;269.249028119;89;89.749676040;318.176687822;;106.058895941;327.780021936;;109.260007312;318.176687822;106;106.058895941;Polygon;18209.25;1;1189.697857775;667.632505147;20.307958305;293.478092916;211.171033810;0.191589651;0.217209923;0.561178202;0.168492114;0.121237853;18209.25;11818;587.425715941;;600.661955831;;587.425715941;97;0.313710150;0.313932729;0.313710150;0.269945611;0.240272824;0.269945611;0.463995141;0.460370138;0.463995141;0.202770319;0.195646357;0.202770319;0.106221542;0.101232243;0.106221542;14258;14993;14258
La Possession;LA REUNION;CA Territoire de la Côte Ouest (Tco);LA REUNION;3095.344635655;75.817935696;77.291563745;75.817935696;Non;974080601;97408;69;249740101;-20.9220276122, 55.367742115;"{""type"": ""Polygon"", ""coordinates"": [[[55.345508403478036, -20.921173781839865], [55.34554056229806, -20.92113434869231], [55.3466191618228, -20.92004639560217], [55.34683327469562, -20.91989626434005], [55.34694430735318, -20.919809268485974], [55.34702676911885, -20.91974141671174], [55.34712185622584, -20.919661944329096], [55.34728196305967, -20.9195270972107], [55.34799933814185, -20.91889631581225], [55.348474220442604, -20.91837338732804], [55.348746600967324, -20.91799392913823], [55.34911675523999, -20.917289327251144], [55.34946313513487, -20.916297247502843], [55.34980808642595, -20.91543522702982], [55.35121878241799, -20.91293860135737], [55.35151449131671, -20.91227030884715], [55.35175747234678, -20.91194024192174], [55.35194259449372, -20.911714398356246], [55.3523180261366, -20.911403674410618], [55.352497018322396, -20.911298812406585], [55.35290573995718, -20.911108546268597], [55.35491951146619, -20.910247242077244], [55.357595235888425, -20.909155615539973], [55.35825977007357, -20.908866626217293], [55.35890801032672, -20.90857296112627], [55.35969141894601, -20.908136967296663], [55.36029328081075, -20.907776007241537], [55.36156065206213, -20.906946295017125], [55.36189387742303, -20.906712826823618], [55.36272921175386, -20.906096656250085], [55.36321044724554, -20.905688460604548], [55.3636453565022, -20.905296982371464], [55.364033988990585, -20.90491770591673], [55.367276946849614, -20.901406891809042], [55.36742743704154, -20.901091271497], [55.36747761983603, -20.900984258271738], [55.368075542300055, -20.90018332292435], [55.369171317222005, -20.899122470169324], [55.36974765305944, -20.898627540935955], [55.37036193388263, -20.89817903975614], [55.37096246806921, -20.897846027693827], [55.37212472173286, -20.89748042657272], [55.37542778697299, -20.89630053028524], [55.37578073417613, -20.896106061701662], [55.375885759119235, -20.896261524718007], [55.376064437357755, -20.896897341692764], [55.376157864713754, -20.897594676380137], [55.37664353936595, -20.90020803092682], [55.377294011997414, -20.903677474382707], [55.37783149079351, -20.90666122071012], [55.379112359305516, -20.90966511958644], [55.380017981022526, -20.911539935951584], [55.38158185549419, -20.91420370017285], [55.38181403644132, -20.914874345006496], [55.3818828227489, -20.9150041692029], [55.38189413501117, -20.915025052372364], [55.382141362362425, -20.915368843521744], [55.383282368200426, -20.916905781559535], [55.38469797764958, -20.918477829968673], [55.38544666737711, -20.919935617819494], [55.38665752943014, -20.920790750339425], [55.38766895260889, -20.921372548470366], [55.388950462441684, -20.92223149468004], [55.38917271642576, -20.923565063753365], [55.38877810301346, -20.92480387772858], [55.38897148752204, -20.926470000188154], [55.38939195132806, -20.928239477373683], [55.39053759042793, -20.931517989861625], [55.390787222294385, -20.932000902091456], [55.39085276638346, -20.93207559112368], [55.39063750742909, -20.931975101068062], [55.39062890325322, -20.931970503403708], [55.39055726292832, -20.931926469164473], [55.39050114948786, -20.931869031761394], [55.389279481685605, -20.93169965331179], [55.388142852518584, -20.931760057017968], [55.38107564317377, -20.935909773122827], [55.379264076713916, -20.93784009168526], [55.378402798354486, -20.940273528139905], [55.37840250652823, -20.940300624364077], [55.37537249695154, -20.940501234786648], [55.37484352047257, -20.940424835944864], [55.37462210360054, -20.940360398968892], [55.374026841377415, -20.94001147326108], [55.372651655136146, -20.939141131395765], [55.371083806200026, -20.938838920760393], [55.369113641488354, -20.938485879362833], [55.368613819875435, -20.938648210787132], [55.36803648322338, -20.93890961351436], [55.36725730781089, -20.9392521859355], [55.3667578921439, -20.93928805407674], [55.36636337847821, -20.939314988991757], [55.3659501265073, -20.939296578722605], [55.364517735520685, -20.939006445206985], [55.361163149745536, -20.937757517496106], [55.35991392765614, -20.93795507800046], [55.358049302112086, -20.93753879141874], [55.35707873452415, -20.93660718622756], [55.356924718717174, -20.936535246312605], [55.356405664232724, -20.936345072154932], [55.3561946311867, -20.936299681162065], [55.3557041735281, -20.936308504844945], [55.354300674675095, -20.936370850459205], [55.352502356050906, -20.936576609223852], [55.35087781444493, -20.936629565651693], [55.35030072251224, -20.936647472547634], [55.34986872571429, -20.936322627026136], [55.34785029427847, -20.935733118893364], [55.34658094049039, -20.93575063210768], [55.34481372200798, -20.934439085293434], [55.344804197598314, -20.934430863305042], [55.34478207303099, -20.93215706965778], [55.34476590354351, -20.931178650404668], [55.34549923417989, -20.930589590147815], [55.34611615587723, -20.930181862923625], [55.3465688419552, -20.93010856619586], [55.34731067566225, -20.93023317920606], [55.34751178611754, -20.930305583232904], [55.34777221319707, -20.93040475671488], [55.34947122815925, -20.929406838523438], [55.35088818858543, -20.928524883837063], [55.35127302912081, -20.928105409480114], [55.35162254467131, -20.926125155694308], [55.35069794920971, -20.925395397493958], [55.350304804810115, -20.925212746682803], [55.34888567575241, -20.924848136731924], [55.34746262973129, -20.924268415215845], [55.345563414709936, -20.9212420617368], [55.345508403478036, -20.921173781839865]]]}";9740806;97408;974;4;974080601;La Ravine à Malheur;La Possession;LA REUNION;La Ravine à Malheur;LA REUNION;;4;;;;;;Iris d'habitat;5110;119.647451020;59.823725510;;127.898710676;;63.949355338;119.647451020;59;59.823725510;127.712512274;;127.712512274;121.451677449;;121.451677449;127.712512274;127;127.712512274;891.896135300;146.982891695;1086.260872971;196.803547045;52.531999898;52.494754676;52.531999898;67.115451122;75.403956000;67.115451122;54.199702711;54.626476788;54.199702711;88.034400605;91.239947986;88.034400605;65.313547568;68.532569569;65.313547568;127.712512274;121.451677449;127.712512274;88.034400605;;88.034400605;91.239947986;;91.239947986;88.034400605;88;88.034400605;119.513250279;;59.756625140;123.159046357;;61.579523178;119.513250279;59;59.756625140;24086;;;247.359963293;;82.453321098;249.350388126;;83.116796042;247.359963293;82;82.453321098;207.547650884;;69.182550295;214.398994342;;71.466331447;207.547650884;69;69.182550295;Polygon;18209.25;1;2005.520596147;504.356315118;74.815303016;552.542649452;214.745902282;0.164798216;0.181175215;0.251483987;0.178507635;0.069377057;18209.25;24086;454.907614177;;463.749382468;;454.907614177;75;0.313710150;0.313932729;0.313710150;0.269945611;0.240272824;0.269945611;0.463995141;0.460370138;0.463995141;0.202770319;0.195646357;0.202770319;0.106221542;0.101232243;0.106221542;14258;14993;14258
La Possession;LA REUNION;CA Territoire de la Côte Ouest (Tco);LA REUNION;7471.989212213;95.837020973;97.707592357;95.837020973;Non;974080301;97408;69;249740101;-20.9611807287, 55.3275683961;"{""type"": ""Polygon"", ""coordinates"": [[[55.31885573402676, -20.969052776567896], [55.31896895190254, -20.96881813818959], [55.319685649009486, -20.96733389587723], [55.32053516730171, -20.9639441388601], [55.320464819531914, -20.963871183436922], [55.320417438063195, -20.963808390360725], [55.32030679296636, -20.963641096876817], [55.32020206560951, -20.963374501086907], [55.32016319397238, -20.963238626310112], [55.320146824415325, -20.963154460136906], [55.32015143735471, -20.96308585648013], [55.32017204344328, -20.96304902516755], [55.32023091648246, -20.962943921853075], [55.32166202231307, -20.959697183622467], [55.32293032576518, -20.956815558795007], [55.32332598644375, -20.9559134608753], [55.32402938580251, -20.954317957991343], [55.32421180869842, -20.953911468359042], [55.32457022568215, -20.953114232524175], [55.32579397331807, -20.950337372431566], [55.32682126724499, -20.94805853935462], [55.32762803779081, -20.94623911281862], [55.32861369001772, -20.943981535238624], [55.32897874206037, -20.943145058785692], [55.32913114706592, -20.94318810270135], [55.32930846897521, -20.943238616791355], [55.329388887721244, -20.943270116029062], [55.32941072983585, -20.943294718584145], [55.329444579348774, -20.94336369959812], [55.329488693859176, -20.943460782907525], [55.32954921278265, -20.943552607156764], [55.32960424383765, -20.943619085722357], [55.3296699307987, -20.943678442353292], [55.330244411157004, -20.94415829051769], [55.33026538227263, -20.94417475490109], [55.33029606756071, -20.944268996728937], [55.330704854715776, -20.94512389064491], [55.33039924771615, -20.94779642385749], [55.32975876754476, -20.948627044050173], [55.32892626919316, -20.949758133927418], [55.32875154356236, -20.951969652506303], [55.32976534616997, -20.954748201096994], [55.33045304213819, -20.957637309520702], [55.33125572871881, -20.959611613537927], [55.33303708789799, -20.960615426519528], [55.33335208206902, -20.96074044968347], [55.33439523236631, -20.960934915200728], [55.334354819041074, -20.961023945332276], [55.333445900432515, -20.963555543773275], [55.33407220204466, -20.964668049812868], [55.33521746550692, -20.965406068979775], [55.33583602437037, -20.965431078827045], [55.33690287561737, -20.96548575341569], [55.33770134039243, -20.96554774002048], [55.34109956053803, -20.96592680836477], [55.34149895757796, -20.965986699123768], [55.34211185399989, -20.966351266473364], [55.34206397125709, -20.96707433202239], [55.34210122395617, -20.967097276551723], [55.34181691455848, -20.967065605396527], [55.34155756657165, -20.967037789821486], [55.33965919902566, -20.966863940773827], [55.33718612454257, -20.96748251531254], [55.33472009741205, -20.967636834403134], [55.33145912571964, -20.967800950113244], [55.33033598071337, -20.96900395935696], [55.3303100881921, -20.970815686824896], [55.32824108118523, -20.970677070864113], [55.326862073592295, -20.970584047428225], [55.32540612509651, -20.970405348574957], [55.32365490272616, -20.96979874042039], [55.32150567079889, -20.969440209645157], [55.31885573402676, -20.969052776567896]]]}";9740803;97408;974;4;974080301;La Riviere des Galets;La Possession;LA REUNION;La Riviere des Galets;LA REUNION;;4;;;;;;Iris d'habitat;5110;212.133587504;106.066793752;;222.335300161;;111.167650081;212.133587504;106;106.066793752;127.712512274;;127.712512274;121.451677449;;121.451677449;127.712512274;127;127.712512274;2061.569643749;832.909261246;2740.447220346;616.576478749;128.786728129;128.695418257;128.786728129;83.346859375;93.639881904;83.346859375;71.483124687;72.045990220;71.483124687;104.715715143;108.528669899;104.715715143;58.977186230;61.883916412;58.977186230;127.712512274;121.451677449;127.712512274;104.715715143;;104.715715143;108.528669899;;108.528669899;104.715715143;104;104.715715143;130.460310917;;65.230155458;133.929906632;;66.964953316;130.460310917;65;65.230155458;15588;;;339.846099777;;113.282033259;343.786977611;;114.595659204;339.846099777;113;113.282033259;235.176026060;;78.392008687;242.458576530;;80.819525510;235.176026060;78;78.392008687;Polygon;18209.25;1;4586.193400617;1521.140486117;150.487055131;1586.545322576;468.093797517;0.404017038;0.224991189;0.331678225;0.212332389;0.062646477;18209.25;15588;575.022125837;;586.245554141;;575.022125837;95;0.313710150;0.313932729;0.313710150;0.269945611;0.240272824;0.269945611;0.463995141;0.460370138;0.463995141;0.202770319;0.195646357;0.202770319;0.106221542;0.101232243;0.106221542;14258;14993;14258
La Possession;LA REUNION;CA Territoire de la Côte Ouest (Tco);LA REUNION;2704.042715611;106.182874168;109.355432009;106.182874168;Non;974080102;97408;69;249740101;-20.9280467027, 55.3437296943;"{""type"": ""Polygon"", ""coordinates"": [[[55.345508403478036, -20.921173781839865], [55.345563414709936, -20.9212420617368], [55.34746262973129, -20.924268415215845], [55.34888567575241, -20.924848136731924], [55.350304804810115, -20.925212746682803], [55.35069794920971, -20.925395397493958], [55.35162254467131, -20.926125155694308], [55.35127302912081, -20.928105409480114], [55.35088818858543, -20.928524883837063], [55.34947122815925, -20.929406838523438], [55.34777221319707, -20.93040475671488], [55.34751178611754, -20.930305583232904], [55.34731067566225, -20.93023317920606], [55.3465688419552, -20.93010856619586], [55.34611615587723, -20.930181862923625], [55.34549923417989, -20.930589590147815], [55.34476590354351, -20.931178650404668], [55.34478207303099, -20.93215706965778], [55.344804197598314, -20.934430863305042], [55.34470768446281, -20.934376633047034], [55.3441851711061, -20.934217726372385], [55.343793789644806, -20.93415910564787], [55.342976178905815, -20.934104197138584], [55.34230255595408, -20.934070555910946], [55.34201452638393, -20.934207767282963], [55.34113871913703, -20.93463554354692], [55.339743718762705, -20.93497516168166], [55.339358909746984, -20.934994902588812], [55.339321575459046, -20.934980086648405], [55.33920395379106, -20.934922034785128], [55.33906261660173, -20.934834846816877], [55.33894420312492, -20.934761431197508], [55.33870018368217, -20.93456936535332], [55.338605894561276, -20.934488054803115], [55.33851162547027, -20.93440493782688], [55.33842897264312, -20.93431470761929], [55.338376032699436, -20.934232896292887], [55.33834714697449, -20.93414951261336], [55.33834039269046, -20.93406453786721], [55.33843843022879, -20.93162706891687], [55.33874782361394, -20.928244559374182], [55.33824348643237, -20.925417327630488], [55.33816259158847, -20.925342470503704], [55.33809317280719, -20.925273144798386], [55.33801719425652, -20.925188399309274], [55.33796613019124, -20.92511112267424], [55.337895326958794, -20.924993005882797], [55.33784285846082, -20.924868744582085], [55.337982821223015, -20.92473100105068], [55.33799054158121, -20.92472836635479], [55.33983687036616, -20.924079705804317], [55.34036113743222, -20.923877950484634], [55.340592381159325, -20.923744705173004], [55.342761099587825, -20.92254046040215], [55.34545771241352, -20.921237424230206], [55.345508403478036, -20.921173781839865]]]}";9740801;97408;974;4;974080102;Le Camp Magloire;La Possession;LA REUNION;Le Camp Magloire;LA REUNION;;4;;;;;;Iris d'habitat;5110;207.786700337;103.893350168;;222.488474847;;111.244237423;207.786700337;103;103.893350168;127.712512274;;127.712512274;121.451677449;;121.451677449;127.712512274;127;127.712512274;780.419173790;216.018760002;1163.438324270;375.473910077;88.233796730;88.171238912;88.233796730;119.552903607;134.317235934;119.552903607;72.123047661;72.690952014;72.123047661;99.689473213;103.319410233;99.689473213;129.785511526;136.182077514;129.785511526;127.712512274;121.451677449;127.712512274;99.689473213;;99.689473213;103.319410233;;103.319410233;99.689473213;99;99.689473213;201.908559187;;100.954279593;208.873029528;;104.436514764;201.908559187;100;100.954279593;21118;;;335.499212610;;111.833070870;343.940152296;;114.646717432;335.499212610;111;111.833070870;301.598032400;;100.532677467;312.192439760;;104.064146587;301.598032400;100;100.532677467;Polygon;18209.25;1;2036.458645947;681.495665186;88.338621041;546.596986129;372.779792778;0.276798376;0.322727817;0.334647436;0.202140663;0.137860172;18209.25;21118;637.097245010;;656.132592057;;637.097245010;106;0.313710150;0.313932729;0.313710150;0.269945611;0.240272824;0.269945611;0.463995141;0.460370138;0.463995141;0.202770319;0.195646357;0.202770319;0.106221542;0.101232243;0.106221542;14258;14993;14258
La Possession;LA REUNION;CA Territoire de la Côte Ouest (Tco);LA REUNION;4100.602629597;77.573196120;78.743188139;77.573196120;Non;974080501;97408;69;249740101;-20.9646058638, 55.3499772039;"{""type"": ""Polygon"", ""coordinates"": [[[55.366259238152026, -20.9741414052003], [55.365521406574935, -20.975042137330117], [55.365190016776225, -20.975446342527178], [55.364952815756055, -20.97532573500379], [55.364888749100324, -20.975291698338435], [55.36463320022255, -20.9750896180301], [55.36455989078883, -20.975021167437475], [55.364497169320884, -20.974951915164855], [55.36447078391129, -20.974901980820547], [55.36443936424069, -20.974872773857964], [55.36440314620149, -20.974842617533653], [55.364398367479225, -20.974839861781867], [55.3633050944804, -20.976496838700974], [55.36329567469421, -20.976478682376715], [55.360450351715016, -20.974449179706372], [55.359174194114864, -20.973341654909717], [55.35800044741048, -20.972501127294397], [55.35666242936506, -20.97173307778044], [55.35504487292085, -20.970937028041334], [55.35288828723922, -20.970064941532804], [55.350826579346055, -20.969685124106725], [55.34933538784335, -20.96960456731913], [55.3486709512971, -20.969595420030632], [55.34630157057715, -20.969484824310406], [55.34393295941258, -20.968868363410618], [55.3427745869394, -20.96829268288074], [55.342275043658866, -20.967468411008575], [55.34224550224483, -20.967269400932043], [55.34213073421739, -20.967124662180808], [55.34210122395617, -20.967097276551723], [55.34206397125709, -20.96707433202239], [55.34211185399989, -20.966351266473364], [55.34149895757796, -20.965986699123768], [55.34109956053803, -20.96592680836477], [55.33770134039243, -20.96554774002048], [55.33690287561737, -20.96548575341569], [55.33583602437037, -20.965431078827045], [55.33521746550692, -20.965406068979775], [55.33407220204466, -20.964668049812868], [55.333445900432515, -20.963555543773275], [55.334354819041074, -20.961023945332276], [55.33439523236631, -20.960934915200728], [55.3344966312068, -20.960722731140855], [55.33464515351377, -20.96042338890945], [55.33473537474879, -20.960265292449996], [55.334817473548725, -20.960145957766624], [55.334902246839704, -20.960045618107138], [55.3349868400485, -20.959961535738618], [55.33630738850944, -20.95733322658613], [55.33630492349347, -20.957295264602557], [55.33631772286744, -20.957268290983336], [55.33633816441995, -20.957245908357358], [55.33664167552678, -20.95701762907767], [55.33672019732591, -20.956960584958928], [55.33678296536923, -20.956936808631436], [55.33684168762905, -20.956931058497236], [55.33696635497062, -20.956962082983228], [55.33752393018714, -20.957150887653164], [55.33754733925782, -20.957208022839964], [55.338995585448984, -20.957046079976823], [55.34033085656333, -20.956718914924373], [55.34129639018123, -20.956058524845602], [55.34213513926609, -20.956082038576877], [55.34278801827906, -20.956261816755735], [55.34466482241095, -20.95698551609181], [55.34559062371089, -20.957402616579056], [55.34779010803135, -20.958034740474375], [55.348804149501994, -20.95776460675899], [55.351445552879504, -20.957130706662277], [55.35228605455139, -20.956775709465433], [55.35253328143941, -20.95624064126814], [55.35308292599569, -20.956013806001437], [55.353086574310545, -20.956031907039755], [55.35364884803418, -20.95746272899726], [55.354249239648475, -20.9587064847928], [55.35519469537992, -20.959702453915494], [55.35771637436689, -20.96205725636442], [55.358958587808296, -20.962697007447282], [55.36060130642465, -20.963296341299937], [55.361672028086424, -20.96370227816378], [55.362444772620165, -20.96462564234661], [55.36260100341346, -20.96485025648992], [55.36272117163091, -20.96503071441145], [55.362888553772144, -20.96529111549722], [55.36333267111463, -20.966014401604184], [55.363542337059165, -20.966454511736615], [55.36341195401487, -20.96690309932818], [55.36310187673325, -20.968310160416312], [55.36327619208139, -20.969347459041767], [55.36350841052213, -20.970013157287404], [55.3652762208437, -20.97309138357905], [55.365361608590504, -20.9731987912918], [55.36607977567247, -20.974017739765774], [55.36616072940442, -20.97409077949009], [55.366259238152026, -20.9741414052003]]]}";9740805;97408;974;4;974080501;Pichette;La Possession;LA REUNION;Pichette;LA REUNION;;4;;;;;;Iris d'habitat;5110;124.212476943;62.106238471;;131.036758252;;65.518379126;124.212476943;62;62.106238471;127.712512274;;127.712512274;121.451677449;;121.451677449;127.712512274;127;127.712512274;1161.111308048;249.730873724;1378.355980486;207.072960888;68.559842539;68.511233567;68.559842539;55.652634404;62.525524685;55.652634404;71.295931547;71.857323101;71.295931547;86.552330083;89.703911659;86.552330083;55.665925876;58.409458370;55.665925876;127.712512274;121.451677449;127.712512274;86.552330083;;86.552330083;89.703911659;;89.703911659;86.552330083;86;86.552330083;126.961857423;;63.480928711;130.266781472;;65.133390736;126.961857423;63;63.480928711;18778;;;251.924989217;;83.974996406;252.488435701;;84.162811900;251.924989217;83;83.974996406;213.514187506;;71.171395835;219.970693131;;73.323564377;213.514187506;71;71.171395835;Polygon;18209.25;1;2607.813975190;862.690048781;79.533093120;719.665748788;242.465372760;0.215079185;0.150231844;0.330809658;0.175502436;0.059129205;18209.25;18778;465.439176723;;472.459128833;;465.439176723;77;0.313710150;0.313932729;0.313710150;0.269945611;0.240272824;0.269945611;0.463995141;0.460370138;0.463995141;0.202770319;0.195646357;0.202770319;0.106221542;0.101232243;0.106221542;14258;14993;14258
La Possession;LA REUNION;CA Territoire de la Côte Ouest (Tco);LA REUNION;3279.026503007;81.666352309;83.033515938;81.666352309;Non;974080401;97408;69;249740101;-20.952360117, 55.3431057927;"{""type"": ""Polygon"", ""coordinates"": [[[55.34722346472703, -20.950003533487553], [55.34724563745544, -20.95008594762628], [55.34847536402974, -20.952113098394715], [55.350095929846184, -20.952657210185404], [55.35135007891618, -20.953206797735245], [55.3523643331962, -20.953754961921867], [55.353131577497216, -20.954643985082807], [55.35315418941014, -20.95574079751334], [55.3531326406095, -20.955776720969002], [55.35309633290577, -20.955843213716857], [55.35308254540974, -20.955872889104157], [55.353073219422114, -20.955934222731724], [55.35307384476185, -20.95596494062796], [55.35308292599569, -20.956013806001437], [55.35253328143941, -20.95624064126814], [55.35228605455139, -20.956775709465433], [55.351445552879504, -20.957130706662277], [55.348804149501994, -20.95776460675899], [55.34779010803135, -20.958034740474375], [55.34559062371089, -20.957402616579056], [55.34466482241095, -20.95698551609181], [55.34278801827906, -20.956261816755735], [55.34213513926609, -20.956082038576877], [55.34129639018123, -20.956058524845602], [55.34033085656333, -20.956718914924373], [55.338995585448984, -20.957046079976823], [55.33754733925782, -20.957208022839964], [55.33752393018714, -20.957150887653164], [55.33696635497062, -20.956962082983228], [55.33684168762905, -20.956931058497236], [55.33678296536923, -20.956936808631436], [55.33672019732591, -20.956960584958928], [55.33664167552678, -20.95701762907767], [55.33633816441995, -20.957245908357358], [55.33631772286744, -20.957268290983336], [55.33630492349347, -20.957295264602557], [55.33615351590073, -20.956986670477054], [55.33601165698835, -20.955380150266805], [55.336295566925614, -20.954924052447875], [55.33673705502086, -20.954305093488216], [55.33707113116468, -20.95392084291123], [55.33627442117789, -20.950748865420046], [55.33746924508007, -20.945563917754708], [55.338868524599505, -20.94502022354115], [55.33912364177809, -20.944207943709408], [55.33920438289451, -20.943861867924138], [55.33923380887822, -20.943722145041736], [55.33969094229311, -20.94394699704216], [55.33982743583946, -20.943951035411647], [55.341879513518684, -20.94559510567941], [55.342918729956466, -20.947186861203285], [55.34447662408163, -20.948963401347243], [55.346863091192944, -20.949896162340796], [55.34722346472703, -20.950003533487553]]]}";9740804;97408;974;4;974080401;Ste-Therese;La Possession;LA REUNION;Ste-Therese;LA REUNION;;4;;;;;;Iris d'habitat;5110;141.186603548;70.593301774;;148.714389551;;74.357194775;141.186603548;70;70.593301774;127.712512274;;127.712512274;121.451677449;;121.451677449;127.712512274;127;127.712512274;987.682701962;247.173597980;1178.054492678;195.301714109;79.773025072;79.716465947;79.773025072;61.413578476;68.997923604;61.413578476;71.185504296;71.746026335;71.185504296;78.696529216;81.562061910;78.696529216;71.216964519;74.726940384;71.216964519;127.712512274;121.451677449;127.712512274;78.696529216;;78.696529216;81.562061910;;81.562061910;78.696529216;78;78.696529216;142.402468815;;71.201234408;146.472966719;;73.236483359;142.402468815;71;71.201234408;20025;;;268.899115822;;89.633038607;270.166067000;;90.055355667;268.899115822;89;89.633038607;221.098998032;;73.699666011;228.035028629;;76.011676210;221.098998032;73;73.699666011;Polygon;18209.25;1;2189.097090166;723.052816154;37.444887274;523.244762174;248.051002904;0.250256077;0.165783260;0.330297281;0.159573203;0.075647758;18209.25;20025;489.998113853;;498.201095629;;489.998113853;81;0.313710150;0.313932729;0.313710150;0.269945611;0.240272824;0.269945611;0.463995141;0.460370138;0.463995141;0.202770319;0.195646357;0.202770319;0.106221542;0.101232243;0.106221542;14258;14993;14258
La Possession;LA REUNION;CA Territoire de la Côte Ouest (Tco);LA REUNION;4951.551364263;92.886877511;94.670150414;92.886877511;Non;974080201;97408;69;249740101;-20.9512608019, 55.3334443675;"{""type"": ""Polygon"", ""coordinates"": [[[55.33439523236631, -20.960934915200728], [55.33335208206902, -20.96074044968347], [55.33303708789799, -20.960615426519528], [55.33125572871881, -20.959611613537927], [55.33045304213819, -20.957637309520702], [55.32976534616997, -20.954748201096994], [55.32875154356236, -20.951969652506303], [55.32892626919316, -20.949758133927418], [55.32975876754476, -20.948627044050173], [55.33039924771615, -20.94779642385749], [55.330704854715776, -20.94512389064491], [55.33029606756071, -20.944268996728937], [55.33026538227263, -20.94417475490109], [55.33106733473234, -20.944171763853866], [55.332223534569785, -20.943655102982166], [55.33391790199091, -20.943511327775763], [55.33763728197475, -20.943234175094606], [55.33786626117133, -20.943221953839522], [55.33825202276252, -20.943204936670604], [55.33861333997772, -20.943224715280635], [55.33871797609658, -20.943240186939924], [55.33887540107189, -20.943264302181525], [55.33898191028545, -20.943284308353547], [55.33906519578105, -20.943317637628553], [55.33913577348859, -20.943369812148262], [55.33918709277355, -20.943424508995804], [55.33922301926177, -20.943479959250915], [55.33924435494053, -20.943550623312312], [55.33925307247477, -20.943632003958395], [55.33923380887822, -20.943722145041736], [55.33920438289451, -20.943861867924138], [55.33912364177809, -20.944207943709408], [55.338868524599505, -20.94502022354115], [55.33746924508007, -20.945563917754708], [55.33627442117789, -20.950748865420046], [55.33707113116468, -20.95392084291123], [55.33673705502086, -20.954305093488216], [55.336295566925614, -20.954924052447875], [55.33601165698835, -20.955380150266805], [55.33615351590073, -20.956986670477054], [55.33630492349347, -20.957295264602557], [55.33630738850944, -20.95733322658613], [55.3349868400485, -20.959961535738618], [55.334902246839704, -20.960045618107138], [55.334817473548725, -20.960145957766624], [55.33473537474879, -20.960265292449996], [55.33464515351377, -20.96042338890945], [55.3344966312068, -20.960722731140855], [55.33439523236631, -20.960934915200728]]]}";9740802;97408;974;4;974080201;Zac St-Laurent;La Possession;LA REUNION;Zac St-Laurent;LA REUNION;;4;;;;;;Iris d'habitat;5110;191.764385889;95.882192944;;201.701250542;;100.850625271;191.764385889;95;95.882192944;127.712512274;;127.712512274;121.451677449;;121.451677449;127.712512274;127;127.712512274;1386.712346567;481.426200868;1762.333993004;385.812185405;110.666141896;110.587679532;110.666141896;81.098243993;91.113571010;81.098243993;77.698528957;78.310335227;77.698528957;115.052220505;119.241552648;115.052220505;45.093617439;47.316086621;45.093617439;127.712512274;121.451677449;127.712512274;115.052220505;;115.052220505;119.241552648;;119.241552648;115.052220505;115;115.052220505;122.792146396;;61.396073198;125.626421848;;62.813210924;122.792146396;61;61.396073198;13564;;;319.476898163;;106.492299388;323.152927991;;107.717642664;319.476898163;106;106.492299388;237.844366901;;79.281455634;244.867974496;;81.622658165;237.844366901;79;79.281455634;Polygon;18209.25;1;3177.590132555;1145.576528631;94.876684377;1155.156103827;237.175031088;0.347170920;0.218921151;0.360517399;0.233291754;0.047899136;18209.25;13564;557.321265064;;568.020902487;;557.321265064;92;0.313710150;0.313932729;0.313710150;0.269945611;0.240272824;0.269945611;0.463995141;0.460370138;0.463995141;0.202770319;0.195646357;0.202770319;0.106221542;0.101232243;0.106221542;14258;14993;14258
Le Port;LA REUNION;CA Territoire de la Côte Ouest (Tco);LA REUNION;2431.138904600;107.399073218;110.239746026;107.399073218;Non;974070101;97407;69;249740101;-20.9373306854, 55.2975901622;"{""type"": ""Polygon"", ""coordinates"": [[[55.30085842839387, -20.939195466719212], [55.30087037600859, -20.939244362478878], [55.30086517160427, -20.939279538311443], [55.30084461563291, -20.93931185142823], [55.300829070417095, -20.939326148978555], [55.299188888416836, -20.940762268046658], [55.297272488927085, -20.942304005016048], [55.29685053981263, -20.942630390179392], [55.296775231849594, -20.94248782460332], [55.2963782601202, -20.94188137832411], [55.296273302947405, -20.9417249673868], [55.295428835978264, -20.940474533141572], [55.295075965371396, -20.93996517499872], [55.29515540231511, -20.939912675836037], [55.29540730512118, -20.939743571381943], [55.2956432983644, -20.939535918536347], [55.29581719010349, -20.939378228209097], [55.296070870337076, -20.93913687867907], [55.29661132388036, -20.938618377853192], [55.29664636257159, -20.93858079025534], [55.296661610788725, -20.938507777454433], [55.296734843839715, -20.93806861506266], [55.296743239737815, -20.93800637310249], [55.29681371975685, -20.937470533013823], [55.29682132785969, -20.93739292754977], [55.296822237014204, -20.937312545395915], [55.29681858448615, -20.937210439170702], [55.296804722370226, -20.93690589804011], [55.29675436008742, -20.935918118665153], [55.2967494091168, -20.935845807454513], [55.29673456875467, -20.935797785878194], [55.29669229845724, -20.93570974649805], [55.296653556963854, -20.935649743779493], [55.29586182831265, -20.934499199061587], [55.295222627939296, -20.933464890651475], [55.29486216349991, -20.93286332308355], [55.29470674303401, -20.932579045903143], [55.294736749006624, -20.93256128031063], [55.294754298484946, -20.932539777150897], [55.29476613105882, -20.932513700502327], [55.29477413872947, -20.932485779088093], [55.295881104029135, -20.932030748358862], [55.29646931492235, -20.931792737544246], [55.296638293880456, -20.931728485360097], [55.296715435437996, -20.931708480045447], [55.29684244375328, -20.931699811651956], [55.296935693073564, -20.931700742266802], [55.297283658184114, -20.931877642863288], [55.29734864098571, -20.931912615596264], [55.29740104479241, -20.93195468899028], [55.29744665802944, -20.9320021142602], [55.29750709121066, -20.93209936738371], [55.29762544307558, -20.932346238327575], [55.29792128350129, -20.932967028099497], [55.298573685868696, -20.93445128907338], [55.298958321427996, -20.935978945741976], [55.29937013953341, -20.93722866457034], [55.299426924157075, -20.937308718597247], [55.29982253620461, -20.937865464505013], [55.300843341836, -20.93916912153341], [55.30085842839387, -20.939195466719212]]]}";9740701;97407;974;4;974070101;Centre Ville Est;Le Port;LA REUNION;Centre Ville Est;LA REUNION;;4;;;;;;Iris d'habitat;7870;240.637016322;120.318508161;;253.121649429;;126.560824714;240.637016322;120;120.318508161;87.283104222;;87.283104222;83.004235310;;83.004235310;87.283104222;87;87.283104222;571.135256159;248.594684121;809.210967649;222.571071356;138.747222221;138.648850352;138.747222221;101.889794101;114.472799076;101.889794101;128.956676223;129.972094457;128.956676223;110.234832491;114.248751779;110.234832491;77.282810048;81.091745178;77.282810048;87.283104222;83.004235310;87.283104222;110.234832491;;110.234832491;114.248751779;;114.248751779;110.234832491;110;110.234832491;206.239486271;;103.119743135;211.063839635;;105.531919818;206.239486271;103;103.119743135;7154;;;327.920120544;;109.306706848;336.125884739;;112.041961580;327.920120544;109;109.306706848;316.474318762;;105.491439587;325.312591415;;108.437530472;316.474318762;105;105.491439587;Polygon;12444.825;1;1467.027042834;877.799608397;91.973457450;543.416728436;199.574605609;0.435264119;0.275047028;0.598352711;0.223523521;0.082090993;12444.825;7154;644.394439306;;661.438476153;;644.394439306;107;0.313710150;0.313932729;0.313710150;0.269945611;0.240272824;0.269945611;0.463995141;0.460370138;0.463995141;0.202770319;0.195646357;0.202770319;0.106221542;0.101232243;0.106221542;14258;14993;14258
Le Port;LA REUNION;CA Territoire de la Côte Ouest (Tco);LA REUNION;2379.704635974;112.757770478;116.260888998;112.757770478;Non;974070102;97407;69;249740101;-20.9372279849, 55.2926176037;"{""type"": ""Polygon"", ""coordinates"": [[[55.28770142681344, -20.940209267321364], [55.28771146176842, -20.940172334023288], [55.28870976627404, -20.937948566278674], [55.28942553843759, -20.935879127160415], [55.289718762178666, -20.934949891984438], [55.28981589525642, -20.93443961470051], [55.28990866178306, -20.93389045291876], [55.290006798147274, -20.93329166496231], [55.29007920058256, -20.932757654471303], [55.29012117910665, -20.9328709838891], [55.2912303281105, -20.93332650312779], [55.29154293637388, -20.933399185046106], [55.29213629915801, -20.933386155991514], [55.292229692661564, -20.933374444889466], [55.292316356763926, -20.933362666392277], [55.294661417003475, -20.932591238761567], [55.29470674303401, -20.932579045903143], [55.29486216349991, -20.93286332308355], [55.295222627939296, -20.933464890651475], [55.29586182831265, -20.934499199061587], [55.296653556963854, -20.935649743779493], [55.29669229845724, -20.93570974649805], [55.29673456875467, -20.935797785878194], [55.2967494091168, -20.935845807454513], [55.29675436008742, -20.935918118665153], [55.296804722370226, -20.93690589804011], [55.29681858448615, -20.937210439170702], [55.296822237014204, -20.937312545395915], [55.29682132785969, -20.93739292754977], [55.29681371975685, -20.937470533013823], [55.296743239737815, -20.93800637310249], [55.296734843839715, -20.93806861506266], [55.296661610788725, -20.938507777454433], [55.29664636257159, -20.93858079025534], [55.29661132388036, -20.938618377853192], [55.296070870337076, -20.93913687867907], [55.29581719010349, -20.939378228209097], [55.2956432983644, -20.939535918536347], [55.29540730512118, -20.939743571381943], [55.29515540231511, -20.939912675836037], [55.295075965371396, -20.93996517499872], [55.29499918752302, -20.940037572665837], [55.29451876935514, -20.940517827213252], [55.29444002725325, -20.940593818039197], [55.294384624433604, -20.94064655712411], [55.2938109985123, -20.9411213611263], [55.29244779749001, -20.942205194934786], [55.29239641313297, -20.942242617919533], [55.29208624865026, -20.942291902464316], [55.29206430042971, -20.942277230392833], [55.291373564811316, -20.94070043003939], [55.29077082841213, -20.940604968439157], [55.290200718524986, -20.940515251370673], [55.2883491115083, -20.940241058464036], [55.28833373964145, -20.940240000964454], [55.28770142681344, -20.940209267321364]]]}";9740701;97407;974;4;974070102;Centre Ville Ouest;Le Port;LA REUNION;Centre Ville Ouest;LA REUNION;;4;;;;;;Iris d'habitat;7870;197.269972422;98.634986211;;209.566164061;;104.783082030;197.269972422;98;98.634986211;87.283104222;;87.283104222;83.004235310;;83.004235310;87.283104222;87;87.283104222;652.164984895;198.749521749;893.599799391;241.525027173;97.144908651;97.076032849;97.144908651;100.125063771;112.490131212;100.125063771;121.844065892;122.803478696;121.844065892;98.850307026;102.449687957;98.850307026;171.299173309;179.741767963;171.299173309;87.283104222;83.004235310;87.283104222;98.850307026;;98.850307026;102.449687957;;102.449687957;98.850307026;98;98.850307026;293.143239201;;146.571619601;302.545246659;;151.272623329;293.143239201;146;146.571619601;14336;;;284.553076644;;94.851025548;292.570399371;;97.523466457;284.553076644;94;94.851025548;391.993546227;;130.664515409;404.994934616;;134.998311539;391.993546227;130;130.664515409;Polygon;12444.825;1;1704.441485520;963.606922483;154.703761187;476.985814117;433.003019943;0.304753439;0.270283216;0.565350545;0.200439083;0.181956623;12444.825;14336;676.546622871;;697.565333986;;676.546622871;112;0.313710150;0.313932729;0.313710150;0.269945611;0.240272824;0.269945611;0.463995141;0.460370138;0.463995141;0.202770319;0.195646357;0.202770319;0.106221542;0.101232243;0.106221542;14258;14993;14258
Le Port;LA REUNION;CA Territoire de la Côte Ouest (Tco);LA REUNION;3314.069472613;96.862647537;99.191232482;96.862647537;Non;974070601;97407;69;249740101;-20.9507100632, 55.3157794244;"{""type"": ""Polygon"", ""coordinates"": [[[55.3079891959986, -20.940106383084395], [55.30800921269573, -20.940121937299264], [55.30805944589729, -20.94018656808915], [55.308087597541075, -20.940248270046332], [55.308115576672094, -20.940325325979398], [55.308120492513694, -20.940401249907673], [55.30811205032154, -20.940468008599623], [55.30909963032766, -20.94165612377684], [55.31047391252877, -20.943001621514853], [55.31077680392142, -20.943257538688695], [55.31103039179996, -20.943451544395668], [55.31131480646446, -20.943640435282816], [55.311611892504175, -20.943814095451586], [55.311879590527305, -20.9439504299457], [55.31222312983931, -20.94409745053657], [55.31230452650886, -20.944127160778095], [55.31258513935253, -20.944226587649727], [55.3129521590917, -20.94433770803765], [55.313281127328, -20.94441232029898], [55.3135891773515, -20.944465949748864], [55.31392524043171, -20.94450811295462], [55.31738735887189, -20.944776249661725], [55.3200840093027, -20.944975361272274], [55.32167929249633, -20.945088163358655], [55.322412356173324, -20.945140990515174], [55.32242483465376, -20.94514291980569], [55.32185608663209, -20.948118149315736], [55.32227298898476, -20.94772390449714], [55.323692844652825, -20.946374815387323], [55.325718912807496, -20.94443758808512], [55.32767841039332, -20.942570474011227], [55.32805274910885, -20.94219657128209], [55.32839936541697, -20.941807943435315], [55.32869281154352, -20.941444989065154], [55.3289195079918, -20.941118414857378], [55.329185752216, -20.94069376974754], [55.32936229299989, -20.940381156108693], [55.329463682653824, -20.94016897410056], [55.32951701019261, -20.940215563730707], [55.32970269042503, -20.940379069500196], [55.32978457973218, -20.940451230629325], [55.32994168884843, -20.940590067790094], [55.3301539989211, -20.940780029026893], [55.32956271606154, -20.941815725955543], [55.32903498673607, -20.94301553701556], [55.329002427735276, -20.943090190554553], [55.32897874206037, -20.943145058785692], [55.32861369001772, -20.943981535238624], [55.32762803779081, -20.94623911281862], [55.32682126724499, -20.94805853935462], [55.32579397331807, -20.950337372431566], [55.32457022568215, -20.953114232524175], [55.32421180869842, -20.953911468359042], [55.32402938580251, -20.954317957991343], [55.32332598644375, -20.9559134608753], [55.32293032576518, -20.956815558795007], [55.32166202231307, -20.959697183622467], [55.32023091648246, -20.962943921853075], [55.32017204344328, -20.96304902516755], [55.319731801527254, -20.962859513927004], [55.31794078543748, -20.96212374359509], [55.3178126970338, -20.962054733772185], [55.31770181538801, -20.961994926452416], [55.31745754135146, -20.961824505895894], [55.31710012878128, -20.961538251881084], [55.31689712123779, -20.96137546421741], [55.316801817051235, -20.961298647905373], [55.315956543207584, -20.960611035160145], [55.31583838584941, -20.960514120501387], [55.31553256807949, -20.960258181373213], [55.31543539284296, -20.96017682949685], [55.31532202355375, -20.960081768383027], [55.31524105280477, -20.960013222420507], [55.315195415661655, -20.959966704277036], [55.315072593000885, -20.95977128589617], [55.31457426067129, -20.958674298558783], [55.31436059196398, -20.95809047602305], [55.31247580987329, -20.95637728434111], [55.31009875392609, -20.954978297382212], [55.308457328399214, -20.95389139463842], [55.30736155176739, -20.953254551244555], [55.30705775356299, -20.953078106575834], [55.30637181679016, -20.9526801772086], [55.30602789342795, -20.95248075043773], [55.30587408308333, -20.95239160479799], [55.30577664367654, -20.95233463371059], [55.30575658502453, -20.95232269185146], [55.30560663105907, -20.952232681029656], [55.30445385312159, -20.951536541039903], [55.30286799639492, -20.95053348780138], [55.30259020936978, -20.950353681508307], [55.30233630284746, -20.950102753968558], [55.30225849279806, -20.95001074878406], [55.30242856055947, -20.949851659208093], [55.30243635405627, -20.949842704057406], [55.305059668290696, -20.947265561456696], [55.30505874753843, -20.947261939209607], [55.304994534243086, -20.94707251674907], [55.304963447683726, -20.947015301527692], [55.304932986915475, -20.946987900568274], [55.30482734341024, -20.945696071784837], [55.305597628679976, -20.94402182840249], [55.30670820081929, -20.941926419036136], [55.30731099866986, -20.94039321994781], [55.30732243708011, -20.94031655501201], [55.30734927806978, -20.94023823634512], [55.30738952775603, -20.940164567085677], [55.307425586627424, -20.940121567608962], [55.30744118211605, -20.940102753546586], [55.307500324514315, -20.940059079791272], [55.307581517973055, -20.94002104442384], [55.30767785001954, -20.940004837806413], [55.30773652536107, -20.940002710016575], [55.30776441586888, -20.940002083397136], [55.3078114022499, -20.94001338877227], [55.30785263043857, -20.940023733744855], [55.30787175677081, -20.940032956212242], [55.30794345516375, -20.940069798385174], [55.3079891959986, -20.940106383084395]]]}";9740706;97407;974;4;974070601;Rivière des Galets-Cité Ravine à Marquet;Le Port;LA REUNION;Riviere des Galets-Cite Ravine à Marquet;LA REUNION;;4;;;;;;Iris d'habitat;7870;167.155876198;83.577938099;;175.774780400;;87.887390200;167.155876198;83;83.577938099;87.283104222;;87.283104222;83.004235310;;83.004235310;87.283104222;87;87.283104222;719.517319514;218.517743210;866.482720106;164.543000406;96.809256293;96.740618470;96.809256293;70.346619904;79.034161930;70.346619904;119.037267093;119.974578872;119.037267093;119.818673040;124.181563352;119.818673040;87.880964671;92.212236960;87.880964671;87.283104222;83.004235310;87.283104222;119.818673040;;119.818673040;124.181563352;;124.181563352;119.818673040;119;119.818673040;206.918231764;;103.459115882;212.186815832;;106.093407916;206.918231764;103;103.459115882;10708;;;254.438980420;;84.812993473;258.779015710;;86.259671903;254.438980420;84;84.812993473;326.736904804;;108.912301601;336.368379185;;112.122793062;326.736904804;108;108.912301601;Polygon;12444.825;1;2373.286805531;1310.830701361;63.608162127;805.175399891;309.363466433;0.303700463;0.189897613;0.552327135;0.242956705;0.093348516;12444.825;10708;581.175885224;;595.147394894;;581.175885224;96;0.313710150;0.313932729;0.313710150;0.269945611;0.240272824;0.269945611;0.463995141;0.460370138;0.463995141;0.202770319;0.195646357;0.202770319;0.106221542;0.101232243;0.106221542;14258;14993;14258
Le Port;LA REUNION;CA Territoire de la Côte Ouest (Tco);LA REUNION;2723.290894742;109.025554140;111.333414157;109.025554140;Non;974070602;97407;69;249740101;-20.959782366, 55.3112626663;"{""type"": ""Polygon"", ""coordinates"": [[[55.31885573402676, -20.969052776567896], [55.318272650709005, -20.968563770216242], [55.3161725394234, -20.966741899640283], [55.316163986471366, -20.966732782373384], [55.315855473393434, -20.966372939853315], [55.315622002871564, -20.96575279174205], [55.315374516352556, -20.965353807469942], [55.31450112155596, -20.964170913762473], [55.314363752110495, -20.963986190267885], [55.313979115361526, -20.96346932526526], [55.3138632044231, -20.96334352660834], [55.3137069994395, -20.963295010948812], [55.313603497121775, -20.96326327555913], [55.313017776600965, -20.963184314140584], [55.31271939564823, -20.963122647793714], [55.31253682558214, -20.96302418996256], [55.31198725616972, -20.96263756617396], [55.31077913227358, -20.96172232284531], [55.310155131117035, -20.960942934824555], [55.30975284844309, -20.96062912323565], [55.30817737647615, -20.959888165230932], [55.30680317057997, -20.95955024613083], [55.304145858438986, -20.958898767052982], [55.30195654295987, -20.95836210906475], [55.30148857231059, -20.958247248055972], [55.30056717607538, -20.957921920507317], [55.30111962835202, -20.9571975830849], [55.30138253713673, -20.956907542637364], [55.30166932931613, -20.956631288712288], [55.30268509695912, -20.95566586994398], [55.30398171363526, -20.95443767584874], [55.30602789342795, -20.95248075043773], [55.30637181679016, -20.9526801772086], [55.30705775356299, -20.953078106575834], [55.30736155176739, -20.953254551244555], [55.308457328399214, -20.95389139463842], [55.31009875392609, -20.954978297382212], [55.31247580987329, -20.95637728434111], [55.31436059196398, -20.95809047602305], [55.31457426067129, -20.958674298558783], [55.315072593000885, -20.95977128589617], [55.315195415661655, -20.959966704277036], [55.31524105280477, -20.960013222420507], [55.31532202355375, -20.960081768383027], [55.31543539284296, -20.96017682949685], [55.31553256807949, -20.960258181373213], [55.31583838584941, -20.960514120501387], [55.315956543207584, -20.960611035160145], [55.316801817051235, -20.961298647905373], [55.31689712123779, -20.96137546421741], [55.31710012878128, -20.961538251881084], [55.31745754135146, -20.961824505895894], [55.31770181538801, -20.961994926452416], [55.3178126970338, -20.962054733772185], [55.31794078543748, -20.96212374359509], [55.319731801527254, -20.962859513927004], [55.32017204344328, -20.96304902516755], [55.32015143735471, -20.96308585648013], [55.320146824415325, -20.963154460136906], [55.32016319397238, -20.963238626310112], [55.32020206560951, -20.963374501086907], [55.32030679296636, -20.963641096876817], [55.320417438063195, -20.963808390360725], [55.320464819531914, -20.963871183436922], [55.32053516730171, -20.9639441388601], [55.319685649009486, -20.96733389587723], [55.31896895190254, -20.96881813818959], [55.31885573402676, -20.969052776567896]]]}";9740706;97407;974;4;974070602;Riviere des Galets-Village;Le Port;LA REUNION;Riviere des Galets-Village;LA REUNION;;4;;;;;;Iris d'habitat;7870;208.819088768;104.409544384;;217.051270611;;108.525635305;208.819088768;104;104.409544384;87.283104222;;87.283104222;83.004235310;;83.004235310;87.283104222;87;87.283104222;700.510467295;310.622948823;859.582997852;156.559851595;141.348218348;141.248002372;141.348218348;67.470870420;75.803268239;67.470870420;149.094329049;150.268313249;149.094329049;122.635359383;127.100812119;122.635359383;86.321443416;90.575853654;86.321443416;87.283104222;83.004235310;87.283104222;122.635359383;;122.635359383;127.100812119;;127.100812119;122.635359383;122;122.635359383;235.415772465;;117.707886232;240.844166903;;120.422083452;235.415772465;117;117.707886232;6264;;;296.102192990;;98.700730997;300.055505921;;100.018501974;296.102192990;98;98.700730997;358.051131848;;119.350377283;367.944979023;;122.648326341;358.051131848;119;119.350377283;Polygon;12444.825;1;1765.529933346;1221.376732396;52.656568301;677.195597273;249.703902248;0.443423708;0.182134654;0.691790442;0.248668109;0.091691968;12444.825;6264;654.153324838;;668.000484943;;654.153324838;109;0.313710150;0.313932729;0.313710150;0.269945611;0.240272824;0.269945611;0.463995141;0.460370138;0.463995141;0.202770319;0.195646357;0.202770319;0.106221542;0.101232243;0.106221542;14258;14993;14258
Le Port;LA REUNION;CA Territoire de la Côte Ouest (Tco);LA REUNION;3981.253911841;111.382455477;114.214425624;111.382455477;Non;974070201;97407;69;249740101;-20.9451471797, 55.2900746525;"{""type"": ""Polygon"", ""coordinates"": [[[55.28770142681344, -20.940209267321364], [55.28833373964145, -20.940240000964454], [55.2883491115083, -20.940241058464036], [55.290200718524986, -20.940515251370673], [55.29077082841213, -20.940604968439157], [55.291373564811316, -20.94070043003939], [55.29206430042971, -20.942277230392833], [55.29208624865026, -20.942291902464316], [55.29210343086739, -20.942302913735418], [55.29213192445768, -20.94233391019584], [55.292148799305565, -20.94237201648888], [55.29289381017471, -20.94505676677135], [55.29349867762725, -20.947128598514563], [55.29489898446951, -20.948459572334173], [55.295128450661316, -20.948659682644166], [55.29511870324641, -20.94867132771845], [55.29496911676496, -20.948804419566105], [55.294858519832985, -20.948890931042083], [55.29477026109318, -20.948957793850013], [55.294653077120245, -20.949031593528904], [55.29448120336947, -20.94909491021751], [55.29416767995821, -20.949184811293684], [55.29425229370157, -20.950542369367852], [55.29454657659024, -20.952065516289956], [55.294568842987125, -20.952137097318023], [55.29460069332311, -20.95221148400548], [55.29449017626786, -20.952205862312116], [55.29441217492304, -20.952215921373234], [55.294334991700275, -20.952238634360565], [55.29425081201077, -20.952284762341147], [55.29223403466338, -20.951299884398836], [55.290743742237474, -20.94917175544667], [55.2883091800088, -20.946936520254134], [55.28817765828876, -20.94631381964915], [55.28747852921205, -20.94554764350063], [55.285532011613455, -20.94378067837792], [55.28468962489512, -20.94336754555167], [55.28482752664751, -20.94155968738649], [55.28498456346832, -20.940603802459094], [55.285041954820315, -20.94037675593049], [55.28530890034449, -20.940407440551976], [55.2864338632263, -20.94057500943196], [55.28645037608209, -20.94047581578575], [55.286683601846356, -20.94051248245741], [55.28729705323446, -20.940595420157692], [55.28763812319422, -20.94053380866562], [55.28770142681344, -20.940209267321364]]]}";9740702;97407;974;4;974070201;Satec;Le Port;LA REUNION;Satec;LA REUNION;;4;;;;;;Iris d'habitat;7870;257.533257327;128.766628664;;269.004397882;;134.502198941;257.533257327;128;128.766628664;87.283104222;;87.283104222;83.004235310;;83.004235310;87.283104222;87;87.283104222;1075.358216815;552.266302409;1464.978493050;371.050199805;163.706836552;163.590768302;163.706836552;93.826420775;105.413629581;93.826420775;112.359959274;113.244693239;112.359959274;115.767157880;119.982522638;115.767157880;95.351254156;100.050704673;95.351254156;87.283104222;83.004235310;87.283104222;115.767157880;;115.767157880;119.982522638;;119.982522638;115.767157880;115;115.767157880;207.711213430;;103.855606715;213.295397913;;106.647698956;207.711213430;103;103.855606715;8714;;;344.816361549;;114.938787183;352.008633192;;117.336211064;344.816361549;114;114.938787183;323.478371311;;107.826123770;333.277920550;;111.092640183;323.478371311;107;107.826123770;Polygon;12444.825;1;2525.240150780;1316.520697626;161.490896106;934.565256383;403.235619031;0.513564963;0.253280305;0.521344751;0.234741435;0.101283572;12444.825;8714;668.294732860;;685.286553743;;668.294732860;111;0.313710150;0.313932729;0.313710150;0.269945611;0.240272824;0.269945611;0.463995141;0.460370138;0.463995141;0.202770319;0.195646357;0.202770319;0.106221542;0.101232243;0.106221542;14258;14993;14258
Le Port;LA REUNION;CA Territoire de la Côte Ouest (Tco);LA REUNION;3482.638993865;118.650960322;121.950330260;118.650960322;Non;974070301;97407;69;249740101;-20.9443279641, 55.2950427218;"{""type"": ""Polygon"", ""coordinates"": [[[55.29208624865026, -20.942291902464316], [55.29239641313297, -20.942242617919533], [55.29244779749001, -20.942205194934786], [55.2938109985123, -20.9411213611263], [55.294384624433604, -20.94064655712411], [55.29444002725325, -20.940593818039197], [55.29451876935514, -20.940517827213252], [55.29499918752302, -20.940037572665837], [55.295075965371396, -20.93996517499872], [55.295428835978264, -20.940474533141572], [55.296273302947405, -20.9417249673868], [55.2963782601202, -20.94188137832411], [55.296775231849594, -20.94248782460332], [55.29685053981263, -20.942630390179392], [55.29695787151777, -20.942831988112935], [55.297012478443136, -20.942934602997784], [55.29702472128301, -20.94295730701795], [55.297216843294784, -20.943313307500198], [55.297336449500094, -20.943534899747924], [55.29743421940297, -20.943731885633312], [55.29757976518924, -20.944040450749362], [55.297683048837, -20.944260073346893], [55.29803669780047, -20.94495731529329], [55.29834341206323, -20.945553825206815], [55.2979842310874, -20.94568573216617], [55.29769939580473, -20.945790378935012], [55.29759770063482, -20.94585530276297], [55.29750259232959, -20.945932938076503], [55.295236674486496, -20.948527983719742], [55.295128450661316, -20.948659682644166], [55.29489898446951, -20.948459572334173], [55.29349867762725, -20.947128598514563], [55.29289381017471, -20.94505676677135], [55.292148799305565, -20.94237201648888], [55.29213192445768, -20.94233391019584], [55.29210343086739, -20.942302913735418], [55.29208624865026, -20.942291902464316]]]}";9740703;97407;974;4;974070301;Sidr Basse;Le Port;LA REUNION;Sidr Basse;LA REUNION;;4;;;;;;Iris d'habitat;7870;264.477076615;132.238538307;;277.648804081;;138.824402041;264.477076615;132;132.238538307;87.283104222;;87.283104222;83.004235310;;83.004235310;87.283104222;87;87.283104222;929.880360537;457.753760109;1367.731019629;397.117395782;156.919268373;156.808012512;156.919268373;107.557808242;120.840791569;107.557808242;135.922390613;136.992657605;135.922390613;94.606888590;98.051756299;94.606888590;129.616301889;136.004528267;129.616301889;87.283104222;83.004235310;87.283104222;94.606888590;;94.606888590;98.051756299;;98.051756299;94.606888590;94;94.606888590;265.538692503;;132.769346251;272.997185872;;136.498592936;265.538692503;132;132.769346251;7242;;;351.760180837;;117.253393612;360.653039391;;120.217679797;351.760180837;117;117.253393612;360.145581093;;120.048527031;371.048942172;;123.682980724;360.145581093;120;120.048527031;Polygon;12444.825;1;2339.480830492;1475.448066225;156.619120272;668.090970108;479.491249922;0.492271672;0.290347583;0.630673287;0.191834690;0.137680435;12444.825;7242;711.905761930;;731.701981563;;711.905761930;118;0.313710150;0.313932729;0.313710150;0.269945611;0.240272824;0.269945611;0.463995141;0.460370138;0.463995141;0.202770319;0.195646357;0.202770319;0.106221542;0.101232243;0.106221542;14258;14993;14258
Le Port;LA REUNION;CA Territoire de la Côte Ouest (Tco);LA REUNION;2705.442936990;117.864829325;121.065892126;117.864829325;Non;974070302;97407;69;249740101;-20.9493710567, 55.2974715866;"{""type"": ""Polygon"", ""coordinates"": [[[55.29460069332311, -20.95221148400548], [55.294568842987125, -20.952137097318023], [55.29454657659024, -20.952065516289956], [55.29425229370157, -20.950542369367852], [55.29416767995821, -20.949184811293684], [55.29448120336947, -20.94909491021751], [55.294653077120245, -20.949031593528904], [55.29477026109318, -20.948957793850013], [55.294858519832985, -20.948890931042083], [55.29496911676496, -20.948804419566105], [55.29511870324641, -20.94867132771845], [55.295128450661316, -20.948659682644166], [55.295236674486496, -20.948527983719742], [55.29750259232959, -20.945932938076503], [55.29759770063482, -20.94585530276297], [55.29769939580473, -20.945790378935012], [55.2979842310874, -20.94568573216617], [55.29834341206323, -20.945553825206815], [55.29866255927408, -20.946326596738007], [55.2986878236149, -20.946388271249006], [55.298814176229484, -20.946693934251996], [55.298889059259274, -20.94687443228662], [55.299138073826, -20.94747217209684], [55.29927195631971, -20.94779236227961], [55.29944623213874, -20.94819695946219], [55.29950861565001, -20.94829242506654], [55.299559808903766, -20.948357067825082], [55.29976698480138, -20.948573208889268], [55.300199529345264, -20.948842179393562], [55.300567156098, -20.9490698547276], [55.3007801002725, -20.9492011445528], [55.301252794908336, -20.949491287893387], [55.301853789030844, -20.949659862538155], [55.30193373208592, -20.94964801274794], [55.30201155860849, -20.9496533040303], [55.30206911315766, -20.9496656196253], [55.30211698188164, -20.949684161678455], [55.302161803229595, -20.949717125746197], [55.30220359759059, -20.949762705488563], [55.302233936074124, -20.94980094498959], [55.30224880983129, -20.949846256711947], [55.30225897822926, -20.949882488860233], [55.302265260065674, -20.94992229540767], [55.30226667350656, -20.949967473125803], [55.30225849279806, -20.95001074878406], [55.30224753980865, -20.95004406083982], [55.30222978531459, -20.95008362809158], [55.30220826651438, -20.950115931681], [55.30218685979303, -20.95013830038111], [55.30213925944231, -20.950181183566805], [55.30208025409291, -20.95021221063603], [55.30204549907979, -20.950224510411164], [55.302011746279376, -20.9502332070666], [55.30199633244113, -20.950235763408944], [55.30196166913824, -20.950239934624175], [55.30192900008236, -20.9502378027804], [55.301890592878756, -20.950232903973433], [55.301856992948125, -20.95022805302832], [55.301817787370446, -20.95020869389105], [55.30119244790314, -20.950322600787878], [55.300599562528504, -20.950457604014616], [55.30044902476132, -20.95050488048645], [55.29982351217404, -20.950719043688906], [55.29846527005117, -20.951189650113378], [55.29583640905717, -20.95211815557345], [55.29466484520646, -20.952235610613073], [55.29460069332311, -20.95221148400548]]]}";9740703;97407;974;4;974070302;Sidr Haute-Cité Ariste Bolon;Le Port;LA REUNION;Sidr Haute-Cite A. Bolon;LA REUNION;;4;;;;;;Iris d'habitat;7870;258.837978255;129.418989127;;271.745561684;;135.872780842;258.837978255;129;129.418989127;87.283104222;;87.283104222;83.004235310;;83.004235310;87.283104222;87;87.283104222;716.424299709;344.853575631;1005.805990065;286.171744325;153.439033775;153.330245403;153.439033775;105.398944480;118.415316281;105.398944480;141.052605101;142.163267934;141.052605101;106.935212245;110.828984307;106.935212245;113.080076125;118.653303524;113.080076125;87.283104222;83.004235310;87.283104222;106.935212245;;106.935212245;110.828984307;;110.828984307;106.935212245;106;106.935212245;254.132681226;;127.066340613;260.816571458;;130.408285729;254.132681226;127;127.066340613;8412;;;346.121082477;;115.373694159;354.749796994;;118.249932331;346.121082477;115;115.373694159;361.067893471;;120.355964490;371.645555765;;123.881851922;361.067893471;120;120.355964490;Polygon;12444.825;1;1946.530300225;1273.959765516;76.095536724;586.628958518;324.965361962;0.481353823;0.284519825;0.654477233;0.216832871;0.120115401;12444.825;8412;707.188975948;;726.395352759;;707.188975948;117;0.313710150;0.313932729;0.313710150;0.269945611;0.240272824;0.269945611;0.463995141;0.460370138;0.463995141;0.202770319;0.195646357;0.202770319;0.106221542;0.101232243;0.106221542;14258;14993;14258
Le Port;LA REUNION;CA Territoire de la Côte Ouest (Tco);LA REUNION;3255.389239235;117.193712877;120.092691206;117.193712877;Non;974070401;97407;69;249740101;-20.9450904287, 55.3022769066;"{""type"": ""Polygon"", ""coordinates"": [[[55.297216843294784, -20.943313307500198], [55.29743465378844, -20.943353419059978], [55.30010951112461, -20.942785968600248], [55.303769035273255, -20.941996579054106], [55.30392556071252, -20.94201439432939], [55.30406415529892, -20.94200222314648], [55.30429743527318, -20.941949442462697], [55.30446819345647, -20.941898749858257], [55.30466500092173, -20.9418401864892], [55.304787526088155, -20.941803466589043], [55.304913189631336, -20.941744195915977], [55.30502556632851, -20.941669437456532], [55.30511598322221, -20.9415809116159], [55.30518142394777, -20.941490331033894], [55.305238598340715, -20.94136534385592], [55.30565484954542, -20.940005533378585], [55.305662835414836, -20.93997941771394], [55.30566131917815, -20.939943271651785], [55.306804364863446, -20.94012985554251], [55.30700503174672, -20.940155332201652], [55.30714717563334, -20.940169388608798], [55.30727140848946, -20.94015165253503], [55.30734763263162, -20.940128020389512], [55.307425586627424, -20.940121567608962], [55.30738952775603, -20.940164567085677], [55.30734927806978, -20.94023823634512], [55.30732243708011, -20.94031655501201], [55.30731099866986, -20.94039321994781], [55.30670820081929, -20.941926419036136], [55.305597628679976, -20.94402182840249], [55.30482734341024, -20.945696071784837], [55.304932986915475, -20.946987900568274], [55.304963447683726, -20.947015301527692], [55.304994534243086, -20.94707251674907], [55.30505874753843, -20.947261939209607], [55.305059668290696, -20.947265561456696], [55.30243635405627, -20.949842704057406], [55.30242856055947, -20.949851659208093], [55.30225849279806, -20.95001074878406], [55.30226667350656, -20.949967473125803], [55.302265260065674, -20.94992229540767], [55.30225897822926, -20.949882488860233], [55.30224880983129, -20.949846256711947], [55.302233936074124, -20.94980094498959], [55.30220359759059, -20.949762705488563], [55.302161803229595, -20.949717125746197], [55.30211698188164, -20.949684161678455], [55.30206911315766, -20.9496656196253], [55.30201155860849, -20.9496533040303], [55.30193373208592, -20.94964801274794], [55.301853789030844, -20.949659862538155], [55.301252794908336, -20.949491287893387], [55.3007801002725, -20.9492011445528], [55.300567156098, -20.9490698547276], [55.300199529345264, -20.948842179393562], [55.29976698480138, -20.948573208889268], [55.299559808903766, -20.948357067825082], [55.29950861565001, -20.94829242506654], [55.29944623213874, -20.94819695946219], [55.29927195631971, -20.94779236227961], [55.299138073826, -20.94747217209684], [55.298889059259274, -20.94687443228662], [55.298814176229484, -20.946693934251996], [55.2986878236149, -20.946388271249006], [55.29866255927408, -20.946326596738007], [55.29834341206323, -20.945553825206815], [55.29803669780047, -20.94495731529329], [55.297683048837, -20.944260073346893], [55.29757976518924, -20.944040450749362], [55.29743421940297, -20.943731885633312], [55.297336449500094, -20.943534899747924], [55.297216843294784, -20.943313307500198]]]}";9740704;97407;974;4;974070401;Zac-Cité Coeur Saignant;Le Port;LA REUNION;Zac-Cite Coeur Saignant;LA REUNION;;4;;;;;;Iris d'habitat;7870;292.731003941;146.365501971;;305.575336434;;152.787668217;292.731003941;146;146.365501971;87.283104222;;87.283104222;83.004235310;;83.004235310;87.283104222;87;87.283104222;852.037696046;501.569285635;1181.842793774;335.250281326;187.647833291;187.514790859;187.647833291;105.083170650;118.060545575;105.083170650;132.389580583;133.432029863;132.389580583;125.509126038;130.079219633;125.509126038;65.249462475;68.465325999;65.249462475;87.283104222;83.004235310;87.283104222;125.509126038;;125.509126038;130.079219633;;130.079219633;125.509126038;125;125.509126038;197.639043058;;98.819521529;201.897355861;;100.948677931;197.639043058;98;98.819521529;6124;;;380.014108163;;126.671369388;388.579571744;;129.526523915;380.014108163;126;126.671369388;323.148169097;;107.716056366;331.976575494;;110.658858498;323.148169097;107;107.716056366;Polygon;12444.825;1;2026.888586261;1245.079594698;212.085469194;828.481114198;225.627724498;0.588670299;0.283667407;0.614281221;0.254495255;0.069308985;12444.825;6124;703.162277260;;720.556147238;;703.162277260;117;0.313710150;0.313932729;0.313710150;0.269945611;0.240272824;0.269945611;0.463995141;0.460370138;0.463995141;0.202770319;0.195646357;0.202770319;0.106221542;0.101232243;0.106221542;14258;14993;14258
Le Port;LA REUNION;CA Territoire de la Côte Ouest (Tco);LA REUNION;1804.984892439;108.594879787;111.132278114;108.594879787;Non;974070402;97407;69;249740101;-20.94121034, 55.3014705004;"{""type"": ""Polygon"", ""coordinates"": [[[55.30085842839387, -20.939195466719212], [55.30093518616401, -20.93920978027233], [55.30134782697551, -20.93928073152925], [55.30232873218779, -20.939435019072793], [55.30292678968667, -20.939519554120274], [55.30307101796881, -20.939519182218586], [55.30308949806104, -20.93950039727342], [55.30312815707559, -20.939482716306653], [55.30314930756744, -20.939482926674124], [55.303176236553874, -20.93948229123772], [55.3031906471659, -20.939483337839345], [55.305549944431306, -20.93984370850461], [55.30557200556957, -20.939848443994567], [55.30558830853594, -20.939852219016625], [55.30560839607847, -20.93986145127564], [55.305637965392684, -20.93988252027905], [55.30565306304818, -20.93990796192655], [55.30566131917815, -20.939943271651785], [55.305662835414836, -20.93997941771394], [55.30565484954542, -20.940005533378585], [55.305238598340715, -20.94136534385592], [55.30518142394777, -20.941490331033894], [55.30511598322221, -20.9415809116159], [55.30502556632851, -20.941669437456532], [55.304913189631336, -20.941744195915977], [55.304787526088155, -20.941803466589043], [55.30466500092173, -20.9418401864892], [55.30446819345647, -20.941898749858257], [55.30429743527318, -20.941949442462697], [55.30406415529892, -20.94200222314648], [55.30392556071252, -20.94201439432939], [55.303769035273255, -20.941996579054106], [55.30010951112461, -20.942785968600248], [55.29743465378844, -20.943353419059978], [55.297216843294784, -20.943313307500198], [55.29702472128301, -20.94295730701795], [55.297012478443136, -20.942934602997784], [55.29695787151777, -20.942831988112935], [55.29685053981263, -20.942630390179392], [55.297272488927085, -20.942304005016048], [55.299188888416836, -20.940762268046658], [55.300829070417095, -20.939326148978555], [55.30084461563291, -20.93931185142823], [55.30086517160427, -20.939279538311443], [55.30087037600859, -20.939244362478878], [55.30085842839387, -20.939195466719212]]]}";9740704;97407;974;4;974070402;Zac-Cités r Vergès et Lépervanche;Le Port;LA REUNION;Zac-Cites r Verges et l'Lepervanche;LA REUNION;;4;;;;;;Iris d'habitat;7870;244.838566987;122.419283493;;255.414793935;;127.707396968;244.838566987;122;122.419283493;87.283104222;;87.283104222;83.004235310;;83.004235310;87.283104222;87;87.283104222;465.157505774;230.983706794;620.470636181;144.963522161;158.289731698;158.177504179;158.289731698;86.548835288;97.237289757;86.548835288;131.388349038;132.422914516;131.388349038;106.900927810;110.793451491;106.900927810;81.158330668;85.158273431;81.158330668;87.283104222;83.004235310;87.283104222;106.900927810;;106.900927810;110.793451491;;110.793451491;106.900927810;106;106.900927810;212.546679705;;106.273339853;217.581187947;;108.790593974;212.546679705;106;106.273339853;7080;;;332.121671209;;110.707223736;338.419029245;;112.806343082;332.121671209;110;110.707223736;319.447607515;;106.482535838;328.374639439;;109.458213146;319.447607515;106;106.482535838;Polygon;12444.825;1;1129.781162021;688.754765554;103.215571379;391.254575652;155.603470254;0.496570955;0.233634783;0.609635555;0.216763352;0.086207630;12444.825;7080;651.569278724;;666.793668684;;651.569278724;108;0.313710150;0.313932729;0.313710150;0.269945611;0.240272824;0.269945611;0.463995141;0.460370138;0.463995141;0.202770319;0.195646357;0.202770319;0.106221542;0.101232243;0.106221542;14258;14993;14258
Le Port;LA REUNION;CA Territoire de la Côte Ouest (Tco);LA REUNION;1661.595896030;103.204736588;106.082777216;103.204736588;Non;974070502;97407;69;249740101;-20.9368881614, 55.304934869;"{""type"": ""Polygon"", ""coordinates"": [[[55.306229519322606, -20.933877998673406], [55.30626179191775, -20.934086072456896], [55.306329837405734, -20.93453296612856], [55.30639346899341, -20.935030399411577], [55.306396099156416, -20.935053007412478], [55.30642541342156, -20.935353185935977], [55.30640071520887, -20.935753995237935], [55.306396097823196, -20.935822598364044], [55.30636182990672, -20.936133888349463], [55.306305717328684, -20.936592195400333], [55.30627544029371, -20.936805067897186], [55.30626425571917, -20.93685915340586], [55.30622768576075, -20.937033122562582], [55.30616269370298, -20.937340494319407], [55.30606561651223, -20.93776497328454], [55.305969571190566, -20.93818313946124], [55.305936240235475, -20.93832552601599], [55.305829283528624, -20.93877339178519], [55.30571125286264, -20.939265407936777], [55.305596217276616, -20.93974751765677], [55.30560839607847, -20.93986145127564], [55.30558830853594, -20.939852219016625], [55.30557200556957, -20.939848443994567], [55.305549944431306, -20.93984370850461], [55.3031906471659, -20.939483337839345], [55.303176236553874, -20.93948229123772], [55.30314930756744, -20.939482926674124], [55.30321503339148, -20.939367057998453], [55.30370183282212, -20.937293464119268], [55.303927151635975, -20.934788213098784], [55.30387285212045, -20.934401974948546], [55.30396444518776, -20.934379400203913], [55.30429443831908, -20.934275190077727], [55.30603403986485, -20.933904963071456], [55.306229519322606, -20.933877998673406]]]}";9740705;97407;974;4;974070502;Zup Iii;Le Port;LA REUNION;Zup Iii;LA REUNION;;4;;;;;;Iris d'habitat;7870;230.607114083;115.303557041;;242.655283125;;121.327641563;230.607114083;115;115.303557041;87.283104222;;87.283104222;83.004235310;;83.004235310;87.283104222;87;87.283104222;445.163515111;184.744130715;613.090931317;162.718278434;132.288629224;132.194836502;132.288629224;98.318484859;110.460446623;98.318484859;98.182459194;98.955558054;98.182459194;99.961098955;103.600926531;99.961098955;103.194643074;108.280660275;103.194643074;87.283104222;83.004235310;87.283104222;99.961098955;;99.961098955;103.600926531;;103.600926531;99.961098955;99;99.961098955;201.377102269;;100.688551134;207.236218330;;103.618109165;201.377102269;100;100.688551134;11246;;;317.890218305;;105.963406102;325.659518435;;108.553172812;317.890218305;105;105.963406102;301.338201224;;100.446067075;310.837144861;;103.612381620;301.338201224;100;100.446067075;Polygon;12444.825;1;1098.318446237;500.351971805;92.088276720;336.791263112;182.135736282;0.415002857;0.265406435;0.455561840;0.202691439;0.109614941;12444.825;11246;619.228419529;;636.496663296;;619.228419529;103;0.313710150;0.313932729;0.313710150;0.269945611;0.240272824;0.269945611;0.463995141;0.460370138;0.463995141;0.202770319;0.195646357;0.202770319;0.106221542;0.101232243;0.106221542;14258;14993;14258
Le Port;LA REUNION;CA Territoire de la Côte Ouest (Tco);LA REUNION;2513.183492274;109.740517407;112.391232824;109.740517407;Non;974070503;97407;69;249740101;-20.937063995, 55.302010918;"{""type"": ""Polygon"", ""coordinates"": [[[55.30085842839387, -20.939195466719212], [55.300843341836, -20.93916912153341], [55.29982253620461, -20.937865464505013], [55.299426924157075, -20.937308718597247], [55.29965992996706, -20.937194518592925], [55.30111043869902, -20.935181118007876], [55.30379008413742, -20.934409281693355], [55.30387285212045, -20.934401974948546], [55.303927151635975, -20.934788213098784], [55.30370183282212, -20.937293464119268], [55.30321503339148, -20.939367057998453], [55.30314930756744, -20.939482926674124], [55.30312815707559, -20.939482716306653], [55.30308949806104, -20.93950039727342], [55.30307101796881, -20.939519182218586], [55.30292678968667, -20.939519554120274], [55.30232873218779, -20.939435019072793], [55.30134782697551, -20.93928073152925], [55.30093518616401, -20.93920978027233], [55.30085842839387, -20.939195466719212]]]}";9740705;97407;974;4;974070503;Zup Iii-Square Jean Xxiii;Le Port;LA REUNION;Zup Iii-Square Jean Xxiii;LA REUNION;;4;;;;;;Iris d'habitat;7870;260.995590569;130.497795284;;272.483981376;;136.241990688;260.995590569;130;130.497795284;87.283104222;;87.283104222;83.004235310;;83.004235310;87.283104222;87;87.283104222;661.393669747;346.523294269;900.096246993;228.362133031;167.010520683;166.892110119;167.010520683;93.985069885;105.591871258;93.985069885;122.273915933;123.236713420;122.273915933;118.722020382;123.044978895;118.722020382;69.168473337;72.577487940;69.168473337;87.283104222;83.004235310;87.283104222;118.722020382;;118.722020382;123.044978895;;123.044978895;118.722020382;118;118.722020382;191.442389270;;95.721194635;195.814201361;;97.907100680;191.442389270;95;95.721194635;6264;;;348.278694791;;116.092898264;355.488216686;;118.496072229;348.278694791;116;116.092898264;310.164409653;;103.388136551;318.859180256;;106.286393419;310.164409653;103;103.388136551;Polygon;12444.825;1;1522.691577774;863.891496040;170.065691109;605.006249691;184.648162498;0.523928955;0.253708571;0.567345028;0.240733019;0.073471819;12444.825;6264;658.443104444;;674.347396942;;658.443104444;109;0.313710150;0.313932729;0.313710150;0.269945611;0.240272824;0.269945611;0.463995141;0.460370138;0.463995141;0.202770319;0.195646357;0.202770319;0.106221542;0.101232243;0.106221542;14258;14993;14258
Le Port;LA REUNION;CA Territoire de la Côte Ouest (Tco);LA REUNION;1703.204313137;107.946577601;111.083821698;107.946577601;Non;974070501;97407;69;249740101;-20.9368703125, 55.3075408622;"{""type"": ""Polygon"", ""coordinates"": [[[55.306229519322606, -20.933877998673406], [55.30662336213369, -20.933824097810863], [55.30740911426348, -20.933717177403278], [55.30779813953395, -20.93366412926746], [55.30820456022087, -20.933603123201443], [55.30857824401048, -20.933546308044363], [55.308838285384965, -20.933506431374077], [55.30885444375818, -20.933608661791403], [55.309082615880484, -20.935037197031885], [55.30921459706465, -20.935870422766364], [55.30923164621222, -20.93597898491562], [55.30925920571142, -20.936264693445803], [55.309266485235106, -20.93655833050279], [55.30925304045056, -20.93681382456978], [55.30923698526291, -20.93704490428963], [55.309200730984145, -20.93727668710784], [55.309145096917774, -20.937521826997095], [55.30908685233785, -20.937742552513903], [55.309004370233055, -20.937981103302537], [55.30890354045944, -20.93822669838135], [55.30880209384312, -20.938441575865212], [55.30865589573993, -20.938702979992254], [55.308486349909266, -20.938988540930474], [55.308277627440106, -20.939337845783307], [55.30805711355482, -20.939709615269415], [55.308050241737526, -20.93972219298152], [55.30799814117793, -20.939823746444997], [55.307989092829054, -20.93985888446512], [55.307986408825876, -20.939926603538296], [55.3079891959986, -20.940106383084395], [55.30794345516375, -20.940069798385174], [55.30787175677081, -20.940032956212242], [55.30785263043857, -20.940023733744855], [55.3078114022499, -20.94001338877227], [55.30776441586888, -20.940002083397136], [55.30773652536107, -20.940002710016575], [55.30767785001954, -20.940004837806413], [55.307581517973055, -20.94002104442384], [55.307500324514315, -20.940059079791272], [55.30744118211605, -20.940102753546586], [55.307425586627424, -20.940121567608962], [55.30734763263162, -20.940128020389512], [55.30727140848946, -20.94015165253503], [55.30714717563334, -20.940169388608798], [55.30700503174672, -20.940155332201652], [55.306804364863446, -20.94012985554251], [55.30566131917815, -20.939943271651785], [55.30565306304818, -20.93990796192655], [55.305637965392684, -20.93988252027905], [55.30560839607847, -20.93986145127564], [55.305596217276616, -20.93974751765677], [55.30571125286264, -20.939265407936777], [55.305829283528624, -20.93877339178519], [55.305936240235475, -20.93832552601599], [55.305969571190566, -20.93818313946124], [55.30606561651223, -20.93776497328454], [55.30616269370298, -20.937340494319407], [55.30622768576075, -20.937033122562582], [55.30626425571917, -20.93685915340586], [55.30627544029371, -20.936805067897186], [55.306305717328684, -20.936592195400333], [55.30636182990672, -20.936133888349463], [55.306396097823196, -20.935822598364044], [55.30640071520887, -20.935753995237935], [55.30642541342156, -20.935353185935977], [55.306396099156416, -20.935053007412478], [55.30639346899341, -20.935030399411577], [55.306329837405734, -20.93453296612856], [55.30626179191775, -20.934086072456896], [55.306229519322606, -20.933877998673406]]]}";9740705;97407;974;4;974070501;Zup-Cité Maloya;Le Port;LA REUNION;Zup-Cite Maloya;LA REUNION;;4;;;;;;Iris d'habitat;7870;215.503196235;107.751598117;;228.027506750;;114.013753375;215.503196235;107;107.751598117;87.283104222;;87.283104222;83.004235310;;83.004235310;87.283104222;87;87.283104222;465.591153518;165.687460963;628.458159900;173.154096410;113.437423120;113.356995915;113.437423120;102.065773115;114.670510834;102.065773115;126.875348804;127.874378451;126.875348804;90.588062495;93.886594938;90.588062495;127.429753851;133.710214742;127.429753851;87.283104222;83.004235310;87.283104222;90.588062495;;90.588062495;93.886594938;;93.886594938;90.588062495;90;90.588062495;254.305102655;;127.152551327;261.584593193;;130.792296596;254.305102655;127;127.152551327;9386;;;302.786300457;;100.928766819;311.031742059;;103.677247353;302.786300457;100;100.928766819;344.893165150;;114.964388383;355.471188131;;118.490396044;344.893165150;114;114.964388383;Polygon;12444.825;1;1205.141303125;709.461205443;58.695344896;312.854281682;230.542073032;0.355864710;0.275522075;0.588695453;0.183685703;0.135357849;12444.825;9386;647.679465607;;666.502930190;;647.679465607;107;0.313710150;0.313932729;0.313710150;0.269945611;0.240272824;0.269945611;0.463995141;0.460370138;0.463995141;0.202770319;0.195646357;0.202770319;0.106221542;0.101232243;0.106221542;14258;14993;14258
Le Port;LA REUNION;CA Territoire de la Côte Ouest (Tco);LA REUNION;2369.810567292;106.652650783;109.223011255;106.652650783;Non;974070504;97407;69;249740101;-20.9326579792, 55.3028038096;"{""type"": ""Polygon"", ""coordinates"": [[[55.306229519322606, -20.933877998673406], [55.30603403986485, -20.933904963071456], [55.30429443831908, -20.934275190077727], [55.30396444518776, -20.934379400203913], [55.30387285212045, -20.934401974948546], [55.30379008413742, -20.934409281693355], [55.30111043869902, -20.935181118007876], [55.29965992996706, -20.937194518592925], [55.299426924157075, -20.937308718597247], [55.29937013953341, -20.93722866457034], [55.298958321427996, -20.935978945741976], [55.298573685868696, -20.93445128907338], [55.29792128350129, -20.932967028099497], [55.29762544307558, -20.932346238327575], [55.29750709121066, -20.93209936738371], [55.29748830170317, -20.931975431531978], [55.2974938740023, -20.931907741648757], [55.297511247718454, -20.93181668440061], [55.29757040608707, -20.931601392310803], [55.297609343337555, -20.93151642143182], [55.29769286925327, -20.931399377487814], [55.297741680913454, -20.931333925439173], [55.29779417455532, -20.931282962469822], [55.29785236470529, -20.93123837921153], [55.29800918200202, -20.93114419627513], [55.29895957795988, -20.930759844704482], [55.29933332505895, -20.930611819571666], [55.299601695562195, -20.93051513357469], [55.299832268210665, -20.930445168811005], [55.30002322244103, -20.93039287456996], [55.30023232965021, -20.930350696921884], [55.30044324732608, -20.930318473055834], [55.30067615317078, -20.930297307154607], [55.30089169398193, -20.930281387694812], [55.30119944060048, -20.930273611999617], [55.301490681746905, -20.930280123872965], [55.301621401782754, -20.93028323134061], [55.30295550985648, -20.930315471361435], [55.304319400152075, -20.93034980343647], [55.30509793398658, -20.930370182854578], [55.30824410689836, -20.930253261753315], [55.30832127697641, -20.93023054150056], [55.30834725315873, -20.93022899242733], [55.30840016685222, -20.93022590379742], [55.30845096519313, -20.930239956447654], [55.30847396611404, -20.93024650735886], [55.308537989840055, -20.930281466436824], [55.30860176007549, -20.930339004906166], [55.30863562769934, -20.930405279777965], [55.30864734417008, -20.930474948226223], [55.308641878367425, -20.930533607065247], [55.30862004963305, -20.930593910291066], [55.3085848433554, -20.930646854713952], [55.3085324243379, -20.930691499036868], [55.3085072775666, -20.93070479895496], [55.308496642057285, -20.93071011320417], [55.30846957046821, -20.93080920534936], [55.308453479194, -20.93087227524407], [55.30843291375103, -20.930991303957953], [55.308838285384965, -20.933506431374077], [55.30857824401048, -20.933546308044363], [55.30820456022087, -20.933603123201443], [55.30779813953395, -20.93366412926746], [55.30740911426348, -20.933717177403278], [55.30662336213369, -20.933824097810863], [55.306229519322606, -20.933877998673406]]]}";9740705;97407;974;4;974070504;Zup-Cité du Stade;Le Port;LA REUNION;Zup-Cite du Stade;LA REUNION;;4;;;;;;Iris d'habitat;7870;244.380428972;122.190214486;;255.334599969;;127.667299985;244.380428972;122;122.190214486;87.283104222;;87.283104222;83.004235310;;83.004235310;87.283104222;87;87.283104222;576.965618395;280.172224232;774.761911252;187.369890530;154.791309140;154.681562004;154.791309140;89.589119831;100.653037965;89.589119831;117.179710661;118.102395848;117.179710661;123.742733437;128.248508365;123.742733437;67.329927408;70.648328041;67.329927408;87.283104222;83.004235310;87.283104222;123.742733437;;123.742733437;128.248508365;;128.248508365;123.742733437;123;123.742733437;184.509638068;;92.254819034;188.750723889;;94.375361944;184.509638068;92;92.254819034;7154;;;331.663533194;;110.554511065;338.338835279;;112.779611760;331.663533194;110;110.554511065;308.252371505;;102.750790502;316.999232254;;105.666410751;308.252371505;102;102.750790502;Polygon;12444.825;1;1413.411653936;768.483454240;100.130836020;594.617546671;169.486214410;0.485596048;0.241841897;0.543708163;0.250913535;0.071518887;12444.825;7154;639.915904699;;655.338067533;;639.915904699;106;0.313710150;0.313932729;0.313710150;0.269945611;0.240272824;0.269945611;0.463995141;0.460370138;0.463995141;0.202770319;0.195646357;0.202770319;0.106221542;0.101232243;0.106221542;14258;14993;14258
Le Tampon;LA REUNION;CA du Sud;LA REUNION;2251.396195787;88.687599896;88.694779803;88.687599896;Non;974221101;97422;69;249740085;-21.3006038332, 55.5468020605;"{""type"": ""Polygon"", ""coordinates"": [[[55.51667782216617, -21.299912983952915], [55.516756171922665, -21.299885672024175], [55.51740199634485, -21.299307825980648], [55.517971032110964, -21.298793435853604], [55.520594921732574, -21.29853469117924], [55.52427122219084, -21.298483865708302], [55.524765438075164, -21.298509878415118], [55.5249330411368, -21.298521284037868], [55.525114939081455, -21.298549074382123], [55.52572346131859, -21.298518274151775], [55.52592627505506, -21.2984784985067], [55.52658969700421, -21.29816182621807], [55.52738790288426, -21.29766747489913], [55.52825522870373, -21.29729747776384], [55.52991463696194, -21.296767053902485], [55.533115702340666, -21.296123150272724], [55.53553394432635, -21.295527923987578], [55.53765407940307, -21.29476341037921], [55.53903876508582, -21.29480343844168], [55.54114470677233, -21.295081575249608], [55.54273627475574, -21.295086615670645], [55.54568210151571, -21.29396126954291], [55.54801265206972, -21.292914571630813], [55.54939770118716, -21.292523633672722], [55.552255666378386, -21.29241274153694], [55.5535151114468, -21.29224832522688], [55.55454544908603, -21.292226463375453], [55.555509150279654, -21.292267255819844], [55.556561256445185, -21.292459203869164], [55.55965333230421, -21.291765743742914], [55.56239538940126, -21.29063789966782], [55.56341263405931, -21.29025138009597], [55.565301789174235, -21.289852865900304], [55.56841813202121, -21.289182481444215], [55.56892329730476, -21.28897178520366], [55.569850583156956, -21.288565942345077], [55.57032257742374, -21.288196877915574], [55.57082360947383, -21.28771514282109], [55.57140073586308, -21.287138299217162], [55.5723952736784, -21.286198729897688], [55.573973523332434, -21.286205294633035], [55.57520434787398, -21.286503424882525], [55.57707613649692, -21.28830287536513], [55.57814669994037, -21.289132142232223], [55.57816330950297, -21.289209065378486], [55.578044721824384, -21.289413119136476], [55.577917433809205, -21.28961980927676], [55.577751073260174, -21.289880368847836], [55.57759302185442, -21.290078668830347], [55.57751250727395, -21.2901321881372], [55.5761256213504, -21.291523329836814], [55.575189599172404, -21.293235343367108], [55.57393277294453, -21.295416213596145], [55.571578430800066, -21.29717801227041], [55.56925000750879, -21.298237254062943], [55.56909400808243, -21.298221474510868], [55.56889027411074, -21.298257681687996], [55.568255257144514, -21.29841497809614], [55.56717690677704, -21.298708314082184], [55.56692658412581, -21.298777545113687], [55.56671176515165, -21.2988633379785], [55.56651690595333, -21.298978206931082], [55.56640829147342, -21.2990459342511], [55.566393746448504, -21.29905484357412], [55.56404027712673, -21.300253207211686], [55.561090944069925, -21.30208298707842], [55.557319878589325, -21.302772146793593], [55.55633114067132, -21.303336390042745], [55.55560710388975, -21.303942607756415], [55.5546078181496, -21.30533913928204], [55.553098115993635, -21.306832446271475], [55.55135025838184, -21.308840055399234], [55.549227086964976, -21.310295849559473], [55.54614948296178, -21.311203432733524], [55.54393636399849, -21.311415411601885], [55.542637409186746, -21.311756454800122], [55.54140086619432, -21.31212196673989], [55.54048436948704, -21.312389075594922], [55.53895666587939, -21.312586735714586], [55.53757806543152, -21.314032702413126], [55.53730345498474, -21.314701024416134], [55.53720077396106, -21.314945832520277], [55.537068049985066, -21.31520663883868], [55.53703073198346, -21.315275869317905], [55.536987594624016, -21.31534866241431], [55.53694265466595, -21.315408793432844], [55.5368772933222, -21.315486813031555], [55.53684121652214, -21.3155280515551], [55.53679645545045, -21.315570117825036], [55.53673424529054, -21.315621968701507], [55.53664798176858, -21.315669093690335], [55.536548205365264, -21.31571790766819], [55.534818286255764, -21.31654473196761], [55.53433072658981, -21.31613308955589], [55.534235132074556, -21.316051861604116], [55.53402023983992, -21.315849453195295], [55.533457979280975, -21.31529172402593], [55.53317092606551, -21.31497848128786], [55.53226680836298, -21.313415090400884], [55.53226492543459, -21.313410557409874], [55.53224980814983, -21.313379712882124], [55.53215621617161, -21.313291274847256], [55.53134719594788, -21.312442325851933], [55.53132811556323, -21.31242228638632], [55.53067487158872, -21.311710191393544], [55.529075889848855, -21.309941985392523], [55.52842091175944, -21.30930935872323], [55.52742220437935, -21.30834672253775], [55.52608678007793, -21.30712549423747], [55.525981683464664, -21.30703153241692], [55.52330991163831, -21.304688401216083], [55.520888138816815, -21.302511831312408], [55.520621861683814, -21.30224662726072], [55.517860491342574, -21.300637018980353], [55.51724269558108, -21.30067854821686], [55.51710964954712, -21.300585238305132], [55.51689950456972, -21.300394594763624], [55.516783904501175, -21.30019575128699], [55.51671586073476, -21.300060558541695], [55.51667782216617, -21.299912983952915]]]}";9742211;97422;974;4;974221101;Berive;Le Tampon;LA REUNION;Berive;LA REUNION;;4;;;;;;Iris d'habitat;15415;151.895874687;75.947937343;;159.794852592;;79.897426296;151.895874687;75;75.947937343;96.779854367;;96.779854367;103.137921536;;103.137921536;96.779854367;96;96.779854367;628.929571709;130.822897970;827.682554257;191.232715417;66.306053468;74.862417684;66.306053468;85.589821218;84.932434908;85.589821218;110.979455331;102.929109793;110.979455331;90.378205563;93.461589696;90.378205563;82.092209428;72.845205198;82.092209428;96.779854367;103.137921536;96.779854367;90.378205563;;90.378205563;93.461589696;;93.461589696;90.378205563;90;90.378205563;193.071664759;;96.535832380;175.774314992;;87.887157496;193.071664759;96;96.535832380;11106;;;248.675729054;;82.891909685;262.932774129;;87.644258043;248.675729054;82;82.891909685;283.449870322;;94.483290107;269.235904688;;89.745301563;283.449870322;94;94.483290107;Polygon;13798.871635611;1;1524.462575356;785.005660618;15.109352712;412.591261897;196.320871786;0.208008820;0.231045966;0.514939280;0.183260175;0.087199611;13798.871635611;11106;532.125599376;;532.168678816;;532.125599376;88;0.313710150;0.277854799;0.313710150;0.269945611;0.272035020;0.269945611;0.463995141;0.500285372;0.463995141;0.202770319;0.196080739;0.202770319;0.106221542;0.119705354;0.106221542;14258;13379.047619048;14258
Le Tampon;LA REUNION;CA du Sud;LA REUNION;3417.028939243;96.882923727;96.493795612;96.882923727;Non;974221202;97422;69;249740085;-21.2110778543, 55.5356326804;"{""type"": ""Polygon"", ""coordinates"": [[[55.52134664981987, -21.233080893087383], [55.52134507430533, -21.23304564993165], [55.52146037801567, -21.23017772651639], [55.52052331295732, -21.22492485432219], [55.52033244573027, -21.22387352634794], [55.51959958593737, -21.220658065023084], [55.51941285874129, -21.21938591133142], [55.519222420602574, -21.2180997234389], [55.51868717964971, -21.2146822938902], [55.51837220400092, -21.212748236773322], [55.518257551580014, -21.212074258879383], [55.518305632490055, -21.21208281070316], [55.51884477915861, -21.211921330888178], [55.51905709832327, -21.211785889038918], [55.5193360884331, -21.211533600246582], [55.51986588916548, -21.21095650861867], [55.5199904799659, -21.210730867867095], [55.52020362495352, -21.20973908570801], [55.52055950248155, -21.20844052193965], [55.520684656448, -21.208061321182832], [55.52096359943727, -21.207619331708894], [55.52098304363231, -21.207601435634416], [55.5213199139735, -21.207339713316486], [55.523934824774905, -21.205203204111946], [55.52460027211123, -21.204445713316893], [55.52607345190349, -21.203296454441908], [55.52838079013403, -21.201904683021777], [55.52904491159624, -21.200985466359732], [55.53020312970793, -21.19822076777171], [55.53053836850609, -21.19588023877614], [55.53062434189539, -21.19449167555357], [55.530706257285225, -21.193269739868498], [55.531250631231465, -21.19252245613885], [55.532275392593476, -21.19204356614048], [55.532461934253774, -21.191978340465933], [55.5343641173241, -21.191161985737416], [55.53580996538267, -21.19041934087675], [55.538513390826154, -21.18946534592263], [55.53867642167658, -21.189439656077308], [55.538839097295316, -21.189450096047658], [55.53945154673304, -21.18956198320349], [55.53995745789049, -21.190027955000353], [55.54044231441725, -21.190774678107623], [55.541079027708605, -21.19184971548153], [55.542518013398535, -21.193768605623248], [55.542917526145914, -21.194233199950208], [55.541795020848575, -21.194564069549756], [55.54052580970453, -21.194875597626872], [55.53931465751181, -21.195159614772678], [55.53938024405518, -21.195248707741413], [55.53989837467186, -21.19594332745315], [55.540473695685165, -21.19669986603223], [55.54159723454738, -21.197737554429732], [55.54160774061957, -21.197746678392765], [55.54188184751201, -21.197887253503975], [55.54271868459193, -21.197546802084453], [55.54544786149455, -21.199254920628647], [55.54763723098023, -21.20153117493116], [55.55074220010696, -21.203322360679156], [55.55269619038041, -21.203026249488367], [55.55458531261534, -21.202022568194206], [55.5546462661416, -21.201995086588106], [55.554702013379156, -21.202106673174253], [55.555782857343274, -21.20309196653202], [55.556928309695294, -21.204170848615533], [55.55745594451649, -21.20469206107845], [55.55736892221544, -21.204725644293443], [55.557171751676606, -21.20479351634236], [55.55676786576271, -21.204920144854068], [55.55663649158113, -21.204957865300035], [55.556542823052645, -21.204981454640173], [55.55643573099498, -21.204998605877492], [55.556350871804874, -21.20500781713051], [55.55643180836669, -21.206987704484842], [55.556804201108754, -21.208714440480364], [55.556979666546376, -21.209492803517794], [55.557203436617726, -21.209860564200163], [55.55796328477035, -21.21047770616137], [55.5584737462171, -21.210984316389663], [55.55878167894501, -21.211762905517322], [55.558444526688305, -21.212009346251396], [55.55834078271039, -21.212078016829732], [55.55830491409524, -21.21210119712496], [55.55805936918111, -21.212189433207392], [55.55608074441183, -21.212875313218078], [55.5536285798951, -21.213169585057475], [55.552349232361166, -21.21351814447096], [55.55088323373443, -21.213989751024627], [55.550451171437494, -21.21413780080248], [55.549525395793516, -21.214482598539313], [55.54885531625605, -21.214834557390336], [55.548315240126136, -21.2151420133979], [55.54826264912388, -21.215200277368698], [55.54823146214354, -21.21523704555641], [55.54817589290262, -21.215304317148142], [55.54746732771959, -21.216093600633382], [55.54677190995961, -21.216818406094376], [55.54556567625139, -21.217615138750308], [55.54480102890166, -21.21758777213166], [55.54431715915206, -21.217712323910277], [55.543665974873456, -21.2179031801781], [55.543591562244494, -21.21792692792609], [55.54348710145156, -21.217969386185345], [55.54339017848808, -21.218029072592238], [55.54331647194804, -21.21807902272159], [55.542277827167894, -21.21885233513552], [55.541383926452795, -21.2198454958445], [55.53954327954619, -21.221666938860707], [55.538622147622384, -21.224418616570812], [55.53867443056837, -21.225273229645712], [55.53847213000381, -21.22605323445405], [55.53714520435688, -21.22815175873239], [55.53630573906565, -21.22933790435771], [55.53559717972903, -21.22986923221865], [55.535516435701005, -21.229948023650888], [55.534753960526366, -21.229694797100983], [55.532904666163205, -21.228863028709235], [55.532726634524295, -21.228744952289347], [55.532444294587066, -21.228555509497138], [55.53126339791282, -21.227651850789115], [55.53115447068188, -21.227560570604357], [55.53076849917468, -21.22723201509658], [55.53104972639482, -21.226171255755986], [55.52931441956429, -21.226773108056513], [55.5291345306152, -21.226842902359767], [55.52905224355397, -21.22688283444491], [55.52868797557512, -21.22708651878972], [55.52807005791701, -21.227462782112603], [55.525857784560934, -21.229038278098034], [55.523887144155196, -21.23067683062707], [55.522836081797976, -21.23168657331376], [55.521506102759005, -21.23293595331885], [55.52134664981987, -21.233080893087383]]]}";9742212;97422;974;4;974221202;Bois Court-Piton Hyacinthe;Le Tampon;LA REUNION;Bois Court-Piton Hyacinthe;LA REUNION;;4;;;;;;Iris d'habitat;15415;161.247484428;80.623742214;;170.000584020;;85.000292010;161.247484428;80;80.623742214;96.779854367;;96.779854367;103.137921536;;103.137921536;96.779854367;96;96.779854367;973.513478778;223.182318050;1307.190407384;311.122397499;73.078436075;82.508732145;73.078436075;88.169048352;87.491851875;88.169048352;106.054248235;98.361172598;106.054248235;100.265037651;103.685725462;100.265037651;116.950917679;103.777370054;116.950917679;96.779854367;103.137921536;96.779854367;100.265037651;;100.265037651;103.685725462;;103.685725462;100.265037651;100;100.265037651;223.005165914;;111.502582957;202.138542653;;101.069271326;223.005165914;111;111.502582957;9850;;;258.027338794;;86.009112931;273.138505556;;91.046168519;258.027338794;86;86.009112931;323.270203565;;107.756734522;305.824268115;;101.941422705;323.270203565;107;107.756734522;Polygon;13798.871635611;1;2406.379183286;1184.146850032;7.515248473;694.708418877;424.487486757;0.229254471;0.238008477;0.492086558;0.203307736;0.124227068;13798.871635611;9850;581.297542359;;578.962773671;;581.297542359;96;0.313710150;0.277854799;0.313710150;0.269945611;0.272035020;0.269945611;0.463995141;0.500285372;0.463995141;0.202770319;0.196080739;0.202770319;0.106221542;0.119705354;0.106221542;14258;13379.047619048;14258
Le Tampon;LA REUNION;CA du Sud;LA REUNION;3346.109728658;90.542626335;90.527062801;90.542626335;Non;974221203;97422;69;249740085;-21.2330300882, 55.5825135573;"{""type"": ""Polygon"", ""coordinates"": [[[55.60165681057034, -21.272625495219874], [55.601280442551406, -21.27257720369232], [55.59798752850261, -21.273573307775717], [55.594903422765285, -21.275614438028885], [55.59355010865183, -21.276731217151617], [55.59316097031177, -21.277486504811517], [55.592985810702466, -21.27781520986971], [55.592918250216506, -21.27792665874702], [55.592913371581076, -21.27793294131925], [55.58960873225197, -21.27508599900936], [55.588520688008536, -21.27417264916427], [55.58685364573242, -21.272784252168254], [55.58583202732776, -21.271932418425322], [55.58221174404397, -21.26886498914398], [55.57964866008563, -21.26661398075256], [55.57862729257395, -21.265895350009806], [55.57770613700039, -21.266081792749105], [55.57678774726885, -21.266832383064177], [55.575983249881446, -21.26726324861202], [55.56906473514449, -21.263684364368146], [55.566065394671554, -21.262131341898137], [55.563589156598226, -21.26080042981637], [55.559602155257316, -21.258756500863544], [55.559657956743, -21.258666645215676], [55.55972367485716, -21.258547967874758], [55.56065580862347, -21.25662761262164], [55.5617047490881, -21.255023305453637], [55.562637231924455, -21.25422964695956], [55.56374860126465, -21.25355033297735], [55.56531218414815, -21.25264180181443], [55.565602046137734, -21.25256116230105], [55.56572789892932, -21.25250080682136], [55.565813423542174, -21.252425654907814], [55.56586442737515, -21.25233304604429], [55.56595986327463, -21.252030339722896], [55.56429945818996, -21.250054179783284], [55.563376302798424, -21.24896503294296], [55.56276661923313, -21.248242594881308], [55.56195694094361, -21.247178798195005], [55.56177540921253, -21.24632450893755], [55.561449928315945, -21.244417518488504], [55.56092166765535, -21.24220889243249], [55.560737668315326, -21.23987312390659], [55.562734186797755, -21.238123013528877], [55.56462070336607, -21.23648440534553], [55.56420062785894, -21.235587889455253], [55.56250487452927, -21.234495324538457], [55.56045004025115, -21.231786787262354], [55.560193221254515, -21.230849650890914], [55.560029139683586, -21.23018520753756], [55.56001241771496, -21.229377037534846], [55.559996335766414, -21.228502929944373], [55.56009661346172, -21.22849475242688], [55.56041949871533, -21.22848124760281], [55.56060840601858, -21.228473825922684], [55.560743224616445, -21.228480395931008], [55.560864407133145, -21.22850220611858], [55.56104505551433, -21.228551623226274], [55.5636620184719, -21.228128579085283], [55.56579962710116, -21.22616395155708], [55.565710569845464, -21.2249120818341], [55.56424642753308, -21.222595235827942], [55.56303332970432, -21.221418712275455], [55.56273036766991, -21.221664548357996], [55.562613009450494, -21.221745751942606], [55.562495878619124, -21.221803470796264], [55.56236063708661, -21.22184116203756], [55.56224008165064, -21.221854588369027], [55.56210927100547, -21.221832697379195], [55.56107170261172, -21.22163234866659], [55.56030849072028, -21.221454207467637], [55.55998145032118, -21.220706170778357], [55.559757157500826, -21.219645555032688], [55.56020651025814, -21.218957438251845], [55.560964903021784, -21.2179422395274], [55.562010869041366, -21.21657718790972], [55.56165707724486, -21.21610444203624], [55.560732578887624, -21.21487797012078], [55.559806243988184, -21.214189862701954], [55.55870742376412, -21.212812844217677], [55.55834078271039, -21.212078016829732], [55.558444526688305, -21.212009346251396], [55.55878167894501, -21.211762905517322], [55.5584737462171, -21.210984316389663], [55.55796328477035, -21.21047770616137], [55.557203436617726, -21.209860564200163], [55.556979666546376, -21.209492803517794], [55.556804201108754, -21.208714440480364], [55.55643180836669, -21.206987704484842], [55.556350871804874, -21.20500781713051], [55.55643573099498, -21.204998605877492], [55.556542823052645, -21.204981454640173], [55.55663649158113, -21.204957865300035], [55.55676786576271, -21.204920144854068], [55.557171751676606, -21.20479351634236], [55.55736892221544, -21.204725644293443], [55.55745594451649, -21.20469206107845], [55.556928309695294, -21.204170848615533], [55.555782857343274, -21.20309196653202], [55.554702013379156, -21.202106673174253], [55.5546462661416, -21.201995086588106], [55.55468012724935, -21.20198001974226], [55.55473363008813, -21.201926277785695], [55.554988861183055, -21.201583389589846], [55.55539687189759, -21.20118038124383], [55.556096345305924, -21.200571194292984], [55.55615268399056, -21.200522896051528], [55.55621570345947, -21.20048097820553], [55.556351110762165, -21.20042432241531], [55.55683126885399, -21.200278472667847], [55.5569490314037, -21.200253282188637], [55.55705214440734, -21.200248743083694], [55.55717156129957, -21.200251569825674], [55.55881832943882, -21.200343314680367], [55.56134037892773, -21.200717565296586], [55.56444011149008, -21.201670305758466], [55.565647166216856, -21.201512992237397], [55.56723570816675, -21.201244931346576], [55.56890718270169, -21.200799576446652], [55.56942254527007, -21.200530114876734], [55.569919610651866, -21.2001278235389], [55.57016161740205, -21.199904038664908], [55.57132383555458, -21.199148522192253], [55.572735656409286, -21.198479568025796], [55.574387185618455, -21.19792441228844], [55.5759425800117, -21.197800450000425], [55.57712082401464, -21.197328222381767], [55.57842024364165, -21.19672444115404], [55.580483183144565, -21.19706156943287], [55.58219670823445, -21.197777852800083], [55.58427772857882, -21.20056674840831], [55.585963360931196, -21.199766959519796], [55.58617447970726, -21.199648582596513], [55.58757947510554, -21.198577232249857], [55.58818520526522, -21.198087265581574], [55.58816324096811, -21.19806720853835], [55.58843896448848, -21.197434464719166], [55.58878947202449, -21.19693965271516], [55.58906139065877, -21.196707055517376], [55.58906622367136, -21.196705289201358], [55.59080863091779, -21.196107367418186], [55.591439016422484, -21.195910276091467], [55.592179091125615, -21.196030717500147], [55.59535088156251, -21.19480102145732], [55.596674097997926, -21.19416991436235], [55.59804032088423, -21.193695084520208], [55.60138014569293, -21.19509584725496], [55.601444703328156, -21.195093671642788], [55.60131091774431, -21.19549184211156], [55.60170099071351, -21.197440873752175], [55.601498354718835, -21.199217879983923], [55.602972139462146, -21.201780214627306], [55.60343841530753, -21.202185155232062], [55.60365465559276, -21.20346788456411], [55.60257185374924, -21.2044977738621], [55.6013836906382, -21.204439157966497], [55.60011133835808, -21.20534099244601], [55.60023891542638, -21.205705193604793], [55.60054376845399, -21.205862191684787], [55.60127656490423, -21.20609680830639], [55.60200792205414, -21.20627991938382], [55.602845950011535, -21.206336990202516], [55.60348965916999, -21.206365349791017], [55.60354789525555, -21.206318857502858], [55.60359632903871, -21.206290351008604], [55.603049721629986, -21.207460176532845], [55.60242657701607, -21.208777514519277], [55.600998024237505, -21.211428738194154], [55.599654110899515, -21.214088778735267], [55.59967663078707, -21.21568426652416], [55.59977878433516, -21.218335517121268], [55.59988085413172, -21.22130203231736], [55.60034998867401, -21.229578716412306], [55.60071209623048, -21.22979942483998], [55.60083804482917, -21.229827569529395], [55.60098228087883, -21.229857672442634], [55.601085355247584, -21.229859430413725], [55.60333916299014, -21.229832031502948], [55.60500188182823, -21.229753646005335], [55.6049988557253, -21.229768074449545], [55.60497536389981, -21.22990970482972], [55.604910113454984, -21.230700944054355], [55.60453851714861, -21.233842853035636], [55.60450830023661, -21.234698970235968], [55.60450920988332, -21.234909456173277], [55.60452081357428, -21.23521217133217], [55.60453539536003, -21.235300819355245], [55.60471806804008, -21.23605932997694], [55.60511964975762, -21.238129043194455], [55.604844914536685, -21.241009781992727], [55.60415948941883, -21.24247926481476], [55.60305730011097, -21.24363766690509], [55.6020871012865, -21.24490924525852], [55.60128409923708, -21.24637593214643], [55.60104434965217, -21.247275475172334], [55.60135722949882, -21.24791808621914], [55.601498086351754, -21.24851229639483], [55.60150021021211, -21.248899846256776], [55.60080670104938, -21.250796635703274], [55.60047529328581, -21.252025925025535], [55.60034197411632, -21.254280339737992], [55.600187886163965, -21.257457114385144], [55.6001844851107, -21.258122845712183], [55.60019838157924, -21.258385832261954], [55.600250055069836, -21.25852627869137], [55.600925673764934, -21.26025003601293], [55.60117327928791, -21.260766090276046], [55.60217559598056, -21.262777053553418], [55.60242982227848, -21.265471159674565], [55.6022929360672, -21.267312831744217], [55.60221382332559, -21.267934574528024], [55.60212020485355, -21.26815330864713], [55.60162452008475, -21.269310886057816], [55.60159941015463, -21.269928559794202], [55.601584296228154, -21.270304222294854], [55.601576636804324, -21.270502892723652], [55.60156777777033, -21.271491520811086], [55.60162278641882, -21.27224852157478], [55.60165423680449, -21.27238789643006], [55.60165681057034, -21.272625495219874]]]}";9742212;97422;974;4;974221203;Bourg Murat-Route Notre Dame de la Paix;Le Tampon;LA REUNION;Bourg Murat-Route Notre Dame de la Paix;LA REUNION;;4;;;;;;Iris d'habitat;15415;153.284554661;76.642277331;;161.554259538;;80.777129769;153.284554661;76;76.642277331;96.779854367;;96.779854367;103.137921536;;103.137921536;96.779854367;96;96.779854367;927.428402740;201.029182307;1193.689110128;271.283153113;69.095560399;78.011892311;69.095560399;84.188994262;83.542367227;84.188994262;114.866320368;106.534025289;114.866320368;93.337056406;96.521386045;93.337056406;84.987972208;75.414784399;84.987972208;96.779854367;103.137921536;96.779854367;93.337056406;;93.337056406;96.521386045;;96.521386045;93.337056406;93;93.337056406;199.854292576;;99.927146288;181.948809687;;90.974404844;199.854292576;99;99.927146288;10070;;;250.064409028;;83.354803009;264.692181074;;88.230727025;250.064409028;83;83.354803009;293.191348982;;97.730449661;278.470195733;;92.823398578;293.191348982;97;97.730449661;Polygon;13798.871635611;1;2236.828580525;1192.171799512;17.585796328;633.284214475;302.071844477;0.216759786;0.227264495;0.532974145;0.189259847;0.090275535;13798.871635611;10070;543.255758010;;543.162376807;;543.255758010;90;0.313710150;0.277854799;0.313710150;0.269945611;0.272035020;0.269945611;0.463995141;0.500285372;0.463995141;0.202770319;0.196080739;0.202770319;0.106221542;0.119705354;0.106221542;14258;13379.047619048;14258
Le Tampon;LA REUNION;CA du Sud;LA REUNION;3668.782409819;90.385096945;90.714362330;90.385096945;Non;974220901;97422;69;249740085;-21.2562563097, 55.5423284939;"{""type"": ""Polygon"", ""coordinates"": [[[55.556346784565314, -21.2600610510418], [55.55633704321004, -21.260071807486977], [55.5562840858752, -21.260166202883628], [55.554333781833286, -21.26131341665548], [55.55271013965543, -21.262213191625325], [55.55210275834546, -21.262438321369334], [55.55124727869565, -21.26256014390295], [55.55006435668043, -21.262611847406273], [55.54637268019062, -21.26255068465458], [55.546047235013994, -21.262621045981113], [55.54544282648202, -21.26273868158732], [55.54514118102625, -21.262740594176982], [55.54402780710956, -21.262726461478525], [55.54251692024415, -21.262614712635525], [55.54093674885152, -21.2623465278424], [55.53986479409071, -21.262481322404412], [55.5381715450288, -21.262784158688426], [55.538073840079875, -21.262822153771847], [55.537985637098686, -21.262873781015276], [55.5375189615251, -21.26319311943613], [55.53745197478027, -21.263243123875423], [55.537393227510584, -21.263288231551503], [55.53729170782168, -21.263370907299347], [55.53721397873484, -21.263435271479768], [55.53712067161505, -21.263515760110025], [55.53444157229178, -21.265863236690965], [55.534022399373335, -21.26673625935213], [55.53417462342555, -21.267421394766416], [55.534172329508074, -21.267458410805535], [55.532796914234396, -21.266898125519617], [55.531831238014746, -21.266515740420417], [55.531187087896214, -21.266542692175662], [55.53116716728449, -21.266015161034684], [55.53119274545215, -21.264869753113967], [55.53168115747225, -21.26347793418043], [55.53221173116147, -21.262157842441617], [55.53232525564323, -21.26159335477907], [55.53196750822714, -21.26122800857695], [55.530640805699946, -21.261106467252763], [55.5290467416023, -21.26190170619861], [55.52792896500508, -21.260780867215924], [55.528206491349444, -21.2595692346036], [55.52837700340426, -21.258992601326423], [55.528421775464025, -21.2589478264588], [55.52847723628891, -21.25889411174297], [55.528733859750496, -21.258694461014382], [55.52947262732469, -21.25804916573671], [55.53000187984882, -21.257517212540893], [55.530153200784504, -21.257319802561096], [55.53032359037027, -21.257045776760624], [55.530831007733084, -21.25601861240247], [55.5303601538821, -21.255594465216177], [55.53029900784053, -21.255541539686657], [55.53021000019221, -21.255480241337374], [55.5302723023033, -21.255416649081123], [55.53035110978736, -21.25534055427031], [55.53042970212216, -21.25528613715239], [55.53110474811386, -21.255136650590813], [55.531585373714755, -21.254769574794334], [55.53191222408976, -21.254458970605935], [55.53223514453967, -21.253961344710746], [55.532292931826994, -21.253866999505313], [55.53277446319042, -21.253067238484086], [55.53285635676184, -21.25292251704526], [55.532991718599355, -21.252681605830663], [55.53390791503806, -21.250557744791184], [55.53426366497313, -21.249662035946983], [55.5347052879803, -21.248559309012876], [55.53474351591276, -21.24849369895115], [55.535084357845044, -21.24647322558113], [55.53520346672886, -21.24592594545526], [55.53533164271466, -21.245387325462527], [55.53543207202712, -21.245121266832566], [55.53573213703235, -21.245178071937307], [55.53628690471895, -21.24529941669763], [55.53635985148547, -21.24532805280515], [55.53638285867383, -21.245339995663855], [55.536415446993864, -21.245357441600085], [55.53642765091586, -21.245390067041154], [55.53642661618668, -21.24549484316508], [55.53701361608291, -21.246304343551905], [55.53778410265019, -21.247170535980224], [55.5383000955643, -21.24765828627794], [55.53884846419541, -21.24799004129363], [55.53893856849425, -21.24803779478083], [55.5394315109481, -21.248274219057926], [55.53965225797661, -21.248362849957424], [55.53968401740256, -21.248366738319255], [55.53971973759047, -21.24835982113283], [55.539760479929825, -21.24833217106137], [55.53982955496286, -21.248265020246894], [55.54137495708246, -21.24835963006981], [55.542825724689614, -21.248612523992115], [55.54393537515017, -21.249302348048868], [55.54528032320323, -21.24992573775292], [55.54639178492495, -21.249410227454995], [55.547979896577665, -21.24853769280663], [55.55004080150479, -21.2485292922598], [55.5520258520715, -21.248618617667695], [55.552964903950944, -21.249698925814744], [55.55474271417286, -21.25241511619445], [55.55583243647607, -21.254057214780754], [55.55522164700949, -21.256463405535044], [55.55611352764869, -21.259275870595257], [55.556346784565314, -21.2600610510418]]]}";9742209;97422;974;4;974220901;Bras Creux;Le Tampon;LA REUNION;Bras Creux;LA REUNION;;4;;;;;;Iris d'habitat;15415;157.735638334;78.867819167;;168.155774177;;84.077887089;157.735638334;78;78.867819167;96.779854367;;96.779854367;103.137921536;;103.137921536;96.779854367;96;96.779854367;1035.925259602;276.473232059;1294.932091755;253.997438583;85.073851780;96.052078096;85.073851780;72.661786553;72.103696081;72.661786553;110.222201172;102.226786140;110.222201172;89.909240267;92.976624966;89.909240267;87.663647530;77.789067163;87.663647530;96.779854367;103.137921536;96.779854367;89.909240267;;89.909240267;92.976624966;;92.976624966;89.909240267;89;89.909240267;197.885848702;;98.942924351;180.015853303;;90.007926652;197.885848702;98;98.942924351;10528;;;254.515492700;;84.838497567;271.293695713;;90.431231904;254.515492700;84;84.838497567;287.795088969;;95.931696323;272.992478269;;90.997492756;287.795088969;95;95.931696323;Polygon;13798.871635611;1;2388.422065439;1221.500324701;42.806960241;668.852980723;341.628499654;0.266885308;0.196147304;0.511425657;0.182309253;0.093117678;13798.871635611;10528;542.310581670;;544.286173982;;542.310581670;90;0.313710150;0.277854799;0.313710150;0.269945611;0.272035020;0.269945611;0.463995141;0.500285372;0.463995141;0.202770319;0.196080739;0.202770319;0.106221542;0.119705354;0.106221542;14258;13379.047619048;14258
Le Tampon;LA REUNION;CA du Sud;LA REUNION;2037.934068451;116.018154917;114.674495519;116.018154917;Non;974220102;97422;69;249740085;-21.2815498586, 55.5144274087;"{""type"": ""Polygon"", ""coordinates"": [[[55.51112299219261, -21.282196131420985], [55.51081898254035, -21.282524957271516], [55.51029239263305, -21.28303970153331], [55.50988057569743, -21.282971922683885], [55.50959530391229, -21.282875453828936], [55.50909186919893, -21.28243108602856], [55.509723287340144, -21.281651700779122], [55.50972718759655, -21.28164721875621], [55.51041879222156, -21.281015602413337], [55.51050135122162, -21.28095219779614], [55.51053048914057, -21.28092987281625], [55.50961019096044, -21.279676067953122], [55.50883592636361, -21.278755969193167], [55.508945349077386, -21.278704546164576], [55.50906714468267, -21.27866858884082], [55.5091790122848, -21.278661449405664], [55.509426766412474, -21.27865460937041], [55.50960189954001, -21.27868145201527], [55.50976829602377, -21.278714540330427], [55.511563499926, -21.277881987590437], [55.51354663257654, -21.27627557347621], [55.51362799706557, -21.276234739299046], [55.5136845461841, -21.276361701738224], [55.51452653555324, -21.278121551704086], [55.51461646990871, -21.278283134131133], [55.51467534689818, -21.278370371180326], [55.51476107979214, -21.278470491402437], [55.51496144702553, -21.278671889898035], [55.5157459376703, -21.279441199669396], [55.51717912780764, -21.280779885256564], [55.518356513532474, -21.28172833708805], [55.519867724256834, -21.28293173989004], [55.51993848690019, -21.282987463886304], [55.52016723944829, -21.28314665061227], [55.520386490981494, -21.28329220389063], [55.52037355622042, -21.283332739233675], [55.52038857794034, -21.283372616931825], [55.520290008469985, -21.283687909654923], [55.52020893312859, -21.28389224876926], [55.52012897489257, -21.28408124135848], [55.520060906334464, -21.284237819203927], [55.520001953905826, -21.284350214902638], [55.51995399087844, -21.284423864802335], [55.51990039015098, -21.284483012150197], [55.51981770624968, -21.28455906671306], [55.51970312932472, -21.28464387394173], [55.51962650777856, -21.284691979061897], [55.51856764124472, -21.285234588503744], [55.51770183382949, -21.28545821557541], [55.516773676285, -21.285267572823248], [55.51545899310059, -21.285177398003267], [55.515379868745526, -21.285186636724955], [55.51530067184386, -21.285203101245493], [55.51523093978872, -21.28523681207637], [55.51517654553539, -21.285278787927304], [55.515121924537915, -21.28534334449588], [55.51508264133217, -21.285416166103357], [55.51505985916747, -21.285477390213163], [55.515052723181896, -21.285516169580614], [55.51504937857693, -21.28556130555295], [55.515001555492304, -21.28552475137567], [55.514089402347814, -21.284796766161143], [55.51168144550466, -21.282728600675053], [55.51157633861366, -21.282638244050876], [55.51177802304228, -21.28242142601438], [55.51173028358312, -21.282376741945455], [55.511286547182266, -21.282033175339038], [55.51112299219261, -21.282196131420985]]]}";9742201;97422;974;4;974220102;Centre Ville-Gendarmerie;Le Tampon;LA REUNION;Centre Ville-Gendarmerie;LA REUNION;;4;;;;;;Iris d'habitat;15415;219.894125818;109.947062909;;230.566958114;;115.283479057;219.894125818;109;109.947062909;96.779854367;;96.779854367;103.137921536;;103.137921536;96.779854367;96;96.779854367;540.280165623;153.243773454;884.734145273;309.237732714;90.413908270;102.081234085;90.413908270;129.480217548;128.485724029;129.480217548;96.200849095;89.222529784;96.200849095;93.960228011;97.165818057;93.960228011;189.273872211;167.953745622;189.273872211;96.779854367;103.137921536;96.779854367;93.960228011;;93.960228011;97.165818057;;97.165818057;93.960228011;93;93.960228011;285.474721306;;142.737360653;257.176275406;;128.588137703;285.474721306;142;142.737360653;14298;;;316.673980184;;105.557993395;333.704879650;;111.234959883;316.673980184;105;105.557993395;379.434949317;;126.478316439;354.342093463;;118.114031154;379.434949317;126;126.478316439;Polygon;13798.871635611;1;1431.459234309;638.956543388;60.377096042;388.274237348;409.725881477;0.283637607;0.349526165;0.446367265;0.190523454;0.201049626;13798.871635611;14298;696.108929501;;688.046973114;;696.108929501;116;0.313710150;0.277854799;0.313710150;0.269945611;0.272035020;0.269945611;0.463995141;0.500285372;0.463995141;0.202770319;0.196080739;0.202770319;0.106221542;0.119705354;0.106221542;14258;13379.047619048;14258
Le Tampon;LA REUNION;CA du Sud;LA REUNION;2578.218872770;128.120647508;127.607099972;128.120647508;Non;974220101;97422;69;249740085;-21.2789827324, 55.5197112359;"{""type"": ""Polygon"", ""coordinates"": [[[55.525124920236514, -21.2788985093665], [55.52515156106222, -21.278933068578695], [55.52564998831839, -21.28031905046033], [55.52424490430685, -21.282289965747786], [55.52333106023141, -21.282943732679755], [55.522285858315904, -21.283366695661993], [55.522103752412235, -21.283216954241865], [55.52193338629916, -21.283098028293928], [55.521786797111766, -21.283010926834557], [55.521641135694566, -21.282927446647523], [55.52151932324043, -21.28286856516458], [55.52140605780011, -21.28282240501373], [55.521291612020256, -21.282797913902403], [55.52119145023351, -21.282790711083816], [55.521117091669836, -21.2828054143121], [55.52106388938149, -21.282824819886127], [55.520973795450196, -21.282871000743327], [55.5207885901889, -21.282983191077747], [55.520415664147315, -21.283266264217808], [55.520386490981494, -21.28329220389063], [55.52016723944829, -21.28314665061227], [55.51993848690019, -21.282987463886304], [55.519867724256834, -21.28293173989004], [55.518356513532474, -21.28172833708805], [55.51717912780764, -21.280779885256564], [55.5157459376703, -21.279441199669396], [55.51496144702553, -21.278671889898035], [55.51476107979214, -21.278470491402437], [55.51467534689818, -21.278370371180326], [55.51461646990871, -21.278283134131133], [55.51452653555324, -21.278121551704086], [55.5136845461841, -21.276361701738224], [55.51362799706557, -21.276234739299046], [55.51367913433748, -21.276228867418737], [55.515901648556785, -21.2752511810262], [55.5175627538846, -21.27433091252643], [55.51765019674054, -21.27426032051006], [55.51766545219523, -21.27427671437157], [55.51774855646344, -21.27435061393662], [55.517768621118464, -21.27436795342239], [55.51778392183321, -21.27437983111562], [55.517811686615026, -21.274398141668204], [55.51797294587845, -21.274462792430498], [55.52019660671978, -21.27597145316868], [55.52270461309597, -21.277866940427746], [55.52392074899419, -21.27841055835884], [55.52503650497858, -21.278873345566275], [55.52508464385599, -21.278878283740536], [55.525124920236514, -21.2788985093665]]]}";9742201;97422;974;4;974220101;Centre Ville-Mairie;Le Tampon;LA REUNION;Centre Ville-Mairie;LA REUNION;;4;;;;;;Iris d'habitat;15415;301.524993780;150.762496890;;315.647525742;;157.823762871;301.524993780;150;150.762496890;96.779854367;;96.779854367;103.137921536;;103.137921536;96.779854367;96;96.779854367;634.516170449;239.324260914;1326.361937917;649.116128239;120.230723764;135.745715362;120.230723764;181.294270016;179.901810381;181.294270016;100.509978412;93.219078905;100.509978412;96.294658363;99.579890901;96.294658363;173.614400124;154.058182749;173.614400124;96.779854367;103.137921536;96.779854367;96.294658363;;96.294658363;99.579890901;;99.579890901;96.294658363;96;96.294658363;274.124378536;;137.062189268;247.277261654;;123.638630827;274.124378536;137;137.062189268;9942;;;398.304848146;;132.768282715;418.785447279;;139.595149093;398.304848146;132;132.768282715;370.419036899;;123.473012300;346.857152555;;115.619050852;370.419036899;123;123.473012300;Polygon;13798.871635611;1;1875.597609288;874.706356236;122.140552163;503.415245497;475.464535498;0.377175984;0.489395926;0.466361416;0.195256986;0.184415893;13798.871635611;9942;768.723885045;;765.642599834;;768.723885045;128;0.313710150;0.277854799;0.313710150;0.269945611;0.272035020;0.269945611;0.463995141;0.500285372;0.463995141;0.202770319;0.196080739;0.202770319;0.106221542;0.119705354;0.106221542;14258;13379.047619048;14258
Le Tampon;LA REUNION;CA du Sud;LA REUNION;1597.917928926;111.482459265;110.427222994;111.482459265;Non;974220104;97422;69;249740085;-21.2843961511, 55.5101483537;"{""type"": ""Polygon"", ""coordinates"": [[[55.51112299219261, -21.282196131420985], [55.511306221464274, -21.28237660655623], [55.51157633861366, -21.282638244050876], [55.51168144550466, -21.282728600675053], [55.514089402347814, -21.284796766161143], [55.515001555492304, -21.28552475137567], [55.51504937857693, -21.28556130555295], [55.51506405439253, -21.285635506364077], [55.515094285744894, -21.285696294728073], [55.51514177336796, -21.28576626837262], [55.515210453785876, -21.285837332215877], [55.51529163542055, -21.285911216205392], [55.51535665151261, -21.285963278181534], [55.51481377290389, -21.28857989334206], [55.514370907671015, -21.28949013424947], [55.51435614297751, -21.289520716446848], [55.514340768470696, -21.289516064217008], [55.51274745992284, -21.28871160023874], [55.511575501697415, -21.287988532272582], [55.509652413961746, -21.28677237777161], [55.50855187865896, -21.286090119507016], [55.50738380272643, -21.285416288807067], [55.504271985039075, -21.283767689531103], [55.504199182236555, -21.283723684082005], [55.50414361646369, -21.283690671414487], [55.50421734180258, -21.283643451143675], [55.5044095426384, -21.283507855899483], [55.50453865525571, -21.283415962119037], [55.50504780538038, -21.283007672302453], [55.505102320084184, -21.282953957900602], [55.505947885149276, -21.281824199320624], [55.50672927782229, -21.280748968406183], [55.50830857184487, -21.279251731545965], [55.508803688254616, -21.27879904253093], [55.50883592636361, -21.278755969193167], [55.50961019096044, -21.279676067953122], [55.51053048914057, -21.28092987281625], [55.51050135122162, -21.28095219779614], [55.51041879222156, -21.281015602413337], [55.50972718759655, -21.28164721875621], [55.509723287340144, -21.281651700779122], [55.50909186919893, -21.28243108602856], [55.50959530391229, -21.282875453828936], [55.50988057569743, -21.282971922683885], [55.51029239263305, -21.28303970153331], [55.51081898254035, -21.282524957271516], [55.51112299219261, -21.282196131420985]]]}";9742201;97422;974;4;974220104;Cité de la Sidr-Croisée des 400;Le Tampon;LA REUNION;Cite de la Sidr-Croisee des 400;LA REUNION;;4;;;;;;Iris d'habitat;15415;207.730520815;103.865260407;;219.386901228;;109.693450614;207.730520815;103;103.865260407;96.779854367;;96.779854367;103.137921536;;103.137921536;96.779854367;96;96.779854367;463.024174092;140.787719347;689.373022108;206.202922724;96.924269729;109.431715276;96.924269729;110.806251086;109.955185953;110.806251086;98.051661378;90.939085881;98.051661378;86.992620286;89.960500245;86.992620286;179.340098747;159.138929071;179.340098747;96.779854367;103.137921536;96.779854367;86.992620286;;86.992620286;89.960500245;;89.960500245;86.992620286;86;86.992620286;277.391760125;;138.695880063;250.078014953;;125.039007476;277.391760125;138;138.695880063;14950;;;304.510375181;;101.503458394;322.524822764;;107.508274255;304.510375181;101;101.503458394;364.384380411;;121.461460137;340.038515198;;113.346171733;364.384380411;121;121.461460137;Polygon;13798.871635611;1;1205.271542901;548.344247381;35.225490622;281.865074092;304.399879218;0.304061272;0.299116612;0.454954944;0.176395213;0.190497818;13798.871635611;14950;668.894755592;;662.563337962;;668.894755592;111;0.313710150;0.277854799;0.313710150;0.269945611;0.272035020;0.269945611;0.463995141;0.500285372;0.463995141;0.202770319;0.196080739;0.202770319;0.106221542;0.119705354;0.106221542;14258;13379.047619048;14258
Le Tampon;LA REUNION;CA du Sud;LA REUNION;4190.266353530;120.440778649;121.832947902;120.440778649;Non;974220103;97422;69;249740085;-21.2762729137, 55.5068577436;"{""type"": ""MultiPolygon"", ""coordinates"": [[[[55.50003268074729, -21.27945192341299], [55.50042955961731, -21.279185369593556], [55.50118713553337, -21.278085112429938], [55.50265472760299, -21.275914423733834], [55.50308596818184, -21.273631084060305], [55.50375297529064, -21.272857456270476], [55.50469271392875, -21.27217838402621], [55.50600624199034, -21.27198860129705], [55.50665585774162, -21.271790213858832], [55.50771630875627, -21.270749966934535], [55.50932339815686, -21.269112043026954], [55.51060867621201, -21.268278816133446], [55.51063180267751, -21.26827902058074], [55.5106409033447, -21.26861964882626], [55.51063917711645, -21.268982764089078], [55.5106332957478, -21.269088399333494], [55.51062022353817, -21.26914248235019], [55.51059457896161, -21.269200970763475], [55.51148917519407, -21.272047076896794], [55.51242865299163, -21.27378702104259], [55.51247023598351, -21.273868686161364], [55.512497555075825, -21.273931255799248], [55.513553528766714, -21.276068776370796], [55.51362799706557, -21.276234739299046], [55.51354663257654, -21.27627557347621], [55.511563499926, -21.277881987590437], [55.50976829602377, -21.278714540330427], [55.50960189954001, -21.27868145201527], [55.509426766412474, -21.27865460937041], [55.5091790122848, -21.278661449405664], [55.50906714468267, -21.27866858884082], [55.508945349077386, -21.278704546164576], [55.50883592636361, -21.278755969193167], [55.508803688254616, -21.27879904253093], [55.50830857184487, -21.279251731545965], [55.50672927782229, -21.280748968406183], [55.505947885149276, -21.281824199320624], [55.505102320084184, -21.282953957900602], [55.50504780538038, -21.283007672302453], [55.50453865525571, -21.283415962119037], [55.5044095426384, -21.283507855899483], [55.50421734180258, -21.283643451143675], [55.50414361646369, -21.283690671414487], [55.50410146943583, -21.28366500439664], [55.50385021783914, -21.28363567282833], [55.503146689697616, -21.282965490029046], [55.502514572458026, -21.28228690658867], [55.50228675632268, -21.282037374594502], [55.501552996668394, -21.28121335487928], [55.50025423100146, -21.279748374224397], [55.500101048562975, -21.279552799262714], [55.50004402500881, -21.279473703787644], [55.50003268074729, -21.27945192341299]]], [[[55.51112299219261, -21.282196131420985], [55.511286547182266, -21.282033175339038], [55.51173028358312, -21.282376741945455], [55.51177802304228, -21.28242142601438], [55.51157633861366, -21.282638244050876], [55.511306221464274, -21.28237660655623], [55.51112299219261, -21.282196131420985]]]]}";9742201;97422;974;4;974220103;La Chatoire-La Roseraie;Le Tampon;LA REUNION;La Chatoire-La Roseraie;LA REUNION;;4;;;;;;Iris d'habitat;15415;295.355004794;147.677502397;;311.327200519;;155.663600260;295.355004794;147;147.677502397;96.779854367;;96.779854367;103.137921536;;103.137921536;96.779854367;96;96.779854367;1063.212946914;444.985150186;1915.911859789;837.553408444;133.412551860;150.628572494;133.412551860;161.942452934;160.698628025;161.942452934;114.821947395;106.492871090;114.821947395;127.061249851;131.396129474;127.061249851;88.626615485;78.643564791;88.626615485;96.779854367;103.137921536;96.779854367;127.061249851;;127.061249851;131.396129474;;131.396129474;127.061249851;127;127.061249851;203.448562880;;101.724281440;185.136435880;;92.568217940;203.448562880;101;101.724281440;6194;;;392.134859161;;130.711619720;414.465122055;;138.155040685;392.134859161;130;130.711619720;330.509812730;;110.169937577;316.532565354;;105.510855118;330.509812730;110;110.169937577;MultiPolygon;13798.871635611;1;2656.506071941;1415.302107654;60.484018501;1079.590704389;394.474010861;0.418528717;0.437156545;0.532768256;0.257642501;0.094140558;13798.871635611;6194;722.644671891;;730.997687409;;722.644671891;120;0.313710150;0.277854799;0.313710150;0.269945611;0.272035020;0.269945611;0.463995141;0.500285372;0.463995141;0.202770319;0.196080739;0.202770319;0.106221542;0.119705354;0.106221542;14258;13379.047619048;14258
Le Tampon;LA REUNION;CA du Sud;LA REUNION;5188.333299718;104.225881724;104.676350277;104.225881724;Non;974220203;97422;69;249740085;-21.2664556706, 55.5082382184;"{""type"": ""Polygon"", ""coordinates"": [[[55.497564106518546, -21.27389085144638], [55.497721362172314, -21.27387418796149], [55.49791075692697, -21.27382438864118], [55.498064643823156, -21.27375981960066], [55.49899815599282, -21.273222544307092], [55.49937967431301, -21.272948628710115], [55.500262652884736, -21.271976405359677], [55.500364132619836, -21.271852652548176], [55.50045850722525, -21.27166921819613], [55.50051190626303, -21.27153510088806], [55.500666861464104, -21.27079396222762], [55.50079957249011, -21.27015560228498], [55.501186616192776, -21.269430077711114], [55.501716056898275, -21.26844114948705], [55.50258054311492, -21.267196851377886], [55.503740397706025, -21.265760056682595], [55.50510220297901, -21.264457830786665], [55.50523628057243, -21.263319330234783], [55.50508044339156, -21.262127101507026], [55.50506097462561, -21.262051050860688], [55.50511290654736, -21.262061447953553], [55.505146539957224, -21.262070779400222], [55.505193380546565, -21.262108230567613], [55.50533085677852, -21.262235913234182], [55.50538834222782, -21.262268942224892], [55.50570164817369, -21.26216151709718], [55.50584783853723, -21.262094161902997], [55.50662947851923, -21.26160427054959], [55.50747859105289, -21.2610165121333], [55.50818243741197, -21.26040397713498], [55.50874976272521, -21.259903144648973], [55.50919345074753, -21.259335274745908], [55.509284633241506, -21.259179808627906], [55.50934857270922, -21.259050297490035], [55.50938336035778, -21.258944917866447], [55.510832481749304, -21.25790808134264], [55.51360278261324, -21.256574858364687], [55.5144074605834, -21.256184495371564], [55.51442003171359, -21.25618008961049], [55.514440075512354, -21.256199235826756], [55.51519021755062, -21.25692307568308], [55.516828712232254, -21.259486424580903], [55.51851498588349, -21.26151767675181], [55.51902708896263, -21.262055132679766], [55.51940230508102, -21.262308647535452], [55.519685697091695, -21.262493606507938], [55.5196682173966, -21.262507002651102], [55.51794534337296, -21.264418624412645], [55.516125021418766, -21.265375922209053], [55.5138784750305, -21.26655075130845], [55.51271136169179, -21.26742389050862], [55.512342902150074, -21.267936427687975], [55.511787355879214, -21.26807830917106], [55.51065781086372, -21.268280153809638], [55.51063180267751, -21.26827902058074], [55.51060867621201, -21.268278816133446], [55.50932339815686, -21.269112043026954], [55.50771630875627, -21.270749966934535], [55.50665585774162, -21.271790213858832], [55.50600624199034, -21.27198860129705], [55.50469271392875, -21.27217838402621], [55.50375297529064, -21.272857456270476], [55.50308596818184, -21.273631084060305], [55.50265472760299, -21.275914423733834], [55.50118713553337, -21.278085112429938], [55.50042955961731, -21.279185369593556], [55.50003268074729, -21.27945192341299], [55.50001945493748, -21.27942560975121], [55.49796320022994, -21.27796199404053], [55.49734803057121, -21.276757820783555], [55.497115163774936, -21.276058391604273], [55.49696698974684, -21.27546540464479], [55.496947808338646, -21.27536135340486], [55.49694252163221, -21.275217680742575], [55.496945237033025, -21.27485547968788], [55.496957782376086, -21.274758938007007], [55.496985424812245, -21.27469414671856], [55.49702185005309, -21.274618594135553], [55.497084220079174, -21.27455049948745], [55.49719813063258, -21.274436796116557], [55.49732265018041, -21.274322284000785], [55.49738401044756, -21.27425869674348], [55.49744448956711, -21.27418697185357], [55.49750016879416, -21.274113397511595], [55.49753456547122, -21.274047763054604], [55.49755282793884, -21.273957595431582], [55.49755997687344, -21.273917913768265], [55.497564106518546, -21.27389085144638]]]}";9742202;97422;974;4;974220203;La Ravine des Cabris-l'Hermitage;Le Tampon;LA REUNION;La Ravine des Cabris-l'Hermitage;LA REUNION;;4;;;;;;Iris d'habitat;15415;206.044594703;103.022297351;;217.439200043;;108.719600021;206.044594703;103;103.022297351;96.779854367;;96.779854367;103.137921536;;103.137921536;96.779854367;96;96.779854367;1386.386211681;412.807302635;2005.828986082;601.727895262;94.914938464;107.163092901;94.914938464;111.129656239;110.276107141;111.129656239;97.216194818;90.164223281;97.216194818;118.439296426;122.480025549;118.439296426;106.875350031;94.836731255;106.875350031;96.779854367;103.137921536;96.779854367;118.439296426;;118.439296426;122.480025549;;122.480025549;118.439296426;118;118.439296426;204.091544849;;102.045772424;185.000954536;;92.500477268;204.091544849;102;102.045772424;12912;;;302.824449070;;100.941483023;320.577121579;;106.859040526;302.824449070;100;100.941483023;322.530841275;;107.510280425;307.480980085;;102.493660028;322.530841275;107;107.510280425;Polygon;13798.871635611;1;3356.244828005;1513.929613546;91.754274495;1246.028770331;589.003694898;0.297757796;0.299989630;0.451078420;0.240159739;0.113524645;13798.871635611;12912;625.355290345;;628.058101664;;625.355290345;104;0.313710150;0.277854799;0.313710150;0.269945611;0.272035020;0.269945611;0.463995141;0.500285372;0.463995141;0.202770319;0.196080739;0.202770319;0.106221542;0.119705354;0.106221542;14258;13379.047619048;14258
Le Tampon;LA REUNION;CA du Sud;LA REUNION;1876.567812429;114.878652274;116.424570412;114.878652274;Non;974220107;97422;69;249740085;-21.2715204416, 55.5183850044;"{""type"": ""Polygon"", ""coordinates"": [[[55.51247023598351, -21.273868686161364], [55.51267872582112, -21.273740450644283], [55.513392256201996, -21.273319483925466], [55.515409035707144, -21.272387891552142], [55.5171948650895, -21.271035104352567], [55.518617253414504, -21.270028682669917], [55.52016799600023, -21.268809290307736], [55.52031574691467, -21.268682317666652], [55.520380886593784, -21.26862507775898], [55.520650270736546, -21.268380839024687], [55.52111227088454, -21.267955821484428], [55.52158422175576, -21.267402619367534], [55.52164606523492, -21.267289344564816], [55.521741266327254, -21.26711674373916], [55.52190999068436, -21.266819227317143], [55.52209143946582, -21.266501949401913], [55.522175634192905, -21.26636990082807], [55.52224303291285, -21.266279257313098], [55.52237574965174, -21.266113308270672], [55.522600935827896, -21.26585512863969], [55.522619451394945, -21.265834514776806], [55.52271103852128, -21.26573414668224], [55.52278494742075, -21.265667046150302], [55.52288297305572, -21.265597447066455], [55.522913870366295, -21.265688049310032], [55.52294394830659, -21.26576419134538], [55.52300475309212, -21.26585144249766], [55.52305331959413, -21.26590968031106], [55.5231087213936, -21.26595894488854], [55.523192148532615, -21.266000325268998], [55.523285373832486, -21.26602553183641], [55.523377716655965, -21.266042600794748], [55.52345961311846, -21.266044221821332], [55.52354543602596, -21.26603865070373], [55.523584979404, -21.266035383958137], [55.524096841340096, -21.26597211989889], [55.52466179959271, -21.26589938273598], [55.52476579567601, -21.265907519832083], [55.52485518486957, -21.265930885324472], [55.524897384994986, -21.2659511277011], [55.52484090253987, -21.266010251942713], [55.52454350846948, -21.266213603580702], [55.52364681295693, -21.26727572411788], [55.52283712166356, -21.26835757156581], [55.52269128135516, -21.268583024466043], [55.522503166828315, -21.26889211461343], [55.522451868875116, -21.269010902078847], [55.52238967353758, -21.269159403282977], [55.52234093260257, -21.269311635719585], [55.52232635994349, -21.269419905489162], [55.52232772688661, -21.269572577414873], [55.52233521818064, -21.269690977154855], [55.521420420223606, -21.27116257716825], [55.52010718041423, -21.27224752685007], [55.51775312115404, -21.27418354150264], [55.51765019674054, -21.27426032051006], [55.5175627538846, -21.27433091252643], [55.515901648556785, -21.2752511810262], [55.51367913433748, -21.276228867418737], [55.51362799706557, -21.276234739299046], [55.513553528766714, -21.276068776370796], [55.512497555075825, -21.273931255799248], [55.51247023598351, -21.273868686161364]]]}";9742201;97422;974;4;974220107;Le 11 Eme Km;Le Tampon;LA REUNION;Le 11 Eme Km;LA REUNION;;4;;;;;;Iris d'habitat;15415;293.464960432;146.732480216;;312.477050452;;156.238525226;293.464960432;146;146.732480216;96.779854367;;96.779854367;103.137921536;;103.137921536;96.779854367;96;96.779854367;508.989241880;248.358883439;834.927933854;310.862005994;155.540154187;175.611597740;155.540154187;137.924806245;136.865452712;137.924806245;101.136919588;93.800542356;101.136919588;92.208931138;95.354773141;92.208931138;105.681248121;93.777134988;105.681248121;96.779854367;103.137921536;96.779854367;92.208931138;;92.208931138;95.354773141;;95.354773141;92.208931138;92;92.208931138;206.818167709;;103.409083855;187.577677344;;93.788838672;206.818167709;103;103.409083855;8082;;;390.244814798;;130.081604933;415.614971988;;138.538323996;390.244814798;130;130.081604933;299.027098848;;99.675699616;282.932450485;;94.310816828;299.027098848;99;99.675699616;Polygon;13798.871635611;1;1279.558329034;600.458838949;45.074027717;350.866281730;210.656467985;0.487945251;0.372321961;0.469270392;0.186972344;0.112256251;13798.871635611;8082;689.271913646;;698.547422473;;689.271913646;114;0.313710150;0.277854799;0.313710150;0.269945611;0.272035020;0.269945611;0.463995141;0.500285372;0.463995141;0.202770319;0.196080739;0.202770319;0.106221542;0.119705354;0.106221542;14258;13379.047619048;14258
Le Tampon;LA REUNION;CA du Sud;LA REUNION;4038.835696937;110.657459507;111.893040882;110.657459507;Non;974220106;97422;69;249740085;-21.2672727058, 55.5173454735;"{""type"": ""Polygon"", ""coordinates"": [[[55.5228538229323, -21.25943929938598], [55.52285580364463, -21.25953055149997], [55.52287393950408, -21.259644528069348], [55.52288908605931, -21.259671760256126], [55.52291086937699, -21.25970989038281], [55.52291850572361, -21.25971718382699], [55.5229834597435, -21.259774661912836], [55.52305148463899, -21.259814100599925], [55.52393035231438, -21.261454541636613], [55.5231443791197, -21.263157177505978], [55.52286858367286, -21.26539768857029], [55.522866709871046, -21.265488906836786], [55.52287644420958, -21.26557571029908], [55.52288297305572, -21.265597447066455], [55.52278494742075, -21.265667046150302], [55.52271103852128, -21.26573414668224], [55.522619451394945, -21.265834514776806], [55.522600935827896, -21.26585512863969], [55.52237574965174, -21.266113308270672], [55.52224303291285, -21.266279257313098], [55.522175634192905, -21.26636990082807], [55.52209143946582, -21.266501949401913], [55.52190999068436, -21.266819227317143], [55.521741266327254, -21.26711674373916], [55.52164606523492, -21.267289344564816], [55.52158422175576, -21.267402619367534], [55.52111227088454, -21.267955821484428], [55.520650270736546, -21.268380839024687], [55.520380886593784, -21.26862507775898], [55.52031574691467, -21.268682317666652], [55.52016799600023, -21.268809290307736], [55.518617253414504, -21.270028682669917], [55.5171948650895, -21.271035104352567], [55.515409035707144, -21.272387891552142], [55.513392256201996, -21.273319483925466], [55.51267872582112, -21.273740450644283], [55.51247023598351, -21.273868686161364], [55.51242865299163, -21.27378702104259], [55.51148917519407, -21.272047076896794], [55.51059457896161, -21.269200970763475], [55.51062022353817, -21.26914248235019], [55.5106332957478, -21.269088399333494], [55.51063917711645, -21.268982764089078], [55.5106409033447, -21.26861964882626], [55.51063180267751, -21.26827902058074], [55.51065781086372, -21.268280153809638], [55.511787355879214, -21.26807830917106], [55.512342902150074, -21.267936427687975], [55.51271136169179, -21.26742389050862], [55.5138784750305, -21.26655075130845], [55.516125021418766, -21.265375922209053], [55.51794534337296, -21.264418624412645], [55.5196682173966, -21.262507002651102], [55.519685697091695, -21.262493606507938], [55.51975267095698, -21.262445415925587], [55.519907070178014, -21.262327534788884], [55.51996248108493, -21.26227924255407], [55.51999070442098, -21.2622514877245], [55.52144305268924, -21.260670791593125], [55.52250617878745, -21.25951303370537], [55.52257233102172, -21.259450381641233], [55.522611179409054, -21.25942000951377], [55.52268086138584, -21.259389907661124], [55.52271946646367, -21.259383922861534], [55.5228156683193, -21.25940012244501], [55.5228538229323, -21.25943929938598]]]}";9742201;97422;974;4;974220106;Le 11 Eme Km-Couchant de la R. Blanche;Le Tampon;LA REUNION;Le 11 Eme Km-Couchant de la R. Blanche;LA REUNION;;4;;;;;;Iris d'habitat;15415;263.915758125;131.957879063;;278.853044627;;139.426522314;263.915758125;131;131.957879063;96.779854367;;96.779854367;103.137921536;;103.137921536;96.779854367;96;96.779854367;1091.829699323;424.986431472;1798.170831715;678.788548187;124.077087480;140.088427257;124.077087480;139.838670645;138.764617371;139.838670645;89.310578391;82.832072851;89.310578391;113.758867588;117.639917064;113.758867588;100.179698572;88.895289212;100.179698572;96.779854367;103.137921536;96.779854367;113.758867588;;113.758867588;117.639917064;;117.639917064;113.758867588;113;113.758867588;189.490276963;;94.745138481;171.727362063;;85.863681031;189.490276963;94;94.745138481;12276;;;360.695612492;;120.231870831;381.990966164;;127.330322055;360.695612492;120;120.231870831;303.249144551;;101.083048184;289.367279127;;96.455759709;303.249144551;101;101.083048184;Polygon;13798.871635611;1;2684.781421616;1112.564678842;119.225827024;931.635073373;429.782282772;0.389242417;0.377488354;0.414396744;0.230669218;0.106412421;13798.871635611;12276;663.944757043;;671.358245290;;663.944757043;110;0.313710150;0.277854799;0.313710150;0.269945611;0.272035020;0.269945611;0.463995141;0.500285372;0.463995141;0.202770319;0.196080739;0.202770319;0.106221542;0.119705354;0.106221542;14258;13379.047619048;14258
Le Tampon;LA REUNION;CA du Sud;LA REUNION;2483.908011332;92.675353854;92.137759894;92.675353854;Non;974220401;97422;69;249740085;-21.264285784, 55.5279746944;"{""type"": ""Polygon"", ""coordinates"": [[[55.524897384994986, -21.2659511277011], [55.52485518486957, -21.265930885324472], [55.52476579567601, -21.265907519832083], [55.52466179959271, -21.26589938273598], [55.524096841340096, -21.26597211989889], [55.523584979404, -21.266035383958137], [55.52354543602596, -21.26603865070373], [55.52345961311846, -21.266044221821332], [55.523377716655965, -21.266042600794748], [55.523285373832486, -21.26602553183641], [55.523192148532615, -21.266000325268998], [55.5231087213936, -21.26595894488854], [55.52305331959413, -21.26590968031106], [55.52300475309212, -21.26585144249766], [55.52294394830659, -21.26576419134538], [55.522913870366295, -21.265688049310032], [55.52288297305572, -21.265597447066455], [55.52287644420958, -21.26557571029908], [55.522866709871046, -21.265488906836786], [55.52286858367286, -21.26539768857029], [55.5231443791197, -21.263157177505978], [55.52393035231438, -21.261454541636613], [55.52305148463899, -21.259814100599925], [55.5229834597435, -21.259774661912836], [55.52291850572361, -21.25971718382699], [55.52291086937699, -21.25970989038281], [55.52288908605931, -21.259671760256126], [55.52287393950408, -21.259644528069348], [55.52285580364463, -21.25953055149997], [55.5228538229323, -21.25943929938598], [55.52285160797766, -21.259371531392517], [55.5228343005645, -21.2592711117971], [55.522798190219696, -21.259220209684386], [55.522727365113816, -21.259171713220212], [55.52359638607501, -21.258049209804348], [55.52488488027455, -21.257097629887586], [55.527701836461056, -21.256728866124774], [55.528623296801584, -21.256510631925632], [55.529762752145814, -21.255784823521], [55.530074057550436, -21.255584743969315], [55.53019930279467, -21.255490084544494], [55.53021000019221, -21.255480241337374], [55.53029900784053, -21.255541539686657], [55.5303601538821, -21.255594465216177], [55.530831007733084, -21.25601861240247], [55.53032359037027, -21.257045776760624], [55.530153200784504, -21.257319802561096], [55.53000187984882, -21.257517212540893], [55.52947262732469, -21.25804916573671], [55.528733859750496, -21.258694461014382], [55.52847723628891, -21.25889411174297], [55.528421775464025, -21.2589478264588], [55.52837700340426, -21.258992601326423], [55.528206491349444, -21.2595692346036], [55.52792896500508, -21.260780867215924], [55.5290467416023, -21.26190170619861], [55.530640805699946, -21.261106467252763], [55.53196750822714, -21.26122800857695], [55.53232525564323, -21.26159335477907], [55.53221173116147, -21.262157842441617], [55.53168115747225, -21.26347793418043], [55.53119274545215, -21.264869753113967], [55.53116716728449, -21.266015161034684], [55.531187087896214, -21.266542692175662], [55.531831238014746, -21.266515740420417], [55.532796914234396, -21.266898125519617], [55.534172329508074, -21.267458410805535], [55.53415759812702, -21.267486285464443], [55.534126136576724, -21.267549243922474], [55.53411137834386, -21.267579828293446], [55.53409562071788, -21.267614017235037], [55.5340836817412, -21.267651852668052], [55.5340765429141, -21.267691536499417], [55.53403653561953, -21.268033545503993], [55.53403539959179, -21.26814825686396], [55.53404465107419, -21.26818717998977], [55.53272476178478, -21.270482760117485], [55.53160176033586, -21.271967962904043], [55.53152152332694, -21.27209011439733], [55.53108163010756, -21.271939941904023], [55.530786159568734, -21.27185200179125], [55.52978957851605, -21.271522178253324], [55.52867944517272, -21.271127673572607], [55.52748962954058, -21.270509346631815], [55.525897304429876, -21.269376214272555], [55.52452044353546, -21.26702909430198], [55.52454289443158, -21.26700038486029], [55.52499390967867, -21.266418986259012], [55.52504081027239, -21.266354358206645], [55.52507319388991, -21.26629592625959], [55.52508346877108, -21.266231880883495], [55.52508127989429, -21.266161403199987], [55.525064529108356, -21.26610163781584], [55.52502938904756, -21.26604984127937], [55.52497880450581, -21.266000619473466], [55.52493287597324, -21.26596769807412], [55.524897384994986, -21.2659511277011]]]}";9742204;97422;974;4;974220401;Le 12 Eme Km;Le Tampon;LA REUNION;Le 12 Eme Km;LA REUNION;;4;;;;;;Iris d'habitat;15415;152.803382210;76.401691105;;161.298958803;;80.649479402;152.803382210;76;76.401691105;96.779854367;;96.779854367;103.137921536;;103.137921536;96.779854367;96;96.779854367;736.477727254;163.393150933;952.499144007;211.053798112;70.720554978;79.846581853;70.720554978;82.082827232;81.452376950;82.082827232;86.596403788;80.314781926;86.596403788;88.371385921;91.386304479;88.371385921;131.501096841;116.688592619;131.501096841;96.779854367;103.137921536;96.779854367;88.371385921;;88.371385921;91.386304479;;91.386304479;88.371385921;88;88.371385921;218.097500629;;109.048750314;197.003374545;;98.501687273;218.097500629;109;109.048750314;16320;;;249.583236577;;83.194412192;264.436880339;;88.145626780;249.583236577;83;83.194412192;306.468886550;;102.156295517;288.389679024;;96.129893008;306.468886550;102;102.156295517;Polygon;13798.871635611;1;1742.746351976;700.240896326;37.620252710;445.093813630;346.958462838;0.221857559;0.221578990;0.401803106;0.179190941;0.139682493;13798.871635611;16320;556.052123127;;552.826559363;;556.052123127;92;0.313710150;0.277854799;0.313710150;0.269945611;0.272035020;0.269945611;0.463995141;0.500285372;0.463995141;0.202770319;0.196080739;0.202770319;0.106221542;0.119705354;0.106221542;14258;13379.047619048;14258
Le Tampon;LA REUNION;CA du Sud;LA REUNION;5062.358284728;96.551025250;97.342888423;96.551025250;Non;974220301;97422;69;249740085;-21.2512793275, 55.5202813617;"{""type"": ""Polygon"", ""coordinates"": [[[55.5228538229323, -21.25943929938598], [55.5228156683193, -21.25940012244501], [55.52271946646367, -21.259383922861534], [55.52268086138584, -21.259389907661124], [55.522611179409054, -21.25942000951377], [55.52257233102172, -21.259450381641233], [55.52250617878745, -21.25951303370537], [55.52144305268924, -21.260670791593125], [55.51999070442098, -21.2622514877245], [55.51996248108493, -21.26227924255407], [55.519907070178014, -21.262327534788884], [55.51975267095698, -21.262445415925587], [55.519685697091695, -21.262493606507938], [55.51940230508102, -21.262308647535452], [55.51902708896263, -21.262055132679766], [55.51851498588349, -21.26151767675181], [55.516828712232254, -21.259486424580903], [55.51519021755062, -21.25692307568308], [55.514440075512354, -21.256199235826756], [55.51442003171359, -21.25618008961049], [55.51255259274872, -21.25368131942808], [55.51059931421305, -21.251580132999717], [55.50938586190022, -21.249695037152307], [55.50864957352105, -21.248558483449198], [55.50848142984041, -21.248319425225652], [55.50845862472807, -21.248287607591127], [55.50844438176612, -21.24826670543365], [55.508461860632124, -21.24825331039401], [55.50987995380128, -21.24746506382474], [55.511009489156855, -21.246385196663123], [55.51192194835779, -21.245475486455923], [55.51280073224905, -21.244319772565174], [55.51267919922041, -21.24423649920286], [55.51258524369439, -21.244189601524962], [55.51263472132085, -21.244059960895385], [55.51511881440374, -21.241644712706552], [55.51519707854792, -21.241622818940066], [55.51526869817153, -21.24159093018595], [55.51542476045745, -21.241497456102174], [55.515517864907096, -21.241436850316514], [55.515835131382005, -21.241217427440677], [55.51595646429704, -21.24112816375966], [55.51605644793615, -21.241054068473005], [55.51662044788264, -21.240634472420876], [55.51684092582102, -21.24045845854726], [55.5168916293619, -21.240398382363846], [55.51693651617239, -21.240341868271173], [55.516978037207465, -21.240236545583453], [55.516987978666265, -21.240205920306742], [55.51782993015623, -21.241088633651973], [55.518438179235396, -21.24173623502102], [55.51931824339335, -21.24266353890695], [55.52002423553307, -21.243366192186812], [55.52134893806518, -21.244347070429658], [55.52245185146538, -21.245153914098374], [55.52507568977571, -21.247078817583777], [55.52643534277456, -21.24804009149623], [55.52779553674041, -21.24875475440233], [55.530008920703686, -21.24971893716871], [55.532211915475905, -21.250664935352024], [55.53300132996633, -21.24966731639971], [55.53346225068303, -21.248952284796943], [55.53352653809461, -21.24888238512547], [55.53365529856959, -21.24882117604049], [55.53404501333001, -21.248680033998703], [55.534239335098825, -21.248614877882154], [55.53443453979143, -21.24855785907803], [55.53454930168545, -21.248548016775654], [55.53463990499015, -21.24854519097997], [55.5347052879803, -21.248559309012876], [55.53426366497313, -21.249662035946983], [55.53390791503806, -21.250557744791184], [55.532991718599355, -21.252681605830663], [55.53285635676184, -21.25292251704526], [55.53277446319042, -21.253067238484086], [55.532292931826994, -21.253866999505313], [55.53223514453967, -21.253961344710746], [55.53191222408976, -21.254458970605935], [55.531585373714755, -21.254769574794334], [55.53110474811386, -21.255136650590813], [55.53042970212216, -21.25528613715239], [55.53035110978736, -21.25534055427031], [55.5302723023033, -21.255416649081123], [55.53021000019221, -21.255480241337374], [55.53019930279467, -21.255490084544494], [55.530074057550436, -21.255584743969315], [55.529762752145814, -21.255784823521], [55.528623296801584, -21.256510631925632], [55.527701836461056, -21.256728866124774], [55.52488488027455, -21.257097629887586], [55.52359638607501, -21.258049209804348], [55.522727365113816, -21.259171713220212], [55.522798190219696, -21.259220209684386], [55.5228343005645, -21.2592711117971], [55.52285160797766, -21.259371531392517], [55.5228538229323, -21.25943929938598]]]}";9742203;97422;974;4;974220301;Le 14 Eme Km;Le Tampon;LA REUNION;Le 14 Eme Km;LA REUNION;;4;;;;;;Iris d'habitat;15415;186.525401334;93.262700667;;198.890528569;;99.445264285;186.525401334;93;93.262700667;96.779854367;;96.779854367;103.137921536;;103.137921536;96.779854367;96;96.779854367;1499.937407606;474.859627668;1957.319278625;452.329866368;100.916816254;113.939473919;100.916816254;85.608585080;84.951054651;85.608585080;95.206446539;88.300260257;95.206446539;105.970239118;109.585568187;105.970239118;94.824210143;84.143051987;94.824210143;96.779854367;103.137921536;96.779854367;105.970239118;;105.970239118;109.585568187;;109.585568187;105.970239118;105;105.970239118;190.030656683;;95.015328341;172.443312244;;86.221656122;190.030656683;95;95.015328341;11962;;;283.305255701;;94.435085234;302.028450105;;100.676150035;283.305255701;94;94.435085234;296.000895800;;98.666965267;282.028880431;;94.009626810;296.000895800;98;98.666965267;Polygon;13798.871635611;1;3411.643593819;1507.104766424;60.247315711;1087.780268761;509.899650420;0.316586296;0.231096618;0.441753285;0.214876192;0.100723738;13798.871635611;11962;579.306151501;;584.057330536;;579.306151501;96;0.313710150;0.277854799;0.313710150;0.269945611;0.272035020;0.269945611;0.463995141;0.500285372;0.463995141;0.202770319;0.196080739;0.202770319;0.106221542;0.119705354;0.106221542;14258;13379.047619048;14258
Le Tampon;LA REUNION;CA du Sud;LA REUNION;3652.306672345;86.475472364;86.955248671;86.475472364;Non;974220801;97422;69;249740085;-21.2394877387, 55.5293754709;"{""type"": ""Polygon"", ""coordinates"": [[[55.52134664981987, -21.233080893087383], [55.521506102759005, -21.23293595331885], [55.522836081797976, -21.23168657331376], [55.523887144155196, -21.23067683062707], [55.525857784560934, -21.229038278098034], [55.52807005791701, -21.227462782112603], [55.52868797557512, -21.22708651878972], [55.52905224355397, -21.22688283444491], [55.5291345306152, -21.226842902359767], [55.52931441956429, -21.226773108056513], [55.53104972639482, -21.226171255755986], [55.53076849917468, -21.22723201509658], [55.53115447068188, -21.227560570604357], [55.53126339791282, -21.227651850789115], [55.532444294587066, -21.228555509497138], [55.532726634524295, -21.228744952289347], [55.532904666163205, -21.228863028709235], [55.534753960526366, -21.229694797100983], [55.535516435701005, -21.229948023650888], [55.53548245038675, -21.22997482829224], [55.5346010398002, -21.230740417876884], [55.53358716344304, -21.231650285603703], [55.533566745022284, -21.231669077855656], [55.5334879256864, -21.231747884928787], [55.533439167416546, -21.23180708023165], [55.53340405715028, -21.231850134395827], [55.53318350226601, -21.232134569472198], [55.5331424507666, -21.232193831680654], [55.533092451864874, -21.232281019005196], [55.533042390359256, -21.232374529007966], [55.533042504943005, -21.23246034541947], [55.533057962129455, -21.232553521801275], [55.532779618566266, -21.234393874027802], [55.532365089105475, -21.2361698078553], [55.53309549951883, -21.236805848752805], [55.53425458847903, -21.237426495624746], [55.53539072791557, -21.237701037554075], [55.53586828736267, -21.237832551814748], [55.53593552131623, -21.237853911791678], [55.53598914259587, -21.237887800075953], [55.53603410207201, -21.237920709844108], [55.536898461155914, -21.238593957185472], [55.53767234129109, -21.239209958428265], [55.53809230641185, -21.23956453927592], [55.53814586647454, -21.239604749638207], [55.53822634912709, -21.239650613251808], [55.538637594306074, -21.239863747522623], [55.53948350208291, -21.240162847699448], [55.541346048959056, -21.240645080673236], [55.54291040067116, -21.241764269682783], [55.542191848290926, -21.243895319401286], [55.540944846267976, -21.245773379368515], [55.5391876244484, -21.247796056289282], [55.53893856849425, -21.24803779478083], [55.53884846419541, -21.24799004129363], [55.5383000955643, -21.24765828627794], [55.53778410265019, -21.247170535980224], [55.53701361608291, -21.246304343551905], [55.53642661618668, -21.24549484316508], [55.53642765091586, -21.245390067041154], [55.536415446993864, -21.245357441600085], [55.53638285867383, -21.245339995663855], [55.53635985148547, -21.24532805280515], [55.53628690471895, -21.24529941669763], [55.53573213703235, -21.245178071937307], [55.53543207202712, -21.245121266832566], [55.53533164271466, -21.245387325462527], [55.53520346672886, -21.24592594545526], [55.535084357845044, -21.24647322558113], [55.53474351591276, -21.24849369895115], [55.5347052879803, -21.248559309012876], [55.53463990499015, -21.24854519097997], [55.53454930168545, -21.248548016775654], [55.53443453979143, -21.24855785907803], [55.534239335098825, -21.248614877882154], [55.53404501333001, -21.248680033998703], [55.53365529856959, -21.24882117604049], [55.53352653809461, -21.24888238512547], [55.53346225068303, -21.248952284796943], [55.53300132996633, -21.24966731639971], [55.532211915475905, -21.250664935352024], [55.530008920703686, -21.24971893716871], [55.52779553674041, -21.24875475440233], [55.52643534277456, -21.24804009149623], [55.52507568977571, -21.247078817583777], [55.52245185146538, -21.245153914098374], [55.52134893806518, -21.244347070429658], [55.52002423553307, -21.243366192186812], [55.51931824339335, -21.24266353890695], [55.518438179235396, -21.24173623502102], [55.51782993015623, -21.241088633651973], [55.516987978666265, -21.240205920306742], [55.51700089171279, -21.240167191327732], [55.518144932356265, -21.238926607568846], [55.519375837037224, -21.23737965017207], [55.52019336340218, -21.235931130996317], [55.5214228900573, -21.23374459567053], [55.52136394475783, -21.2333755258757], [55.52135053006653, -21.23317487202077], [55.52134664981987, -21.233080893087383]]]}";9742208;97422;974;4;974220801;Le 17 Eme Km;Le Tampon;LA REUNION;Le 17 Eme Km;LA REUNION;;4;;;;;;Iris d'habitat;15415;147.921341830;73.960670915;;158.555580350;;79.277790175;147.921341830;73;73.960670915;96.779854367;;96.779854367;103.137921536;;103.137921536;96.779854367;96;96.779854367;1070.074215216;288.993080417;1308.575655674;218.421078171;86.088467030;97.197622834;86.088467030;61.832874800;61.357957516;61.832874800;105.187882534;97.557652252;105.187882534;85.507651147;88.424869221;85.507651147;83.456104308;74.055468670;83.456104308;96.779854367;103.137921536;96.779854367;85.507651147;;85.507651147;88.424869221;;88.424869221;85.507651147;85;85.507651147;188.643986842;;94.321993421;171.613120922;;85.806560461;188.643986842;94;94.321993421;9726;;;244.701196197;;81.567065399;261.693501886;;87.231167295;244.701196197;81;81.567065399;274.151637989;;91.383879330;260.037990143;;86.679330048;274.151637989;91;91.383879330;Polygon;13798.871635611;1;2403.763966870;1173.197059026;12.535190944;633.252039564;323.770999875;0.270068259;0.166915132;0.488066663;0.173384137;0.088648361;13798.871635611;9726;518.852834186;;521.731492029;;518.852834186;86;0.313710150;0.277854799;0.313710150;0.269945611;0.272035020;0.269945611;0.463995141;0.500285372;0.463995141;0.202770319;0.196080739;0.202770319;0.106221542;0.119705354;0.106221542;14258;13379.047619048;14258
Le Tampon;LA REUNION;CA du Sud;LA REUNION;3223.946720087;89.879091832;90.209921992;89.879091832;Non;974220601;97422;69;249740085;-21.2422837051, 55.5014505751;"{""type"": ""Polygon"", ""coordinates"": [[[55.49977192177615, -21.233936444633393], [55.50002646583065, -21.234203377980045], [55.50029812322948, -21.234493045874242], [55.50038197794854, -21.2345850256597], [55.50050680140719, -21.234722535091382], [55.50164768006084, -21.236425476195812], [55.50281884271841, -21.238566784944123], [55.503965389532794, -21.239433818865532], [55.50545397882532, -21.239046327819697], [55.506269797453335, -21.238307419760694], [55.50673427208258, -21.23791768870385], [55.50718118290334, -21.237836733420266], [55.5097199237565, -21.239088140310535], [55.51040910990362, -21.23988937481321], [55.51096313940718, -21.240592748340525], [55.51109608415463, -21.24203216250104], [55.51153120994557, -21.243031287401426], [55.51180648990353, -21.243443820892026], [55.51212097105192, -21.243790758051507], [55.5123003034173, -21.243971196180496], [55.512396786411955, -21.244054248814347], [55.5124149468333, -21.244068862024], [55.512566074469795, -21.244179495997866], [55.51258524369439, -21.244189601524962], [55.51267919922041, -21.24423649920286], [55.51280073224905, -21.244319772565174], [55.51192194835779, -21.245475486455923], [55.511009489156855, -21.246385196663123], [55.50987995380128, -21.24746506382474], [55.508461860632124, -21.24825331039401], [55.50844438176612, -21.24826670543365], [55.50836841266712, -21.248347331348892], [55.5067712933048, -21.249066682148882], [55.50603150050883, -21.248949021163053], [55.505715097294946, -21.248602055963325], [55.50466705413216, -21.24742568746065], [55.50287865570131, -21.24580915253459], [55.50024714148763, -21.245913133883704], [55.49808474965328, -21.245078199400243], [55.496205994830895, -21.244400233613174], [55.492617253719175, -21.244360964917057], [55.49216251821572, -21.24445084321916], [55.492124421730786, -21.244407143846246], [55.49208440757981, -21.244362524010697], [55.491784011009685, -21.244151173706054], [55.49166628953986, -21.244073339712195], [55.4914794168215, -21.243973659342142], [55.49140264072392, -21.24394361504442], [55.49131608779153, -21.243927484490587], [55.490918749835664, -21.243868827457714], [55.49071732749204, -21.243873347932816], [55.4901966309054, -21.24391204543002], [55.4890122870484, -21.24307852592027], [55.48806909468863, -21.239857917550776], [55.48794361980417, -21.239029364618666], [55.48798886674728, -21.238938536370966], [55.48805095742314, -21.238896637616456], [55.48811199254974, -21.238863762433503], [55.48873624337328, -21.238778123178133], [55.48884233719822, -21.23876733079917], [55.49038037218532, -21.23873729371295], [55.49138216262617, -21.239044800217656], [55.492215187490636, -21.23932053152223], [55.49309223013644, -21.23953161402412], [55.4949802817419, -21.239375363866387], [55.49555500231002, -21.239239249025047], [55.49654040228403, -21.238931877986293], [55.49695974197733, -21.238767600093997], [55.49704491534728, -21.238729516827142], [55.49830577254713, -21.237908348347613], [55.49893262959067, -21.237374200944878], [55.5000184118442, -21.23642815854493], [55.50015385817707, -21.236277606913532], [55.50020976727954, -21.23617964326225], [55.500343374397836, -21.235734596072465], [55.500360665494526, -21.235644418804295], [55.50034974433167, -21.23558109001651], [55.50013947554357, -21.23508014180877], [55.500002551659726, -21.23475779763931], [55.49990549698698, -21.234732545222972], [55.49984620605479, -21.23468865908341], [55.499796823096254, -21.23461776174366], [55.49977488083632, -21.234501039631603], [55.49977162935987, -21.233965347950257], [55.49977192177615, -21.233936444633393]]]}";9742206;97422;974;4;974220601;Le Bras de Pontho;Le Tampon;LA REUNION;Le Bras de Pontho;LA REUNION;;4;;;;;;Iris d'habitat;15415;152.605778920;76.302889460;;162.557136813;;81.278568406;152.605778920;76;76.302889460;96.779854367;;96.779854367;103.137921536;;103.137921536;96.779854367;96;96.779854367;933.932196277;238.363101811;1162.544479144;223.595502874;81.357034558;91.855629827;81.357034558;71.248744362;70.701506986;71.248744362;102.862842282;95.401268238;102.862842282;96.785510082;100.087488742;96.785510082;90.240565339;80.075716625;90.240565339;96.779854367;103.137921536;96.779854367;96.785510082;;96.785510082;100.087488742;;100.087488742;96.785510082;96;96.785510082;193.103407620;;96.551703810;175.476984863;;87.738492431;193.103407620;96;96.551703810;11452;;;249.385633287;;83.128544429;265.695058349;;88.565019450;249.385633287;83;83.128544429;289.888917703;;96.629639234;275.564473604;;91.854824535;289.888917703;96;96.629639234;Polygon;13798.871635611;1;2156.914077260;1029.448908814;32.734180109;632.706917841;309.031154890;0.255225275;0.192332859;0.477278590;0.196252287;0.095854920;13798.871635611;11452;539.274550990;;541.259531953;;539.274550990;89;0.313710150;0.277854799;0.313710150;0.269945611;0.272035020;0.269945611;0.463995141;0.500285372;0.463995141;0.202770319;0.196080739;0.202770319;0.106221542;0.119705354;0.106221542;14258;13379.047619048;14258
Le Tampon;LA REUNION;CA du Sud;LA REUNION;3225.603004431;95.290591251;95.405048781;95.290591251;Non;974220201;97422;69;249740085;-21.2579874125, 55.4919835211;"{""type"": ""Polygon"", ""coordinates"": [[[55.49288953002349, -21.268359711105532], [55.49287365469952, -21.268309887348053], [55.49200390119309, -21.26741415648009], [55.490974791239445, -21.266364787644743], [55.48907236312432, -21.264490545989062], [55.48739568373902, -21.26221859974243], [55.48679366418177, -21.26153345917215], [55.48631358032078, -21.2609867140453], [55.486083071246064, -21.260723588821662], [55.48540324586306, -21.259167412430234], [55.485331572173315, -21.25910895689094], [55.48471422281543, -21.258605687522667], [55.48415134561583, -21.258147167845326], [55.482666279843585, -21.25693783219426], [55.480137308320174, -21.25501178947017], [55.47944074604325, -21.254531273887928], [55.47948168586219, -21.2544855748128], [55.48006103832446, -21.253899137226018], [55.480497780022, -21.25350020204432], [55.4821200006398, -21.252509893178754], [55.484605232075566, -21.25030335111713], [55.48677873068919, -21.24908263727471], [55.487304394660185, -21.24888953081528], [55.487552212922104, -21.248777034427203], [55.48780035345323, -21.248632924877608], [55.487854639316964, -21.24860089279834], [55.48798495097674, -21.248483728564942], [55.488193085936416, -21.24829409436394], [55.4884094163955, -21.248056658185376], [55.4886248656065, -21.24781108404213], [55.48866410413073, -21.247742784584204], [55.48872177187243, -21.247568060296285], [55.48937303115197, -21.248144785500475], [55.48995777952157, -21.248724525939817], [55.490939139091495, -21.251895785390023], [55.49148991963087, -21.25439383798452], [55.491586251976074, -21.255153476537767], [55.49165474165741, -21.255240806745558], [55.491678636250036, -21.25525998997839], [55.49176132334073, -21.255277892681598], [55.49188475375767, -21.255269060729734], [55.49196799262389, -21.255232769946026], [55.49211334659571, -21.25515277283633], [55.49296046202495, -21.2546680472437], [55.493166966029655, -21.254544333887004], [55.495140565400675, -21.253295529374597], [55.49624409335117, -21.252324385874253], [55.49671437633515, -21.25212894943315], [55.496881775184164, -21.252059984167506], [55.49805832551705, -21.251582684654753], [55.499281753462256, -21.253321585178494], [55.49976528396073, -21.254010619667717], [55.500091779638446, -21.25497825808609], [55.50064003943776, -21.256313708560704], [55.500828839823455, -21.256701100465794], [55.50093149249641, -21.256841122924524], [55.50107216532413, -21.257032972013725], [55.50173255552657, -21.257859047595048], [55.50247481703109, -21.258784760626913], [55.50327416673589, -21.26006959121132], [55.503316576920426, -21.2601639119348], [55.50307227065885, -21.26040473199794], [55.50213490104367, -21.260951937545986], [55.5015256725347, -21.2614487605299], [55.50117932852484, -21.26177358110276], [55.50089956910016, -21.262089056845536], [55.50064312598, -21.262385770060597], [55.50047414331118, -21.262610093247286], [55.500415323390115, -21.262708933611712], [55.500305669239246, -21.262974433374758], [55.50015130009441, -21.263373224494412], [55.500113440201055, -21.263495737265842], [55.499864313296364, -21.264021050831442], [55.4996526057977, -21.26446720610436], [55.49956741104103, -21.264601040201985], [55.49953622882673, -21.264635088185802], [55.499411875169386, -21.264734247820044], [55.49890895933486, -21.265007986643376], [55.49757084546876, -21.265726834927733], [55.497206347103564, -21.265844627288185], [55.49494499450756, -21.26642378559511], [55.49299385580804, -21.268335351819417], [55.49288953002349, -21.268359711105532]]]}";9742202;97422;974;4;974220201;Le Dassy;Le Tampon;LA REUNION;Le Dassy;LA REUNION;;4;;;;;;Iris d'habitat;15415;169.580943541;84.790471770;;179.206452845;;89.603226423;169.580943541;84;84.790471770;96.779854367;;96.779854367;103.137921536;;103.137921536;96.779854367;96;96.779854367;931.136368406;233.473419585;1244.977656801;301.304334239;79.927381284;90.241489111;79.927381284;89.653562257;88.964963734;89.653562257;96.978931491;89.944170814;96.978931491;103.659570222;107.196067456;103.659570222;104.744247887;92.945680032;104.744247887;96.779854367;103.137921536;96.779854367;103.659570222;;103.659570222;107.196067456;;107.196067456;103.659570222;103;103.659570222;201.723179378;;100.861589689;182.889850846;;91.444925423;201.723179378;100;100.861589689;12020;;;266.360797908;;88.786932636;282.344374381;;94.114791460;266.360797908;88;88.786932636;305.382749600;;101.794249867;290.085918302;;96.695306101;305.382749600;101;101.794249867;Polygon;13798.871635611;1;2213.563194863;996.053697853;46.920920274;677.992207975;358.883671467;0.250740308;0.242015857;0.449977530;0.210190841;0.111260955;13798.871635611;12020;571.743547508;;572.430292684;;571.743547508;95;0.313710150;0.277854799;0.313710150;0.269945611;0.272035020;0.269945611;0.463995141;0.500285372;0.463995141;0.202770319;0.196080739;0.202770319;0.106221542;0.119705354;0.106221542;14258;13379.047619048;14258
Le Tampon;LA REUNION;CA du Sud;LA REUNION;2841.818896455;123.031081347;122.767449519;123.031081347;Non;974220105;97422;69;249740085;-21.2735077399, 55.5246977455;"{""type"": ""Polygon"", ""coordinates"": [[[55.53152152332694, -21.27209011439733], [55.531490220904686, -21.272136813931713], [55.530224987804154, -21.27406429371392], [55.5286631302453, -21.276355013316344], [55.52820062152272, -21.27653976492337], [55.52783548683449, -21.27672084979997], [55.52761871095294, -21.276907747472965], [55.52735013368138, -21.277264014920505], [55.526890186273015, -21.278304223219], [55.52677198705708, -21.278608509296557], [55.52674571719976, -21.27873022682974], [55.526753580797134, -21.278811593848392], [55.52669189638865, -21.278811957529598], [55.526618566883805, -21.278820349129138], [55.52656539365776, -21.278837046871367], [55.52646349671715, -21.278907517091078], [55.5260900319431, -21.27905329562944], [55.525641767938744, -21.27906472809914], [55.525509833871325, -21.279054539860805], [55.52525973643464, -21.2790062809596], [55.525124920236514, -21.2788985093665], [55.52508464385599, -21.278878283740536], [55.52503650497858, -21.278873345566275], [55.52392074899419, -21.27841055835884], [55.52270461309597, -21.277866940427746], [55.52019660671978, -21.27597145316868], [55.51797294587845, -21.274462792430498], [55.517811686615026, -21.274398141668204], [55.51778392183321, -21.27437983111562], [55.517768621118464, -21.27436795342239], [55.51774855646344, -21.27435061393662], [55.51766545219523, -21.27427671437157], [55.51765019674054, -21.27426032051006], [55.51775312115404, -21.27418354150264], [55.52010718041423, -21.27224752685007], [55.521420420223606, -21.27116257716825], [55.52233521818064, -21.269690977154855], [55.52232772688661, -21.269572577414873], [55.52232635994349, -21.269419905489162], [55.52234093260257, -21.269311635719585], [55.52238967353758, -21.269159403282977], [55.522451868875116, -21.269010902078847], [55.522503166828315, -21.26889211461343], [55.52269128135516, -21.268583024466043], [55.52283712166356, -21.26835757156581], [55.52364681295693, -21.26727572411788], [55.52454350846948, -21.266213603580702], [55.52484090253987, -21.266010251942713], [55.524897384994986, -21.2659511277011], [55.52493287597324, -21.26596769807412], [55.52497880450581, -21.266000619473466], [55.52502938904756, -21.26604984127937], [55.525064529108356, -21.26610163781584], [55.52508127989429, -21.266161403199987], [55.52508346877108, -21.266231880883495], [55.52507319388991, -21.26629592625959], [55.52504081027239, -21.266354358206645], [55.52499390967867, -21.266418986259012], [55.52454289443158, -21.26700038486029], [55.52452044353546, -21.26702909430198], [55.525897304429876, -21.269376214272555], [55.52748962954058, -21.270509346631815], [55.52867944517272, -21.271127673572607], [55.52978957851605, -21.271522178253324], [55.530786159568734, -21.27185200179125], [55.53108163010756, -21.271939941904023], [55.53152152332694, -21.27209011439733]]]}";9742201;97422;974;4;974220105;Le Lycee du Tampon 10eme Km;Le Tampon;LA REUNION;Le Lycee du Tampon 10eme Km;LA REUNION;;4;;;;;;Iris d'habitat;15415;273.478750508;136.739375254;;286.919944044;;143.459972022;273.478750508;136;136.739375254;96.779854367;;96.779854367;103.137921536;;103.137921536;96.779854367;96;96.779854367;746.300390720;266.130891290;1330.300274029;573.880402558;113.671881623;128.340497374;113.671881623;159.806868885;158.579446671;159.806868885;94.010209694;87.190797309;94.010209694;111.018766670;114.806333611;111.018766670;162.898906843;144.549700613;162.898906843;96.779854367;103.137921536;96.779854367;111.018766670;;111.018766670;114.806333611;;114.806333611;111.018766670;111;111.018766670;256.909116536;;128.454558268;231.740497922;;115.870248961;256.909116536;128;128.454558268;14253;;;370.258604875;;123.419534958;390.057865580;;130.019288527;370.258604875;123;123.419534958;367.927883206;;122.642627735;346.546831533;;115.515610511;367.927883206;122;122.642627735;Polygon;13798.871635611;1;1978.446471077;863.003899508;50.347652417;639.730681349;491.730525629;0.356600230;0.431391629;0.436202805;0.225113107;0.173033731;13798.871635611;14253;738.186488081;;736.604697114;;738.186488081;123;0.313710150;0.277854799;0.313710150;0.269945611;0.272035020;0.269945611;0.463995141;0.500285372;0.463995141;0.202770319;0.196080739;0.202770319;0.106221542;0.119705354;0.106221542;14258;13379.047619048;14258
Le Tampon;LA REUNION;CA du Sud;LA REUNION;3218.847429232;90.405036628;90.322587242;90.405036628;Non;974221001;97422;69;249740085;-21.2775460284, 55.5561488371;"{""type"": ""Polygon"", ""coordinates"": [[[55.526753580797134, -21.278811593848392], [55.52674571719976, -21.27873022682974], [55.52677198705708, -21.278608509296557], [55.526890186273015, -21.278304223219], [55.52735013368138, -21.277264014920505], [55.52761871095294, -21.276907747472965], [55.52783548683449, -21.27672084979997], [55.52820062152272, -21.27653976492337], [55.5286631302453, -21.276355013316344], [55.530224987804154, -21.27406429371392], [55.531490220904686, -21.272136813931713], [55.53152152332694, -21.27209011439733], [55.53160176033586, -21.271967962904043], [55.53272476178478, -21.270482760117485], [55.53404465107419, -21.26818717998977], [55.53403539959179, -21.26814825686396], [55.53403653561953, -21.268033545503993], [55.5340765429141, -21.267691536499417], [55.5340836817412, -21.267651852668052], [55.53409562071788, -21.267614017235037], [55.53411137834386, -21.267579828293446], [55.534126136576724, -21.267549243922474], [55.53415759812702, -21.267486285464443], [55.534172329508074, -21.267458410805535], [55.53417462342555, -21.267421394766416], [55.534022399373335, -21.26673625935213], [55.53444157229178, -21.265863236690965], [55.53712067161505, -21.263515760110025], [55.53721397873484, -21.263435271479768], [55.53729170782168, -21.263370907299347], [55.537393227510584, -21.263288231551503], [55.53745197478027, -21.263243123875423], [55.5375189615251, -21.26319311943613], [55.537985637098686, -21.262873781015276], [55.538073840079875, -21.262822153771847], [55.5381715450288, -21.262784158688426], [55.53986479409071, -21.262481322404412], [55.54093674885152, -21.2623465278424], [55.54251692024415, -21.262614712635525], [55.54402780710956, -21.262726461478525], [55.54514118102625, -21.262740594176982], [55.54544282648202, -21.26273868158732], [55.546047235013994, -21.262621045981113], [55.54637268019062, -21.26255068465458], [55.55006435668043, -21.262611847406273], [55.55124727869565, -21.26256014390295], [55.55210275834546, -21.262438321369334], [55.55271013965543, -21.262213191625325], [55.554333781833286, -21.26131341665548], [55.5562840858752, -21.260166202883628], [55.55633704321004, -21.260071807486977], [55.556346784565314, -21.2600610510418], [55.556465625462664, -21.259930183657413], [55.55659305021762, -21.25980842293923], [55.55669807504523, -21.259710860042045], [55.55680780313584, -21.259625080565705], [55.55695690528192, -21.25955318802037], [55.558013393936434, -21.259123214903333], [55.5592443368781, -21.258887134551866], [55.55938231963907, -21.25886844089943], [55.559513050716966, -21.25880271223256], [55.559602155257316, -21.258756500863544], [55.563589156598226, -21.26080042981637], [55.566065394671554, -21.262131341898137], [55.56906473514449, -21.263684364368146], [55.575983249881446, -21.26726324861202], [55.57678774726885, -21.266832383064177], [55.57770613700039, -21.266081792749105], [55.57862729257395, -21.265895350009806], [55.57964866008563, -21.26661398075256], [55.58221174404397, -21.26886498914398], [55.58583202732776, -21.271932418425322], [55.58685364573242, -21.272784252168254], [55.588520688008536, -21.27417264916427], [55.58960873225197, -21.27508599900936], [55.592913371581076, -21.27793294131925], [55.59283040035073, -21.278043358066697], [55.59276502477892, -21.278127725131924], [55.592695019636636, -21.27819218015431], [55.59010206886229, -21.280255383821682], [55.58752609704325, -21.281340378356397], [55.58521465626414, -21.282600651816185], [55.58338292728237, -21.283534089996543], [55.58305465229328, -21.283594560917415], [55.58174874964114, -21.284291776669313], [55.58161075551877, -21.28440985373025], [55.581121896601324, -21.28483300953082], [55.579960886838975, -21.285846241380348], [55.57890004829357, -21.286914961269847], [55.57816556146688, -21.288072697987154], [55.57814115184221, -21.289107705522387], [55.57814669994037, -21.289132142232223], [55.57707613649692, -21.28830287536513], [55.57520434787398, -21.286503424882525], [55.573973523332434, -21.286205294633035], [55.5723952736784, -21.286198729897688], [55.57140073586308, -21.287138299217162], [55.57082360947383, -21.28771514282109], [55.57032257742374, -21.288196877915574], [55.569850583156956, -21.288565942345077], [55.56892329730476, -21.28897178520366], [55.56841813202121, -21.289182481444215], [55.565301789174235, -21.289852865900304], [55.56341263405931, -21.29025138009597], [55.56239538940126, -21.29063789966782], [55.55965333230421, -21.291765743742914], [55.556561256445185, -21.292459203869164], [55.555509150279654, -21.292267255819844], [55.55454544908603, -21.292226463375453], [55.5535151114468, -21.29224832522688], [55.552255666378386, -21.29241274153694], [55.54939770118716, -21.292523633672722], [55.54801265206972, -21.292914571630813], [55.54568210151571, -21.29396126954291], [55.54273627475574, -21.295086615670645], [55.54114470677233, -21.295081575249608], [55.53903876508582, -21.29480343844168], [55.53765407940307, -21.29476341037921], [55.53553394432635, -21.295527923987578], [55.533115702340666, -21.296123150272724], [55.52991463696194, -21.296767053902485], [55.52825522870373, -21.29729747776384], [55.52738790288426, -21.29766747489913], [55.52658969700421, -21.29816182621807], [55.52592627505506, -21.2984784985067], [55.52572346131859, -21.298518274151775], [55.525114939081455, -21.298549074382123], [55.5249330411368, -21.298521284037868], [55.52496120786092, -21.29849985146286], [55.52501197479333, -21.29843525803969], [55.52504767234509, -21.298335303384906], [55.525071822890624, -21.298136786596], [55.52654896916084, -21.296736043752023], [55.5279734059718, -21.296173099146305], [55.52912837115524, -21.295131741273455], [55.53098235372102, -21.29272171732355], [55.53164723324769, -21.29146550612825], [55.533995068200994, -21.289725410212398], [55.534732326632856, -21.28895497827296], [55.53424364584574, -21.288081735125242], [55.534146072657734, -21.287910159038866], [55.5340956569809, -21.287842874748275], [55.53385112798097, -21.287522778509093], [55.532243905667045, -21.28567064175279], [55.530284991293485, -21.283449353676744], [55.52877011727057, -21.282217102033357], [55.527940938513396, -21.281329576061303], [55.527341930024406, -21.280218231019614], [55.52717352897191, -21.279417777327474], [55.527130800233465, -21.27925661378778], [55.527079659240606, -21.279069180566093], [55.527043803785105, -21.27899208529751], [55.52700286917126, -21.278941141694055], [55.52695702625739, -21.2788991882862], [55.52689381916538, -21.27885888960587], [55.52682088538343, -21.27882753895396], [55.526753580797134, -21.278811593848392]]]}";9742210;97422;974;4;974221001;Le Petit Tampon-Grand Tampon;Le Tampon;LA REUNION;Le Petit Tampon-Grand Tampon;LA REUNION;;4;;;;;;Iris d'habitat;15415;146.757790031;73.378895015;;154.766307257;;77.383153628;146.757790031;73;73.378895015;96.779854367;;96.779854367;103.137921536;;103.137921536;96.779854367;96;96.779854367;922.103499650;193.288277321;1175.779298577;253.724208086;66.818585031;75.441088106;66.818585031;79.939204999;79.325219151;79.939204999;112.597522478;104.429803868;112.597522478;97.378079285;100.700274306;97.378079285;88.916973606;78.901216486;88.916973606;96.779854367;103.137921536;96.779854367;97.378079285;;97.378079285;100.700274306;;100.700274306;97.378079285;97;97.378079285;201.514496083;;100.757248042;183.331020354;;91.665510177;201.514496083;100;100.757248042;10848;;;243.537644397;;81.179214799;257.904228793;;85.968076264;243.537644397;81;81.179214799;298.892575368;;99.630858456;284.031294660;;94.677098220;298.892575368;99;99.630858456;Polygon;13798.871635611;1;2205.918174659;1152.475404777;37.698783911;635.573790834;304.016857873;0.209616683;0.215792376;0.522447033;0.197453842;0.094448980;13798.871635611;10848;542.430219765;;541.935523453;;542.430219765;90;0.313710150;0.277854799;0.313710150;0.269945611;0.272035020;0.269945611;0.463995141;0.500285372;0.463995141;0.202770319;0.196080739;0.202770319;0.106221542;0.119705354;0.106221542;14258;13379.047619048;14258
Le Tampon;LA REUNION;CA du Sud;LA REUNION;3098.950628651;94.757767300;94.824017259;94.757767300;Non;974220701;97422;69;249740085;-21.2301262486, 55.5131521397;"{""type"": ""Polygon"", ""coordinates"": [[[55.49977192177615, -21.233936444633393], [55.49977240608952, -21.233888573514623], [55.499753812387304, -21.23286947451065], [55.499956509450044, -21.232546988639353], [55.50037486729863, -21.231953619919548], [55.50043539031824, -21.23187556989728], [55.50053075865485, -21.231781569971048], [55.50072333037278, -21.231602619347594], [55.50089254834075, -21.231541794640595], [55.50095882843176, -21.231561353096993], [55.50114807173107, -21.23161632981078], [55.50131156914558, -21.23164488160411], [55.50150300409425, -21.231673681390365], [55.501740082097236, -21.231666753885097], [55.50199369233265, -21.23164461655599], [55.502205316018035, -21.231582360410773], [55.502343025327676, -21.231493251840632], [55.50312602909859, -21.23073328962111], [55.504198708579, -21.229717544558998], [55.50471511041733, -21.229430803868027], [55.505530389986376, -21.229361697333932], [55.50564470983801, -21.229394325810933], [55.506169723481534, -21.229591380484095], [55.50639040244916, -21.229681858799978], [55.506602402451655, -21.229773163332098], [55.509094550075375, -21.229224309715914], [55.51111508139445, -21.227667675526412], [55.511497179450146, -21.22659300020932], [55.51173658212906, -21.225545853212456], [55.51239257166808, -21.222960930723207], [55.51281475457179, -21.22000764947963], [55.512992752767474, -21.2170016288214], [55.5135586063702, -21.21475283930304], [55.51396990158765, -21.21408439300851], [55.514013754280974, -21.2140341932996], [55.51418420876701, -21.213943555302784], [55.516045046009744, -21.21315732525477], [55.51751911728645, -21.21241645712076], [55.51790890188143, -21.212163337074326], [55.518257551580014, -21.212074258879383], [55.51837220400092, -21.212748236773322], [55.51868717964971, -21.2146822938902], [55.519222420602574, -21.2180997234389], [55.51941285874129, -21.21938591133142], [55.51959958593737, -21.220658065023084], [55.52033244573027, -21.22387352634794], [55.52052331295732, -21.22492485432219], [55.52146037801567, -21.23017772651639], [55.52134507430533, -21.23304564993165], [55.52134664981987, -21.233080893087383], [55.52135053006653, -21.23317487202077], [55.52136394475783, -21.2333755258757], [55.5214228900573, -21.23374459567053], [55.52019336340218, -21.235931130996317], [55.519375837037224, -21.23737965017207], [55.518144932356265, -21.238926607568846], [55.51700089171279, -21.240167191327732], [55.516987978666265, -21.240205920306742], [55.516978037207465, -21.240236545583453], [55.51693651617239, -21.240341868271173], [55.5168916293619, -21.240398382363846], [55.51684092582102, -21.24045845854726], [55.51662044788264, -21.240634472420876], [55.51605644793615, -21.241054068473005], [55.51595646429704, -21.24112816375966], [55.515835131382005, -21.241217427440677], [55.515517864907096, -21.241436850316514], [55.51542476045745, -21.241497456102174], [55.51526869817153, -21.24159093018595], [55.51519707854792, -21.241622818940066], [55.51511881440374, -21.241644712706552], [55.51263472132085, -21.244059960895385], [55.51258524369439, -21.244189601524962], [55.512566074469795, -21.244179495997866], [55.5124149468333, -21.244068862024], [55.512396786411955, -21.244054248814347], [55.5123003034173, -21.243971196180496], [55.51212097105192, -21.243790758051507], [55.51180648990353, -21.243443820892026], [55.51153120994557, -21.243031287401426], [55.51109608415463, -21.24203216250104], [55.51096313940718, -21.240592748340525], [55.51040910990362, -21.23988937481321], [55.5097199237565, -21.239088140310535], [55.50718118290334, -21.237836733420266], [55.50673427208258, -21.23791768870385], [55.506269797453335, -21.238307419760694], [55.50545397882532, -21.239046327819697], [55.503965389532794, -21.239433818865532], [55.50281884271841, -21.238566784944123], [55.50164768006084, -21.236425476195812], [55.50050680140719, -21.234722535091382], [55.50038197794854, -21.2345850256597], [55.50029812322948, -21.234493045874242], [55.50002646583065, -21.234203377980045], [55.49977192177615, -21.233936444633393]]]}";9742207;97422;974;4;974220701;Le Pont d'Yves;Le Tampon;LA REUNION;Le Pont d'Yves;LA REUNION;;4;;;;;;Iris d'habitat;15415;161.502239449;80.751119724;;171.401462984;;85.700731492;161.502239449;80;80.751119724;96.779854367;;96.779854367;103.137921536;;103.137921536;96.779854367;96;96.779854367;885.460084557;226.320849124;1151.867488656;248.836419995;81.475494474;91.989376223;81.475494474;80.026744975;79.412086761;80.026744975;111.280114921;103.207959819;111.280114921;99.662620778;103.062756260;99.662620778;99.321774286;88.134002957;99.321774286;96.779854367;103.137921536;96.779854367;99.662620778;;99.662620778;103.062756260;;103.062756260;99.662620778;99;99.662620778;210.601889206;;105.300944603;191.341962776;;95.670981388;210.601889206;105;105.300944603;10488;;;258.282093816;;86.094031272;274.539384520;;91.513128173;258.282093816;86;86.094031272;310.264509984;;103.421503328;294.404719036;;98.134906345;310.264509984;103;103.421503328;Polygon;13798.871635611;1;2148.317979240;1109.250315146;27.713633084;626.255199277;326.942762639;0.255596896;0.216028686;0.516334326;0.202086214;0.105501120;13798.871635611;10488;568.546603800;;568.944103556;;568.546603800;94;0.313710150;0.277854799;0.313710150;0.269945611;0.272035020;0.269945611;0.463995141;0.500285372;0.463995141;0.202770319;0.196080739;0.202770319;0.106221542;0.119705354;0.106221542;14258;13379.047619048;14258
Le Tampon;LA REUNION;CA du Sud;LA REUNION;6534.721544672;95.282205359;95.715682097;95.282205359;Non;974221201;97422;69;249740085;-21.2338408989, 55.5511433706;"{""type"": ""Polygon"", ""coordinates"": [[[55.556346784565314, -21.2600610510418], [55.55611352764869, -21.259275870595257], [55.55522164700949, -21.256463405535044], [55.55583243647607, -21.254057214780754], [55.55474271417286, -21.25241511619445], [55.552964903950944, -21.249698925814744], [55.5520258520715, -21.248618617667695], [55.55004080150479, -21.2485292922598], [55.547979896577665, -21.24853769280663], [55.54639178492495, -21.249410227454995], [55.54528032320323, -21.24992573775292], [55.54393537515017, -21.249302348048868], [55.542825724689614, -21.248612523992115], [55.54137495708246, -21.24835963006981], [55.53982955496286, -21.248265020246894], [55.539760479929825, -21.24833217106137], [55.53971973759047, -21.24835982113283], [55.53968401740256, -21.248366738319255], [55.53965225797661, -21.248362849957424], [55.5394315109481, -21.248274219057926], [55.53893856849425, -21.24803779478083], [55.5391876244484, -21.247796056289282], [55.540944846267976, -21.245773379368515], [55.542191848290926, -21.243895319401286], [55.54291040067116, -21.241764269682783], [55.541346048959056, -21.240645080673236], [55.53948350208291, -21.240162847699448], [55.538637594306074, -21.239863747522623], [55.53822634912709, -21.239650613251808], [55.53814586647454, -21.239604749638207], [55.53809230641185, -21.23956453927592], [55.53767234129109, -21.239209958428265], [55.536898461155914, -21.238593957185472], [55.53603410207201, -21.237920709844108], [55.53598914259587, -21.237887800075953], [55.53593552131623, -21.237853911791678], [55.53586828736267, -21.237832551814748], [55.53539072791557, -21.237701037554075], [55.53425458847903, -21.237426495624746], [55.53309549951883, -21.236805848752805], [55.532365089105475, -21.2361698078553], [55.532779618566266, -21.234393874027802], [55.533057962129455, -21.232553521801275], [55.533042504943005, -21.23246034541947], [55.533042390359256, -21.232374529007966], [55.533092451864874, -21.232281019005196], [55.5331424507666, -21.232193831680654], [55.53318350226601, -21.232134569472198], [55.53340405715028, -21.231850134395827], [55.533439167416546, -21.23180708023165], [55.5334879256864, -21.231747884928787], [55.533566745022284, -21.231669077855656], [55.53358716344304, -21.231650285603703], [55.5346010398002, -21.230740417876884], [55.53548245038675, -21.22997482829224], [55.535516435701005, -21.229948023650888], [55.53559717972903, -21.22986923221865], [55.53630573906565, -21.22933790435771], [55.53714520435688, -21.22815175873239], [55.53847213000381, -21.22605323445405], [55.53867443056837, -21.225273229645712], [55.538622147622384, -21.224418616570812], [55.53954327954619, -21.221666938860707], [55.541383926452795, -21.2198454958445], [55.542277827167894, -21.21885233513552], [55.54331647194804, -21.21807902272159], [55.54339017848808, -21.218029072592238], [55.54348710145156, -21.217969386185345], [55.543591562244494, -21.21792692792609], [55.543665974873456, -21.2179031801781], [55.54431715915206, -21.217712323910277], [55.54480102890166, -21.21758777213166], [55.54556567625139, -21.217615138750308], [55.54677190995961, -21.216818406094376], [55.54746732771959, -21.216093600633382], [55.54817589290262, -21.215304317148142], [55.54823146214354, -21.21523704555641], [55.54826264912388, -21.215200277368698], [55.548315240126136, -21.2151420133979], [55.54885531625605, -21.214834557390336], [55.549525395793516, -21.214482598539313], [55.550451171437494, -21.21413780080248], [55.55088323373443, -21.213989751024627], [55.552349232361166, -21.21351814447096], [55.5536285798951, -21.213169585057475], [55.55608074441183, -21.212875313218078], [55.55805936918111, -21.212189433207392], [55.55830491409524, -21.21210119712496], [55.55834078271039, -21.212078016829732], [55.55870742376412, -21.212812844217677], [55.559806243988184, -21.214189862701954], [55.560732578887624, -21.21487797012078], [55.56165707724486, -21.21610444203624], [55.562010869041366, -21.21657718790972], [55.560964903021784, -21.2179422395274], [55.56020651025814, -21.218957438251845], [55.559757157500826, -21.219645555032688], [55.55998145032118, -21.220706170778357], [55.56030849072028, -21.221454207467637], [55.56107170261172, -21.22163234866659], [55.56210927100547, -21.221832697379195], [55.56224008165064, -21.221854588369027], [55.56236063708661, -21.22184116203756], [55.562495878619124, -21.221803470796264], [55.562613009450494, -21.221745751942606], [55.56273036766991, -21.221664548357996], [55.56303332970432, -21.221418712275455], [55.56424642753308, -21.222595235827942], [55.565710569845464, -21.2249120818341], [55.56579962710116, -21.22616395155708], [55.5636620184719, -21.228128579085283], [55.56104505551433, -21.228551623226274], [55.560864407133145, -21.22850220611858], [55.560743224616445, -21.228480395931008], [55.56060840601858, -21.228473825922684], [55.56041949871533, -21.22848124760281], [55.56009661346172, -21.22849475242688], [55.559996335766414, -21.228502929944373], [55.56001241771496, -21.229377037534846], [55.560029139683586, -21.23018520753756], [55.560193221254515, -21.230849650890914], [55.56045004025115, -21.231786787262354], [55.56250487452927, -21.234495324538457], [55.56420062785894, -21.235587889455253], [55.56462070336607, -21.23648440534553], [55.562734186797755, -21.238123013528877], [55.560737668315326, -21.23987312390659], [55.56092166765535, -21.24220889243249], [55.561449928315945, -21.244417518488504], [55.56177540921253, -21.24632450893755], [55.56195694094361, -21.247178798195005], [55.56276661923313, -21.248242594881308], [55.563376302798424, -21.24896503294296], [55.56429945818996, -21.250054179783284], [55.56595986327463, -21.252030339722896], [55.56586442737515, -21.25233304604429], [55.565813423542174, -21.252425654907814], [55.56572789892932, -21.25250080682136], [55.565602046137734, -21.25256116230105], [55.56531218414815, -21.25264180181443], [55.56374860126465, -21.25355033297735], [55.562637231924455, -21.25422964695956], [55.5617047490881, -21.255023305453637], [55.56065580862347, -21.25662761262164], [55.55972367485716, -21.258547967874758], [55.559657956743, -21.258666645215676], [55.559602155257316, -21.258756500863544], [55.559513050716966, -21.25880271223256], [55.55938231963907, -21.25886844089943], [55.5592443368781, -21.258887134551866], [55.558013393936434, -21.259123214903333], [55.55695690528192, -21.25955318802037], [55.55680780313584, -21.259625080565705], [55.55669807504523, -21.259710860042045], [55.55659305021762, -21.25980842293923], [55.556465625462664, -21.259930183657413], [55.556346784565314, -21.2600610510418]]]}";9742212;97422;974;4;974221201;Les 19 et 23 Eme Km;Le Tampon;LA REUNION;Les 19 et 23 Eme Km;LA REUNION;;4;;;;;;Iris d'habitat;15415;162.135835393;81.067917696;;173.216393598;;86.608196799;162.135835393;81;81.067917696;96.779854367;;96.779854367;103.137921536;;103.137921536;96.779854367;96;96.779854367;1841.100894238;520.689081267;2278.849686583;442.823601280;90.151365922;101.784812358;90.151365922;71.984469471;71.431581240;71.984469471;117.501228140;108.977799324;117.501228140;106.855511806;110.501043243;106.855511806;88.420802447;78.460934879;88.420802447;96.779854367;103.137921536;96.779854367;106.855511806;;106.855511806;110.501043243;;110.501043243;106.855511806;106;106.855511806;205.922030587;;102.961015294;187.438734203;;93.719367101;205.922030587;102;102.961015294;8862;;;258.915689759;;86.305229920;276.354315134;;92.118105045;258.915689759;86;86.305229920;312.777542393;;104.259180798;297.939777445;;99.313259148;312.777542393;104;104.259180798;Polygon;13798.871635611;1;4298.219148578;2343.389031260;52.669895169;1415.886362960;613.753723404;0.282813985;0.194318916;0.545199989;0.216671262;0.093921940;13798.871635611;8862;571.693232152;;574.294092580;;571.693232152;95;0.313710150;0.277854799;0.313710150;0.269945611;0.272035020;0.269945611;0.463995141;0.500285372;0.463995141;0.202770319;0.196080739;0.202770319;0.106221542;0.119705354;0.106221542;14258;13379.047619048;14258
Le Tampon;LA REUNION;CA du Sud;LA REUNION;2693.064833567;97.817372782;98.115902505;97.817372782;Non;974220202;97422;69;249740085;-21.267129036, 55.4995261955;"{""type"": ""Polygon"", ""coordinates"": [[[55.497564106518546, -21.27389085144638], [55.49756920896542, -21.273862894496187], [55.49752919082406, -21.27329571347502], [55.49633382662783, -21.271575993662516], [55.4946391810233, -21.270293973342262], [55.49351731841426, -21.269358960926553], [55.49290914938635, -21.26842040800708], [55.49288953002349, -21.268359711105532], [55.49299385580804, -21.268335351819417], [55.49494499450756, -21.26642378559511], [55.497206347103564, -21.265844627288185], [55.49757084546876, -21.265726834927733], [55.49890895933486, -21.265007986643376], [55.499411875169386, -21.264734247820044], [55.49953622882673, -21.264635088185802], [55.49956741104103, -21.264601040201985], [55.4996526057977, -21.26446720610436], [55.499864313296364, -21.264021050831442], [55.500113440201055, -21.263495737265842], [55.50015130009441, -21.263373224494412], [55.500305669239246, -21.262974433374758], [55.500415323390115, -21.262708933611712], [55.50047414331118, -21.262610093247286], [55.50064312598, -21.262385770060597], [55.50089956910016, -21.262089056845536], [55.50117932852484, -21.26177358110276], [55.5015256725347, -21.2614487605299], [55.50213490104367, -21.260951937545986], [55.50307227065885, -21.26040473199794], [55.503316576920426, -21.2601639119348], [55.50335168043501, -21.26021842219066], [55.50341740754437, -21.260293980488463], [55.503786677464056, -21.260655872854727], [55.50402730217784, -21.260874803099853], [55.50422319714959, -21.26103823419434], [55.504411447983586, -21.261195274078556], [55.50443819943253, -21.2612180942082], [55.504559512684146, -21.261323954591955], [55.50469130664831, -21.26144165090746], [55.50481154726562, -21.261558341311837], [55.50488495680346, -21.261636677182175], [55.50494292213929, -21.261717585931084], [55.50499479613178, -21.261829153119564], [55.50504050584149, -21.261978604575823], [55.50505821161282, -21.262038380026823], [55.50506097462561, -21.262051050860688], [55.50508044339156, -21.262127101507026], [55.50523628057243, -21.263319330234783], [55.50510220297901, -21.264457830786665], [55.503740397706025, -21.265760056682595], [55.50258054311492, -21.267196851377886], [55.501716056898275, -21.26844114948705], [55.501186616192776, -21.269430077711114], [55.50079957249011, -21.27015560228498], [55.500666861464104, -21.27079396222762], [55.50051190626303, -21.27153510088806], [55.50045850722525, -21.27166921819613], [55.500364132619836, -21.271852652548176], [55.500262652884736, -21.271976405359677], [55.49937967431301, -21.272948628710115], [55.49899815599282, -21.273222544307092], [55.498064643823156, -21.27375981960066], [55.49791075692697, -21.27382438864118], [55.497721362172314, -21.27387418796149], [55.497564106518546, -21.27389085144638]]]}";9742202;97422;974;4;974220202;Les 400-La Ravine des Cabris;Le Tampon;LA REUNION;Les 400-La Ravine des Cabris;LA REUNION;;4;;;;;;Iris d'habitat;15415;189.641693417;94.820846708;;201.423120624;;100.711560312;189.641693417;94;94.820846708;96.779854367;;96.779854367;103.137921536;;103.137921536;96.779854367;96;96.779854367;793.166635564;240.918520306;1071.617171580;268.505261418;96.822697779;109.317036127;96.822697779;92.818995638;92.106084498;92.818995638;86.454578081;80.183244123;86.454578081;95.609715319;98.871580028;95.609715319;118.418395508;105.079548719;118.418395508;96.779854367;103.137921536;96.779854367;95.609715319;;95.609715319;98.871580028;;98.871580028;95.609715319;95;95.609715319;204.872973590;;102.436486795;185.262792842;;92.631396421;204.872973590;102;102.436486795;14204;;;286.421547784;;95.473849261;304.561042161;;101.520347387;286.421547784;95;95.473849261;300.482688909;;100.160896303;284.134372870;;94.711457623;300.482688909;100;100.160896303;Polygon;13798.871635611;1;1814.475727345;727.867940250;45.239300542;522.099428381;338.749437575;0.303742630;0.250560805;0.401145041;0.193868124;0.125785846;13798.871635611;14204;586.904236693;;588.695415031;;586.904236693;97;0.313710150;0.277854799;0.313710150;0.269945611;0.272035020;0.269945611;0.463995141;0.500285372;0.463995141;0.202770319;0.196080739;0.202770319;0.106221542;0.119705354;0.106221542;14258;13379.047619048;14258
Le Tampon;LA REUNION;CA du Sud;LA REUNION;2924.911501668;96.399978883;96.943061854;96.399978883;Non;974220204;97422;69;249740085;-21.2520777506, 55.5016433712;"{""type"": ""Polygon"", ""coordinates"": [[[55.48872177187243, -21.247568060296285], [55.48872375405965, -21.247562658232408], [55.48915724264476, -21.24691164683304], [55.490343150227915, -21.245928678414824], [55.49192487312289, -21.24479558772401], [55.49209062336617, -21.244698609613522], [55.49216236829684, -21.24465498915283], [55.49220725630657, -21.24459938552987], [55.49222013021774, -21.24456517499557], [55.49217014302894, -21.244459041158223], [55.49216251821572, -21.24445084321916], [55.492617253719175, -21.244360964917057], [55.496205994830895, -21.244400233613174], [55.49808474965328, -21.245078199400243], [55.50024714148763, -21.245913133883704], [55.50287865570131, -21.24580915253459], [55.50466705413216, -21.24742568746065], [55.505715097294946, -21.248602055963325], [55.50603150050883, -21.248949021163053], [55.5067712933048, -21.249066682148882], [55.50836841266712, -21.248347331348892], [55.50844438176612, -21.24826670543365], [55.50845862472807, -21.248287607591127], [55.50848142984041, -21.248319425225652], [55.50864957352105, -21.248558483449198], [55.50938586190022, -21.249695037152307], [55.51059931421305, -21.251580132999717], [55.51255259274872, -21.25368131942808], [55.51442003171359, -21.25618008961049], [55.5144074605834, -21.256184495371564], [55.51360278261324, -21.256574858364687], [55.510832481749304, -21.25790808134264], [55.50938336035778, -21.258944917866447], [55.50934857270922, -21.259050297490035], [55.509284633241506, -21.259179808627906], [55.50919345074753, -21.259335274745908], [55.50874976272521, -21.259903144648973], [55.50818243741197, -21.26040397713498], [55.50747859105289, -21.2610165121333], [55.50662947851923, -21.26160427054959], [55.50584783853723, -21.262094161902997], [55.50570164817369, -21.26216151709718], [55.50538834222782, -21.262268942224892], [55.50533085677852, -21.262235913234182], [55.505193380546565, -21.262108230567613], [55.505146539957224, -21.262070779400222], [55.50511290654736, -21.262061447953553], [55.50506097462561, -21.262051050860688], [55.50505821161282, -21.262038380026823], [55.50504050584149, -21.261978604575823], [55.50499479613178, -21.261829153119564], [55.50494292213929, -21.261717585931084], [55.50488495680346, -21.261636677182175], [55.50481154726562, -21.261558341311837], [55.50469130664831, -21.26144165090746], [55.504559512684146, -21.261323954591955], [55.50443819943253, -21.2612180942082], [55.504411447983586, -21.261195274078556], [55.50422319714959, -21.26103823419434], [55.50402730217784, -21.260874803099853], [55.503786677464056, -21.260655872854727], [55.50341740754437, -21.260293980488463], [55.50335168043501, -21.26021842219066], [55.503316576920426, -21.2601639119348], [55.50327416673589, -21.26006959121132], [55.50247481703109, -21.258784760626913], [55.50173255552657, -21.257859047595048], [55.50107216532413, -21.257032972013725], [55.50093149249641, -21.256841122924524], [55.500828839823455, -21.256701100465794], [55.50064003943776, -21.256313708560704], [55.500091779638446, -21.25497825808609], [55.49976528396073, -21.254010619667717], [55.499281753462256, -21.253321585178494], [55.49805832551705, -21.251582684654753], [55.496881775184164, -21.252059984167506], [55.49671437633515, -21.25212894943315], [55.49624409335117, -21.252324385874253], [55.495140565400675, -21.253295529374597], [55.493166966029655, -21.254544333887004], [55.49296046202495, -21.2546680472437], [55.49211334659571, -21.25515277283633], [55.49196799262389, -21.255232769946026], [55.49188475375767, -21.255269060729734], [55.49176132334073, -21.255277892681598], [55.491678636250036, -21.25525998997839], [55.49165474165741, -21.255240806745558], [55.491586251976074, -21.255153476537767], [55.49148991963087, -21.25439383798452], [55.490939139091495, -21.251895785390023], [55.48995777952157, -21.248724525939817], [55.48937303115197, -21.248144785500475], [55.48872177187243, -21.247568060296285]]]}";9742202;97422;974;4;974220204;Les Trois Mares Nord;Le Tampon;LA REUNION;Les Trois Mares Nord;LA REUNION;;4;;;;;;Iris d'habitat;15415;193.699293399;96.849646699;;204.800594067;;102.400297033;193.699293399;96;96.849646699;96.779854367;;96.779854367;103.137921536;;103.137921536;96.779854367;96;96.779854367;790.384045233;228.304305012;1089.135171588;298.779286014;92.076195294;103.958028420;92.076195294;101.623098105;100.842565647;101.623098105;97.353424615;90.291498557;97.353424615;97.622367854;100.952897136;97.622367854;92.944933061;82.475459829;92.944933061;96.779854367;103.137921536;96.779854367;97.622367854;;97.622367854;100.952897136;;100.952897136;97.622367854;97;97.622367854;190.298357676;;95.149178838;172.766958386;;86.383479193;190.298357676;95;95.149178838;12274;;;290.479147765;;96.826382588;307.938515603;;102.646171868;290.479147765;96;96.826382588;287.920725530;;95.973575177;273.719855522;;91.239951841;287.920725530;95;95.973575177;Polygon;13798.871635611;1;1880.145656989;849.290295160;32.099977422;578.983852159;288.769320438;0.288852370;0.274327093;0.451715159;0.197949186;0.098727541;13798.871635611;12274;578.399873296;;581.658371125;;578.399873296;96;0.313710150;0.277854799;0.313710150;0.269945611;0.272035020;0.269945611;0.463995141;0.500285372;0.463995141;0.202770319;0.196080739;0.202770319;0.106221542;0.119705354;0.106221542;14258;13379.047619048;14258
Le Tampon;LA REUNION;CA du Sud;LA REUNION;4063.115362885;104.943074436;104.527327985;104.943074436;Non;974220501;97422;69;249740085;-21.2907322718, 55.5229020007;"{""type"": ""Polygon"", ""coordinates"": [[[55.525124920236514, -21.2788985093665], [55.52525973643464, -21.2790062809596], [55.525509833871325, -21.279054539860805], [55.525641767938744, -21.27906472809914], [55.5260900319431, -21.27905329562944], [55.52646349671715, -21.278907517091078], [55.52656539365776, -21.278837046871367], [55.526618566883805, -21.278820349129138], [55.52669189638865, -21.278811957529598], [55.526753580797134, -21.278811593848392], [55.52682088538343, -21.27882753895396], [55.52689381916538, -21.27885888960587], [55.52695702625739, -21.2788991882862], [55.52700286917126, -21.278941141694055], [55.527043803785105, -21.27899208529751], [55.527079659240606, -21.279069180566093], [55.527130800233465, -21.27925661378778], [55.52717352897191, -21.279417777327474], [55.527341930024406, -21.280218231019614], [55.527940938513396, -21.281329576061303], [55.52877011727057, -21.282217102033357], [55.530284991293485, -21.283449353676744], [55.532243905667045, -21.28567064175279], [55.53385112798097, -21.287522778509093], [55.5340956569809, -21.287842874748275], [55.534146072657734, -21.287910159038866], [55.53424364584574, -21.288081735125242], [55.534732326632856, -21.28895497827296], [55.533995068200994, -21.289725410212398], [55.53164723324769, -21.29146550612825], [55.53098235372102, -21.29272171732355], [55.52912837115524, -21.295131741273455], [55.5279734059718, -21.296173099146305], [55.52654896916084, -21.296736043752023], [55.525071822890624, -21.298136786596], [55.52504767234509, -21.298335303384906], [55.52501197479333, -21.29843525803969], [55.52496120786092, -21.29849985146286], [55.5249330411368, -21.298521284037868], [55.524765438075164, -21.298509878415118], [55.52427122219084, -21.298483865708302], [55.520594921732574, -21.29853469117924], [55.517971032110964, -21.298793435853604], [55.51740199634485, -21.299307825980648], [55.516756171922665, -21.299885672024175], [55.51667782216617, -21.299912983952915], [55.51661398395448, -21.29993500391843], [55.51610930537518, -21.300086826560005], [55.515834284382365, -21.300165698817796], [55.51548890476547, -21.30024394990868], [55.514803245039715, -21.3003724923714], [55.51469433410187, -21.300371531055575], [55.514393059995065, -21.3003291259145], [55.51415544314705, -21.300282765816934], [55.51388718430147, -21.300216262005197], [55.51377569093432, -21.300184564835465], [55.51367113507253, -21.300133959414385], [55.51150345526331, -21.300217323775072], [55.50994246859776, -21.300738717286617], [55.509773345752194, -21.300782384879383], [55.509760517276796, -21.300716329905637], [55.50957894847907, -21.300178157835038], [55.510102471333944, -21.29867584416254], [55.51083339184778, -21.29745856762392], [55.51299736825112, -21.296877002997856], [55.51466053674415, -21.29548614268907], [55.51537817604646, -21.294858352084848], [55.51556494476898, -21.294688370830244], [55.51560872287781, -21.294648108051142], [55.51573521097433, -21.294529986825626], [55.51594288009093, -21.294294247874543], [55.51609226881864, -21.294103160251893], [55.51620263483658, -21.293958700525256], [55.51662209914268, -21.293267753238172], [55.516335024395396, -21.29209995423154], [55.51603967177091, -21.29127714593516], [55.51439649312234, -21.289533718868885], [55.51435614297751, -21.289520716446848], [55.514370907671015, -21.28949013424947], [55.51481377290389, -21.28857989334206], [55.51535665151261, -21.285963278181534], [55.51529163542055, -21.285911216205392], [55.515210453785876, -21.285837332215877], [55.51514177336796, -21.28576626837262], [55.515094285744894, -21.285696294728073], [55.51506405439253, -21.285635506364077], [55.51504937857693, -21.28556130555295], [55.515052723181896, -21.285516169580614], [55.51505985916747, -21.285477390213163], [55.51508264133217, -21.285416166103357], [55.515121924537915, -21.28534334449588], [55.51517654553539, -21.285278787927304], [55.51523093978872, -21.28523681207637], [55.51530067184386, -21.285203101245493], [55.515379868745526, -21.285186636724955], [55.51545899310059, -21.285177398003267], [55.516773676285, -21.285267572823248], [55.51770183382949, -21.28545821557541], [55.51856764124472, -21.285234588503744], [55.51962650777856, -21.284691979061897], [55.51970312932472, -21.28464387394173], [55.51981770624968, -21.28455906671306], [55.51990039015098, -21.284483012150197], [55.51995399087844, -21.284423864802335], [55.520001953905826, -21.284350214902638], [55.520060906334464, -21.284237819203927], [55.52012897489257, -21.28408124135848], [55.52020893312859, -21.28389224876926], [55.520290008469985, -21.283687909654923], [55.52038857794034, -21.283372616931825], [55.52037355622042, -21.283332739233675], [55.520386490981494, -21.28329220389063], [55.520415664147315, -21.283266264217808], [55.5207885901889, -21.282983191077747], [55.520973795450196, -21.282871000743327], [55.52106388938149, -21.282824819886127], [55.521117091669836, -21.2828054143121], [55.52119145023351, -21.282790711083816], [55.521291612020256, -21.282797913902403], [55.52140605780011, -21.28282240501373], [55.52151932324043, -21.28286856516458], [55.521641135694566, -21.282927446647523], [55.521786797111766, -21.283010926834557], [55.52193338629916, -21.283098028293928], [55.522103752412235, -21.283216954241865], [55.522285858315904, -21.283366695661993], [55.52333106023141, -21.282943732679755], [55.52424490430685, -21.282289965747786], [55.52564998831839, -21.28031905046033], [55.52515156106222, -21.278933068578695], [55.525124920236514, -21.2788985093665]]]}";9742205;97422;974;4;974220501;Terrain Fleuri-La Pointe;Le Tampon;LA REUNION;Terrain Fleuri-La Pointe;LA REUNION;;4;;;;;;Iris d'habitat;15415;208.343552049;104.171776025;;218.683680802;;109.341840401;208.343552049;104;104.171776025;96.779854367;;96.779854367;103.137921536;;103.137921536;96.779854367;96;96.779854367;1134.911447460;310.929691822;1715.361941151;560.350985889;87.331646729;98.601226774;87.331646729;121.011905320;120.082454028;121.011905320;90.145099358;83.606058450;90.145099358;93.680957252;96.877019570;93.680957252;140.708983590;124.859287553;140.708983590;96.779854367;103.137921536;96.779854367;93.680957252;;93.680957252;96.877019570;;96.877019570;93.680957252;93;93.680957252;230.854082948;;115.427041474;208.465346003;;104.232673002;230.854082948;115;115.427041474;15238;;;305.123406416;;101.707802139;321.821602338;;107.273867446;305.123406416;101;101.707802139;324.535040201;;108.178346734;305.342365573;;101.780788524;324.535040201;108;108.178346734;Polygon;13798.871635611;1;2853.408036078;1193.491784867;102.768640266;771.817918463;607.286435631;0.273968240;0.326666328;0.418268881;0.189957176;0.149463252;13798.871635611;15238;629.658446617;;627.163967911;;629.658446617;104;0.313710150;0.277854799;0.313710150;0.269945611;0.272035020;0.269945611;0.463995141;0.500285372;0.463995141;0.202770319;0.196080739;0.202770319;0.106221542;0.119705354;0.106221542;14258;13379.047619048;14258
Les Avirons;LA REUNION;CA Civis (Communauté Intercommunale des Villes Solidaires);LA REUNION;3474.227808052;90.177316111;91.801732501;90.177316111;Non;974010102;97401;69;249740077;-21.2408562413, 55.3477666018;"{""type"": ""Polygon"", ""coordinates"": [[[55.354400786957505, -21.224479623032693], [55.354386037717475, -21.224506577122174], [55.354361575861645, -21.224540662604113], [55.35375505745386, -21.22537342713735], [55.35333160855565, -21.225942416191597], [55.35317166091897, -21.226292224738717], [55.352751585273076, -21.22725100305078], [55.35273763821546, -21.227292417000076], [55.352633837784126, -21.227617481610057], [55.3526098667916, -21.227694024938586], [55.35237307643972, -21.22941062237209], [55.352440677773565, -21.230609912423223], [55.3528880560429, -21.231357666261868], [55.35365631986701, -21.23136155234924], [55.356044119765635, -21.232315199553682], [55.35766333053737, -21.23456746178556], [55.357571625357, -21.23670458678389], [55.35750983168702, -21.238281987052854], [55.35726312787564, -21.239678739727847], [55.356840002199256, -21.24099789856483], [55.35676674398776, -21.243347475532875], [55.3565452764797, -21.24624614583423], [55.35631890604913, -21.24680622015772], [55.356230891499564, -21.247097115893375], [55.35622437975419, -21.24716299057029], [55.356150287680066, -21.24767532126607], [55.35614218973133, -21.24771046954428], [55.35612817111346, -21.24775820576741], [55.35610829193649, -21.247813110944964], [55.35609639047488, -21.24784370582154], [55.35607062065697, -21.247908489442004], [55.355248205921924, -21.249433303983576], [55.354688729388066, -21.249837925557102], [55.35393565482617, -21.251103269487704], [55.35329587002664, -21.252317326772925], [55.3530928954287, -21.252807621034652], [55.35289427454672, -21.25463929965533], [55.35307189915486, -21.255324352017276], [55.35359361620952, -21.256303615771838], [55.35454635288526, -21.257711167878178], [55.35479839998708, -21.25818151769917], [55.35494377386781, -21.25845301181582], [55.354620641517805, -21.258656704051067], [55.35426134829488, -21.25864596970075], [55.35303536041708, -21.258155264990442], [55.35193352825596, -21.25759169859854], [55.349288232598354, -21.25541514963179], [55.34798112492842, -21.253087290196103], [55.34644220010158, -21.25251206942321], [55.34458398428945, -21.2518553384054], [55.34437160369702, -21.251805379946653], [55.344364879955336, -21.251803507392673], [55.34340933794601, -21.251606693738424], [55.342801778665816, -21.251999510224973], [55.34279845396641, -21.25203831761241], [55.34276296259152, -21.2521102292915], [55.342711295117496, -21.252163916775846], [55.34265518436301, -21.252184140031016], [55.34257218877327, -21.252195969609495], [55.34211628897842, -21.25220955154784], [55.34158639797223, -21.252205242433945], [55.34087111340809, -21.25215033115094], [55.33994269774443, -21.251940667730064], [55.33651262186866, -21.25099095274042], [55.33563075811859, -21.25092714970913], [55.33467048698085, -21.25063856034133], [55.334532680427955, -21.25055500274281], [55.3344796029001, -21.25047679843985], [55.33629725617342, -21.248032472008624], [55.33680008245817, -21.2473563782519], [55.33742953263137, -21.246643594595856], [55.3376862758006, -21.2463453417548], [55.33823531418138, -21.24515574550804], [55.338589131896136, -21.244362559705987], [55.33872037638192, -21.24399984029639], [55.338795402583436, -21.24375308705068], [55.33884748159445, -21.24357656173928], [55.338936702931946, -21.243266720240783], [55.33895477221209, -21.24320186372556], [55.339013045935445, -21.242988365810476], [55.33903730014747, -21.24288743991778], [55.33746112428897, -21.24090732409658], [55.336705691639196, -21.238253332974548], [55.33763559175839, -21.237248594933078], [55.33917988964635, -21.236782372241574], [55.34061122064978, -21.236122177838965], [55.34183002286151, -21.23534019958709], [55.34257065443801, -21.234068463829455], [55.34273554707174, -21.232589641913915], [55.34245699477752, -21.23139460281887], [55.34311007849963, -21.229678502035902], [55.34321726997406, -21.229396834375706], [55.34331611928366, -21.229171990076342], [55.34333687255385, -21.229125224343328], [55.34350170795397, -21.228857671343018], [55.34405343609692, -21.227977214920436], [55.345482958218064, -21.22604448603447], [55.3456497693061, -21.225858243303446], [55.34582815910458, -21.22567030736664], [55.346056526589216, -21.22549279696169], [55.34613328777311, -21.225433934097495], [55.34625085769171, -21.225343857003182], [55.34635547234771, -21.225292493095306], [55.34712563587314, -21.225079643042424], [55.34729950315874, -21.225037989468916], [55.34748978578013, -21.224992883420892], [55.34802443981372, -21.224906889025675], [55.350503163458455, -21.223215389433648], [55.35068613526056, -21.222917746114593], [55.35094538756637, -21.2225607809554], [55.3509586720437, -21.22257897602938], [55.35167085905, -21.223451081957087], [55.352438312520995, -21.223797478359753], [55.352940132081464, -21.22397851343941], [55.35418185828597, -21.22441516270035], [55.354400786957505, -21.224479623032693]]]}";9740101;97401;974;4;974010102;La Ville-Ravine Seche;Les Avirons;LA REUNION;La Ville-Ravine Seche;LA REUNION;;4;;;;;;Iris d'habitat;1830;152.327925373;76.163962687;;158.083802453;;79.041901227;152.327925373;76;76.163962687;116.519380932;;116.519380932;121.641504829;;121.641504829;116.519380932;116;116.519380932;1024.473029743;225.303764943;1329.696988332;295.141380177;70.103443141;71.504030158;70.103443141;82.224482232;86.579772295;82.224482232;81.381965658;79.865905639;81.381965658;82.210847247;84.545348515;82.210847247;108.623777452;106.673833572;108.623777452;116.519380932;121.641504829;116.519380932;82.210847247;;82.210847247;84.545348515;;84.545348515;82.210847247;82;82.210847247;190.005743111;;95.002871555;186.539739210;;93.269869605;190.005743111;95;95.002871555;17584;;;268.847306306;;89.615768769;279.725307282;;93.241769094;268.847306306;89;89.615768769;272.216590358;;90.738863453;271.085087725;;90.361695908;272.216590358;90;90.738863453;Polygon;16613.333333333;1;2465.768539711;931.094829145;41.142945536;579.150985739;400.862836526;0.219921617;0.221961381;0.377608366;0.166699197;0.115381851;16613.333333333;17584;541.063896663;;550.810395007;;541.063896663;90;0.313710150;0.307565344;0.313710150;0.269945611;0.256366326;0.269945611;0.463995141;0.472802960;0.463995141;0.202770319;0.197171340;0.202770319;0.106221542;0.108163218;0.106221542;14258;13657.619047619;14258
Les Avirons;LA REUNION;CA Civis (Communauté Intercommunale des Villes Solidaires);LA REUNION;1905.138151146;97.172018959;98.532694658;97.172018959;Non;974010201;97401;69;249740077;-21.2126395481, 55.351929834;"{""type"": ""Polygon"", ""coordinates"": [[[55.34799442311963, -21.200252028224686], [55.34852562194649, -21.200555300250223], [55.34909507558502, -21.200883332787257], [55.35159450172887, -21.202451425684036], [55.35260933015539, -21.20309451692477], [55.354864200696525, -21.2044863005129], [55.357025248018694, -21.205830173389867], [55.3604666896477, -21.207940234422324], [55.360471274067166, -21.208594016603342], [55.36048692744227, -21.209335076277316], [55.36058910572631, -21.20985183425003], [55.36261525553425, -21.21042519905224], [55.36551047037626, -21.211244515830728], [55.36844719676297, -21.21214638333394], [55.36824820741816, -21.21219684982657], [55.36816194891423, -21.21224479266875], [55.368097823485904, -21.2122947559475], [55.36808258157926, -21.212366870206914], [55.36806832274944, -21.212524804604385], [55.36806493677246, -21.21256993536723], [55.3680637055123, -21.21259431175152], [55.36808076487836, -21.21297023691201], [55.36808245293382, -21.21299193170557], [55.368077547681644, -21.213000013717075], [55.36803937804676, -21.213054744201326], [55.36779679565558, -21.213390221896613], [55.367764534002134, -21.213433266920006], [55.36748404848501, -21.21379908876939], [55.36698481788469, -21.214347061120968], [55.36644429563239, -21.214882889688734], [55.36625827857307, -21.215067162926566], [55.36572360977404, -21.215595819355368], [55.36571387838862, -21.215604757828597], [55.365522439985526, -21.215668842915587], [55.36385326248263, -21.216086241207293], [55.36093970032025, -21.217487847383598], [55.35803529665059, -21.218666382385944], [55.35668367333304, -21.219805794762973], [55.35566828869798, -21.222113457167076], [55.35448148616122, -21.224325951814468], [55.354400786957505, -21.224479623032693], [55.35418185828597, -21.22441516270035], [55.352940132081464, -21.22397851343941], [55.352438312520995, -21.223797478359753], [55.35167085905, -21.223451081957087], [55.3509586720437, -21.22257897602938], [55.35094538756637, -21.2225607809554], [55.35090456088352, -21.222507089480665], [55.347845094400235, -21.22288860082909], [55.34669202729391, -21.22193339965701], [55.34636250237441, -21.22155034955754], [55.345657394618634, -21.220509204682646], [55.34522541370554, -21.219768811660405], [55.34401793489778, -21.218038965833045], [55.34186356315237, -21.21561965843509], [55.340995704842115, -21.21475213056272], [55.34032071875489, -21.215847473137618], [55.339671833282885, -21.214953187339713], [55.33926333751142, -21.2139257754559], [55.33937036162834, -21.212754396648346], [55.339576302320225, -21.211781804419125], [55.33988940343937, -21.211175182664395], [55.34019903879286, -21.210662916814673], [55.34053361685794, -21.210245737793628], [55.34098673391288, -21.209693782000837], [55.34101615240653, -21.209043723087756], [55.340973925665715, -21.209029759267853], [55.34099332531953, -21.20893149442206], [55.3423839318497, -21.207148113120823], [55.34309715269195, -21.205555887563946], [55.344167744881055, -21.204219624149868], [55.34502882375919, -21.20370417231874], [55.346058462560656, -21.20310184677998], [55.34673868922303, -21.202478029099442], [55.347410535358634, -21.201741218315725], [55.34774853850946, -21.201315474835383], [55.34778580913611, -21.20125532074021], [55.34780639573713, -21.201223004616487], [55.34791201825349, -21.20099280217759], [55.34793057942864, -21.20088278549737], [55.347968446253965, -21.200509204474944], [55.34799442311963, -21.200252028224686]]]}";9740102;97401;974;4;974010201;Le Tevelave;Les Avirons;LA REUNION;Le Tevelave;LA REUNION;;4;;;;;;Iris d'habitat;1830;148.640330625;74.320165312;;153.688793988;;76.844396994;148.640330625;74;74.320165312;116.519380932;;116.519380932;121.641504829;;121.641504829;116.519380932;116;116.519380932;570.800249017;153.327337552;681.476532225;115.921730142;85.626239262;87.336954080;85.626239262;63.014091362;66.351839908;63.014091362;118.758620264;116.546272668;118.758620264;81.560962385;83.877009190;81.560962385;117.552819548;115.442587271;117.552819548;116.519380932;121.641504829;116.519380932;81.560962385;;81.560962385;83.877009190;;83.877009190;81.560962385;81;81.560962385;236.311439812;;118.155719906;231.988859939;;115.994429969;236.311439812;118;118.155719906;11556;;;265.159711557;;88.386570519;275.330298817;;91.776766272;265.159711557;88;88.386570519;317.872402197;;105.957467399;315.865869129;;105.288623043;317.872402197;105;105.957467399;Polygon;16613.333333333;1;1306.155962247;719.736641076;38.068183592;315.074459168;237.887775877;0.268618204;0.170103774;0.551034227;0.165381423;0.124866418;16613.333333333;11556;583.032113754;;591.196167946;;583.032113754;97;0.313710150;0.307565344;0.313710150;0.269945611;0.256366326;0.269945611;0.463995141;0.472802960;0.463995141;0.202770319;0.197171340;0.202770319;0.106221542;0.108163218;0.106221542;14258;13657.619047619;14258
Les Trois-Bassins;LA REUNION;CA Territoire de la Côte Ouest (Tco);LA REUNION;3076.994211881;102.749145185;105.439042896;102.749145185;Non;974230101;97423;69;249740101;-21.1067092011, 55.2879957516;"{""type"": ""Polygon"", ""coordinates"": [[[55.27556575933867, -21.102944197097315], [55.27558510163881, -21.10293626460671], [55.27742690017424, -21.10264517455639], [55.278651436392614, -21.102127404798747], [55.2802848389898, -21.10112556659668], [55.28160936042549, -21.10053246347937], [55.28293956485395, -21.100281287644904], [55.28391576403261, -21.100221620805886], [55.28528839394139, -21.100089181602538], [55.28554494386958, -21.100043903634838], [55.28582371197544, -21.099991623881404], [55.28602048875503, -21.099954773368093], [55.2885942216231, -21.099370624118478], [55.29030769651104, -21.098933122195145], [55.29043903817504, -21.098894703322813], [55.29048875378772, -21.099092114036292], [55.29049170382576, -21.09917072691071], [55.29046762382279, -21.099256293288935], [55.29043836910097, -21.099289418733953], [55.29039554763442, -21.099330536668507], [55.29035573744995, -21.099360845902652], [55.29029577879009, -21.099385532431633], [55.29006332075612, -21.100412218822388], [55.29034354112332, -21.10126658931151], [55.29196121490817, -21.10272629525243], [55.29499483874625, -21.103258139071748], [55.29750306070034, -21.10323050624941], [55.298743351625454, -21.102803522983443], [55.3004354007645, -21.102135825240165], [55.30126401771414, -21.10172411508293], [55.30167210310863, -21.10155748776495], [55.30184499350561, -21.10150502409363], [55.30195606266022, -21.10147181275034], [55.302414515596745, -21.101446596306513], [55.30313191487235, -21.10167326988572], [55.30318221639075, -21.10275226400333], [55.3028189566468, -21.103632466025815], [55.30254322185908, -21.10426424414869], [55.30210749403626, -21.104871837773025], [55.30054457253335, -21.10751130083155], [55.29891358972236, -21.1096564328551], [55.29850608705483, -21.109600856760284], [55.2975942319478, -21.109626023791375], [55.2971087840568, -21.109652760948943], [55.29632301003133, -21.10984809659974], [55.29466791479945, -21.110473665445692], [55.2929919642408, -21.111406565218978], [55.289765899088664, -21.11287027870257], [55.28833099341395, -21.113428453489437], [55.28689587038294, -21.1140046782908], [55.28458410512394, -21.115140162773294], [55.282100770996955, -21.115372430802793], [55.28204302075919, -21.11537184530742], [55.281987299532545, -21.11536224786618], [55.281650296508225, -21.11486836609208], [55.2802071203272, -21.11223588266181], [55.27914350599033, -21.110186226266595], [55.27863336999598, -21.109437422765858], [55.27796801107001, -21.108610561630446], [55.27709367419355, -21.10758188339848], [55.275965719595106, -21.106400481633862], [55.27571641673131, -21.10348406578432], [55.27575223231629, -21.103383266209246], [55.275733416505496, -21.103178940608206], [55.27568387899521, -21.103051078673975], [55.27561537749644, -21.10298173500393], [55.27556575933867, -21.102944197097315]]]}";9742301;97423;974;4;974230101;Centre Ville;Les Trois-Bassins;LA REUNION;Centre Ville;LA REUNION;;4;;;;;;Iris d'habitat;1590;193.896704046;96.948352023;;204.635048242;;102.317524121;193.896704046;96;96.948352023;96.040819189;;96.040819189;91.332621890;;91.332621890;96.040819189;96;96.040819189;845.439031287;282.020488196;1115.986860619;263.789422981;106.333423251;106.258032787;106.333423251;87.563280795;98.377015455;87.563280795;112.734100159;113.621780148;112.734100159;102.294667400;106.019465898;102.294667400;111.528580313;117.025341200;111.528580313;96.040819189;91.332621890;96.040819189;102.294667400;;102.294667400;106.019465898;;106.019465898;102.294667400;102;102.294667400;224.262680472;;112.131340236;230.647121349;;115.323560674;224.262680472;112;112.131340236;;;;289.937523236;;96.645841079;295.967670132;;98.655890044;289.937523236;96;96.645841079;326.557347871;;108.852449290;336.666587247;;112.222195749;326.557347871;108;108.852449290;Polygon;13693.5;1;2165.171470447;1132.559509121;17.033052068;638.240056942;364.523435619;0.333578742;0.236373234;0.523080747;0.207423223;0.118467378;13693.5;13693.5;616.494871107;;632.634257378;;616.494871107;102;0.313710150;0.313932729;0.313710150;0.269945611;0.240272824;0.269945611;0.463995141;0.460370138;0.463995141;0.202770319;0.195646357;0.202770319;0.106221542;0.101232243;0.106221542;14258;14993;14258
Les Trois-Bassins;LA REUNION;CA Territoire de la Côte Ouest (Tco);LA REUNION;3201.865201573;96.451359376;98.699187125;96.451359376;Non;974230102;97423;69;249740101;-21.109811225, 55.3067875009;"{""type"": ""Polygon"", ""coordinates"": [[[55.29043903817504, -21.098894703322813], [55.29057907241243, -21.098853662218023], [55.29360085166048, -21.097887809325798], [55.29568845968805, -21.097261622086048], [55.29743276188899, -21.096522667349117], [55.29890862407068, -21.09530904883063], [55.30013893841902, -21.094441612506916], [55.301760781105436, -21.09447953976005], [55.303924314357786, -21.0944497060138], [55.305156563032085, -21.094256985646947], [55.30647896160627, -21.093668173420557], [55.30740721780721, -21.09312148335614], [55.3081631783954, -21.09266023382188], [55.308995731545636, -21.09231942645876], [55.311570242014916, -21.09221280481598], [55.31395298963582, -21.092190386307205], [55.3160509785395, -21.092332169155668], [55.31912110958718, -21.092311010950354], [55.31963070075537, -21.09227202648799], [55.32053874992468, -21.092148240822556], [55.32058225982068, -21.09213060635987], [55.32059385907325, -21.092126204889478], [55.32071419747375, -21.092080878271357], [55.320878500389355, -21.092063084803314], [55.322545929909595, -21.092026292096506], [55.32319959315573, -21.092185407942438], [55.323421283448916, -21.092242698847773], [55.323474001231695, -21.09226218857543], [55.32353239191905, -21.092290767028366], [55.3242440985861, -21.092681237360143], [55.3248626302969, -21.09305542907145], [55.325249498638385, -21.093317584198886], [55.32533940574034, -21.093368151701892], [55.32532009083003, -21.09423238748746], [55.32544186180294, -21.094960719833985], [55.32555948355823, -21.096402591950802], [55.32559557786791, -21.09859156364069], [55.325689279525626, -21.099248260489706], [55.325867637203174, -21.100424268202612], [55.32510143358011, -21.105231108876886], [55.32475076998172, -21.10594303018869], [55.32385616233569, -21.107776847639162], [55.323875776219396, -21.109373110955065], [55.32390514556915, -21.109500761757097], [55.32398980963624, -21.109847549483494], [55.32475172455463, -21.111346372967464], [55.324959547208714, -21.112212851856338], [55.32529509901053, -21.11362074537171], [55.325609678426765, -21.116040087911635], [55.32560577718338, -21.11613037585344], [55.32552070283308, -21.11727758476197], [55.325410295444634, -21.11716539205429], [55.325213675661416, -21.1170153133036], [55.325153076445055, -21.117011101254555], [55.32346379216317, -21.11793966070738], [55.32034009309296, -21.119299296212276], [55.31943024082562, -21.11931195186071], [55.31758109503989, -21.119472445374285], [55.317168533471026, -21.119520737195288], [55.31640121364035, -21.119613375885443], [55.315867823070086, -21.1197056267912], [55.31547201530423, -21.119804663566846], [55.31531638182183, -21.119861828017903], [55.315120345096375, -21.120001690519466], [55.31497161586268, -21.120129377643416], [55.31489172753747, -21.120213489577765], [55.31483168537351, -21.120330316264972], [55.31454662773137, -21.120766013658102], [55.314268272622634, -21.121119580441793], [55.314109422997234, -21.12120561600254], [55.31343952378945, -21.12153586426905], [55.31335052913614, -21.121573818443537], [55.313194801158836, -21.121639109180617], [55.3118237852974, -21.12199488558421], [55.309267419055935, -21.122631480074467], [55.306065889563556, -21.123705083815537], [55.305939197867815, -21.123756205790034], [55.30546712690139, -21.124041881290534], [55.3044319137398, -21.124755134066945], [55.30326061980833, -21.125610880000433], [55.30088170861552, -21.126887269341985], [55.29878467467442, -21.127038289410077], [55.2986420055961, -21.12705492144223], [55.29861790998685, -21.12705738916223], [55.29623938653182, -21.12728368097922], [55.29488036154705, -21.12742536417748], [55.29292553496343, -21.127641421723826], [55.29274876076238, -21.127693835058434], [55.29225686866163, -21.12785778417696], [55.29203259603728, -21.127938621863024], [55.291810113852875, -21.128031219571486], [55.29164307879506, -21.128157796587573], [55.29119903918317, -21.12859816855875], [55.29042817853106, -21.129246601299254], [55.290335095943675, -21.12930437299882], [55.28978046479954, -21.128223000840933], [55.28906244204733, -21.127706315213615], [55.28864962100938, -21.12802641152136], [55.28849792274257, -21.128158559752062], [55.28782422614435, -21.128057812362538], [55.28706778723317, -21.126193080611273], [55.28670582037527, -21.124684604285207], [55.28670444568237, -21.123547397841595], [55.28334228966763, -21.117737076523838], [55.28204302075919, -21.11537184530742], [55.282100770996955, -21.115372430802793], [55.28458410512394, -21.115140162773294], [55.28689587038294, -21.1140046782908], [55.28833099341395, -21.113428453489437], [55.289765899088664, -21.11287027870257], [55.2929919642408, -21.111406565218978], [55.29466791479945, -21.110473665445692], [55.29632301003133, -21.10984809659974], [55.2971087840568, -21.109652760948943], [55.2975942319478, -21.109626023791375], [55.29850608705483, -21.109600856760284], [55.29891358972236, -21.1096564328551], [55.30054457253335, -21.10751130083155], [55.30210749403626, -21.104871837773025], [55.30254322185908, -21.10426424414869], [55.3028189566468, -21.103632466025815], [55.30318221639075, -21.10275226400333], [55.30313191487235, -21.10167326988572], [55.302414515596745, -21.101446596306513], [55.30195606266022, -21.10147181275034], [55.30184499350561, -21.10150502409363], [55.30167210310863, -21.10155748776495], [55.30126401771414, -21.10172411508293], [55.3004354007645, -21.102135825240165], [55.298743351625454, -21.102803522983443], [55.29750306070034, -21.10323050624941], [55.29499483874625, -21.103258139071748], [55.29196121490817, -21.10272629525243], [55.29034354112332, -21.10126658931151], [55.29006332075612, -21.100412218822388], [55.29029577879009, -21.099385532431633], [55.29035573744995, -21.099360845902652], [55.29039554763442, -21.099330536668507], [55.29043836910097, -21.099289418733953], [55.29046762382279, -21.099256293288935], [55.29049170382576, -21.09917072691071], [55.29048875378772, -21.099092114036292], [55.29043903817504, -21.098894703322813]]]}";9742301;97423;974;4;974230102;Ecarts de Trois Bassins;Les Trois-Bassins;LA REUNION;Ecarts de Trois Bassins;LA REUNION;;4;;;;;;Iris d'habitat;1590;171.424813419;85.712406710;;180.487692571;;90.243846285;171.424813419;85;85.712406710;96.040819189;;96.040819189;91.332621890;;91.332621890;96.040819189;96;96.040819189;848.347942272;259.426880978;1062.387487043;212.066006710;97.479298020;97.410185136;97.479298020;73.945515399;83.077507434;73.945515399;115.112485273;116.018892913;115.112485273;111.900702206;115.975279876;111.900702206;84.229336169;88.380635498;84.229336169;96.040819189;91.332621890;96.040819189;111.900702206;;111.900702206;115.975279876;;115.975279876;111.900702206;111;111.900702206;199.341821442;;99.670910721;204.399528411;;102.199764206;199.341821442;99;99.670910721;;;;267.465632609;;89.155210870;271.820314461;;90.606771487;267.465632609;89;89.155210870;311.242523648;;103.747507883;320.374808287;;106.791602762;311.242523648;103;103.747507883;Polygon;13693.5;1;2229.204721351;1190.654662153;17.125220990;726.507730503;286.469917967;0.305802452;0.199612674;0.534116338;0.226901411;0.089469700;13693.5;13693.5;578.708156257;;592.195122748;;578.708156257;96;0.313710150;0.313932729;0.313710150;0.269945611;0.240272824;0.269945611;0.463995141;0.460370138;0.463995141;0.202770319;0.195646357;0.202770319;0.106221542;0.101232243;0.106221542;14258;14993;14258
Les Trois-Bassins;LA REUNION;CA Territoire de la Côte Ouest (Tco);LA REUNION;812.364667152;94.424462544;96.999553593;94.424462544;Non;974230201;97423;69;249740101;-21.1197919093, 55.2723727563;"{""type"": ""Polygon"", ""coordinates"": [[[55.27556575933867, -21.102944197097315], [55.27561537749644, -21.10298173500393], [55.27568387899521, -21.103051078673975], [55.275733416505496, -21.103178940608206], [55.27575223231629, -21.103383266209246], [55.27571641673131, -21.10348406578432], [55.275965719595106, -21.106400481633862], [55.27709367419355, -21.10758188339848], [55.27796801107001, -21.108610561630446], [55.27863336999598, -21.109437422765858], [55.27914350599033, -21.110186226266595], [55.2802071203272, -21.11223588266181], [55.281650296508225, -21.11486836609208], [55.281987299532545, -21.11536224786618], [55.28204302075919, -21.11537184530742], [55.28334228966763, -21.117737076523838], [55.28670444568237, -21.123547397841595], [55.28670582037527, -21.124684604285207], [55.28706778723317, -21.126193080611273], [55.28782422614435, -21.128057812362538], [55.28849792274257, -21.128158559752062], [55.28864962100938, -21.12802641152136], [55.28906244204733, -21.127706315213615], [55.28978046479954, -21.128223000840933], [55.290335095943675, -21.12930437299882], [55.29022457258017, -21.12937190433192], [55.28780915459364, -21.130878962920992], [55.2858102618349, -21.131908768910566], [55.28419441705557, -21.132862945399705], [55.28270543126974, -21.133834650251327], [55.28045352316911, -21.133840700697444], [55.279085102319954, -21.133789765517612], [55.27736940121857, -21.1338825158388], [55.27612780459886, -21.134186919358985], [55.27344948351454, -21.134851064596724], [55.27150221549368, -21.135567792865437], [55.27148877011272, -21.135564945872257], [55.27149456683532, -21.135563198561467], [55.27158005326062, -21.135497231181443], [55.271575303946804, -21.13540866476868], [55.27156342968779, -21.13527034719105], [55.271412725690475, -21.13448479274537], [55.27094282062336, -21.132334790023897], [55.269641210347146, -21.130842884354497], [55.26872497149152, -21.130039099861044], [55.2680204644059, -21.129224409800305], [55.26770475779671, -21.127815286301324], [55.26717025545384, -21.127253420569463], [55.2670134222085, -21.127163298075565], [55.26620098736792, -21.126743104473437], [55.265911846009686, -21.12660646443649], [55.265781619517234, -21.126546420301118], [55.26570309477657, -21.126593488145925], [55.26438227616803, -21.126101144415447], [55.2631201641943, -21.125275836008615], [55.2624936653546, -21.12455630105092], [55.26040679554242, -21.12210516250552], [55.26010147258221, -21.121335174888976], [55.25987252972978, -21.120784555835414], [55.25980881650746, -21.120634866548503], [55.25973059175639, -21.120491350865823], [55.259253914563764, -21.11984605552673], [55.25905377417146, -21.11959109143081], [55.25888164552282, -21.11941048078895], [55.25871971488082, -21.11926339473053], [55.258528157442456, -21.119097939182392], [55.25849384428611, -21.119068682761384], [55.25607757061343, -21.116439786389268], [55.25455921639375, -21.114697608823718], [55.25430456964548, -21.111821326971345], [55.25438562713658, -21.11172190224353], [55.25462736862013, -21.110887539806665], [55.254592783911356, -21.11055253300845], [55.25433068966434, -21.109835370330227], [55.25420550520129, -21.109675110554022], [55.25430794780282, -21.10964003613333], [55.25739997191105, -21.10948458521825], [55.25926547552488, -21.10957360512245], [55.260975931102514, -21.109369869714246], [55.26294155256232, -21.108538268012715], [55.26496224749226, -21.107852628253756], [55.2667856378386, -21.10849000647074], [55.26694696029803, -21.108606368207106], [55.26709285461538, -21.108642183240732], [55.267195105322635, -21.10862335724839], [55.267348022172435, -21.10855175767282], [55.26743638120222, -21.108485820761356], [55.26745579799381, -21.108471567315778], [55.267510544510216, -21.108398964052007], [55.26753303734638, -21.108368483621827], [55.26760170888227, -21.10825718310452], [55.26762579511216, -21.108089425640046], [55.26758981386198, -21.107623434849636], [55.26831148863015, -21.106813396434365], [55.26921022309629, -21.106093180144374], [55.27030817316277, -21.105705604074046], [55.2710633975255, -21.10540575319576], [55.27281509247038, -21.104557388636394], [55.274598718094325, -21.103667343678527], [55.275510630121325, -21.102967120782505], [55.27556575933867, -21.102944197097315]]]}";9742302;97423;974;4;974230201;La Souris Blanche;Les Trois-Bassins;LA REUNION;La Souris Blanche;LA REUNION;;4;;;;;;Iris d'habitat;1590;198.325075350;99.162537675;;209.530644761;;104.765322381;198.325075350;99;99.162537675;96.040819189;;96.040819189;91.332621890;;91.332621890;96.040819189;96;96.040819189;195.918416459;65.748417135;293.649380740;72.412782779;106.974796619;106.898951421;106.974796619;91.350278731;102.631693340;91.350278731;78.818261863;79.438885027;78.818261863;93.019027183;96.406076983;93.019027183;100.343591679;105.289092899;100.343591679;96.040819189;91.332621890;96.040819189;93.019027183;;93.019027183;96.406076983;;96.406076983;93.019027183;93;93.019027183;179.161853542;;89.580926771;184.727977926;;92.363988963;179.161853542;89;89.580926771;;;;294.365894539;;98.121964846;300.863266651;;100.287755550;294.365894539;98;98.121964846;272.180880725;;90.726960242;281.134054909;;93.711351636;272.180880725;90;90.726960242;Polygon;13693.5;1;588.834282667;215.344296045;15.934248078;153.224143731;86.587115003;0.335590795;0.246596068;0.365712905;0.188614978;0.106586510;13693.5;13693.5;566.546775264;;581.997321560;;566.546775264;94;0.313710150;0.313932729;0.313710150;0.269945611;0.240272824;0.269945611;0.463995141;0.460370138;0.463995141;0.202770319;0.195646357;0.202770319;0.106221542;0.101232243;0.106221542;14258;14993;14258
Petite-Île;LA REUNION;CA Civis (Communauté Intercommunale des Villes Solidaires);LA REUNION;2944.305920202;100.137574650;101.502476372;100.137574650;Non;974050101;97405;69;249740077;-21.3544467997, 55.5655126457;"{""type"": ""Polygon"", ""coordinates"": [[[55.57201748274978, -21.3565123919429], [55.57195175925299, -21.356528092751777], [55.570416237525684, -21.356666784334447], [55.56949601657587, -21.35699498173614], [55.56837516504495, -21.357428054932612], [55.56808678452787, -21.358922393664674], [55.56825069209322, -21.360313997544317], [55.56920576187687, -21.36071914776026], [55.569933873509065, -21.361309346531954], [55.569149435424386, -21.36218584673183], [55.56808289294589, -21.362993612978475], [55.56526619075088, -21.362786190466647], [55.564213296227116, -21.362712627484296], [55.56277765599481, -21.362598693848646], [55.56165885169082, -21.361482550181496], [55.56183312818197, -21.3607193863975], [55.56192197229838, -21.360113570822513], [55.56199726078102, -21.35956274129842], [55.56172888893889, -21.357074065152663], [55.55983529287895, -21.354580942881544], [55.5584024332651, -21.352407917618915], [55.558362167738856, -21.352384085770016], [55.5583385670373, -21.352332394184383], [55.5583112068533, -21.35227073385086], [55.55830623466814, -21.35218758612868], [55.55831403638639, -21.352178619945587], [55.559647432369786, -21.351998106408857], [55.5603375469994, -21.350744349088114], [55.56065002200938, -21.35004695700454], [55.560779545634794, -21.349718356388113], [55.560819337660874, -21.349593136346297], [55.56088102882352, -21.349397645228013], [55.5610324047388, -21.34811442571167], [55.56115188240137, -21.34713535034795], [55.56239392815296, -21.346825307297845], [55.56305381708475, -21.347282612353244], [55.56432129327341, -21.347981919292636], [55.56549993738509, -21.348383888655007], [55.56759149228906, -21.347586836147034], [55.57080567436238, -21.34753212138335], [55.57137450202322, -21.348832320976637], [55.57111031612835, -21.35062135655547], [55.570957241413275, -21.351591122580906], [55.57047350409895, -21.35293585357964], [55.57113012045583, -21.354819701653195], [55.57197061310802, -21.356473150623447], [55.572002423107804, -21.356474324465722], [55.57201748274978, -21.3565123919429]]]}";9740501;97405;974;4;974050101;Centre Ville;Petite-Île;LA REUNION;Centre Ville;LA REUNION;;4;;;;;;Iris d'habitat;2290;172.613733295;86.306866648;;179.297989327;;89.648994664;172.613733295;86;86.306866648;98.358206224;;98.358206224;102.681975494;;102.681975494;98.358206224;98;98.358206224;889.937520495;208.082791304;1217.245220544;322.283782751;74.532909895;76.021992616;74.532909895;98.080823400;103.275996711;98.080823400;100.817357160;98.939236335;100.817357160;68.417711313;70.360535638;68.417711313;160.618439909;157.735121437;160.618439909;98.358206224;102.681975494;98.358206224;68.417711313;;68.417711313;70.360535638;;70.360535638;68.417711313;68;68.417711313;261.435797069;;130.717898535;256.674357772;;128.337178886;261.435797069;130;130.717898535;14235;;;270.971939519;;90.323979840;281.979964821;;93.993321607;270.971939519;90;90.323979840;329.853508383;;109.951169461;327.034893411;;109.011631137;329.853508383;109;109.951169461;Polygon;14023.913043478;1;2148.676333486;1005.124227069;39.478512093;408.465948994;502.332106669;0.233817303;0.264764878;0.467787638;0.138730811;0.170611384;14023.913043478;14235;600.825447902;;609.014858231;;600.825447902;100;0.313710150;0.307565344;0.313710150;0.269945611;0.256366326;0.269945611;0.463995141;0.472802960;0.463995141;0.202770319;0.197171340;0.202770319;0.106221542;0.108163218;0.106221542;14258;13657.619047619;14258
Petite-Île;LA REUNION;CA Civis (Communauté Intercommunale des Villes Solidaires);LA REUNION;5058.373470625;96.059138563;97.533750869;96.059138563;Non;974050102;97405;69;249740077;-21.341473751, 55.5696091923;"{""type"": ""Polygon"", ""coordinates"": [[[55.538758082161245, -21.349555311815195], [55.53874475425175, -21.349538032968894], [55.53868897105622, -21.349426440495154], [55.53864547401224, -21.34924269009351], [55.538640148750204, -21.349099017449372], [55.538646506675335, -21.349041260917758], [55.53869452861591, -21.348963090743236], [55.53920489683772, -21.34834966600636], [55.53927295926992, -21.34829244606456], [55.53936118797786, -21.348243531253654], [55.54059755189774, -21.346807625775213], [55.54130788749367, -21.345033820978635], [55.541596844341335, -21.344089659425038], [55.54252420072183, -21.341085613873975], [55.54318820735234, -21.33877437637358], [55.54422894620984, -21.33638826218186], [55.54429011886389, -21.336344529776632], [55.54432421755248, -21.336308692637747], [55.54434880040459, -21.336260126677587], [55.54435942148082, -21.336160854236518], [55.54436898934675, -21.33607060580138], [55.54434778753273, -21.335971961012305], [55.544331058412105, -21.335908584178135], [55.54418001061173, -21.33568054408308], [55.54416290718902, -21.335655103144113], [55.543954034416906, -21.335424755277643], [55.54398510706187, -21.33540244167514], [55.54503423455103, -21.335583157876492], [55.54630595600011, -21.33658867775953], [55.54750898025389, -21.337659605626087], [55.549316268141986, -21.337710447428343], [55.550311864003504, -21.337454368523368], [55.551302107034324, -21.33715397495254], [55.55179314031497, -21.337027226863054], [55.552387646359726, -21.337311022259467], [55.55349863791751, -21.338141929422626], [55.55402258665271, -21.33896055235675], [55.55428798264072, -21.33991854411451], [55.55430568939231, -21.339981025252737], [55.55435188500612, -21.340088013981106], [55.554492719125044, -21.340376480070294], [55.55458366076582, -21.3405416659096], [55.554621666781145, -21.34059890175612], [55.5546862868103, -21.340695209114912], [55.554824407555955, -21.34086712389227], [55.55505232178036, -21.341124722521304], [55.55515642607014, -21.3412258858682], [55.55521864996954, -21.341271586752853], [55.55525704576475, -21.34128907992664], [55.555295574300274, -21.3412930244957], [55.55533233391453, -21.341280694160147], [55.55669577766045, -21.340581502450185], [55.55693468600611, -21.340405601237606], [55.55703668466784, -21.340327888721575], [55.55717495553432, -21.340189062099977], [55.55728057074845, -21.340037308519104], [55.55752199532427, -21.33960398274069], [55.55756953481998, -21.339475216575128], [55.55758035059895, -21.339355168302387], [55.55757020500892, -21.33930810873666], [55.55875406149482, -21.337497180185885], [55.56065796829867, -21.335304886955473], [55.56142113565385, -21.33426176586878], [55.56324359163865, -21.33215817003419], [55.56471041180933, -21.330631446243622], [55.565657304838844, -21.330022561874163], [55.566761076953604, -21.329086625913952], [55.56860182980972, -21.327126323038627], [55.56874869071195, -21.3266957859511], [55.569355990066015, -21.3257091084361], [55.56966011970278, -21.325315138136954], [55.57031990355843, -21.32472126929974], [55.57114427540569, -21.324025168491552], [55.573212405062534, -21.322932774675394], [55.574350327637184, -21.320977473391086], [55.57676530669404, -21.318374678598126], [55.577572407381915, -21.317553158944616], [55.57833953959598, -21.316977001444336], [55.579158913149, -21.317082388775013], [55.57930750850308, -21.317168556772806], [55.57954125269832, -21.317322289979376], [55.57958402172936, -21.31748615312428], [55.57958534081642, -21.317649666150974], [55.57949820195829, -21.31778894551532], [55.57926909987937, -21.318054394341228], [55.579197089116384, -21.318124245292896], [55.57908827497513, -21.318111582646146], [55.57903902624248, -21.31812019974948], [55.578967197904376, -21.318171082310055], [55.578032442041845, -21.318934619909676], [55.57792841071265, -21.31902587927576], [55.577837570210924, -21.319148866496153], [55.57780448038206, -21.31928137535754], [55.57776033440261, -21.319460763573986], [55.57777052717486, -21.319603575073142], [55.57778842111162, -21.31984762406078], [55.57799168541564, -21.321464487469584], [55.57815898157496, -21.323445150180458], [55.57731436539009, -21.32477260227139], [55.57682821329342, -21.32574904546486], [55.57708608690374, -21.326500987046394], [55.5783018916337, -21.327692821461426], [55.58061186438026, -21.32799417949428], [55.58093084280644, -21.328008615823002], [55.58113641405579, -21.327985961356138], [55.581352745799414, -21.32794713760124], [55.58245973658415, -21.327725225106565], [55.584542210646674, -21.327220650964712], [55.58535251540843, -21.327197436371755], [55.58632662081523, -21.32753647428743], [55.58674364813485, -21.327681803090808], [55.58670493152445, -21.32769773745985], [55.58549025229768, -21.328191576549145], [55.58514605925985, -21.32909742562494], [55.585169726183345, -21.331053324938313], [55.58525548367686, -21.33206396477308], [55.58551409980855, -21.332945077229816], [55.585580400244396, -21.333169659943064], [55.58570709891081, -21.33342998060615], [55.58581358436736, -21.333586248666226], [55.58589490616807, -21.333651972382476], [55.587868360060845, -21.334735712201617], [55.58947553591831, -21.335587177966154], [55.58976569496392, -21.336500166187438], [55.5895222939915, -21.339267721342136], [55.58899892837159, -21.342171132649593], [55.58903927776896, -21.342438404221188], [55.58909656664115, -21.342749177666956], [55.589317537381376, -21.34394093881092], [55.58956545800398, -21.344936452663447], [55.58955225498619, -21.347022120022224], [55.589294350231846, -21.347775134080717], [55.589260763404305, -21.348564358080726], [55.58926257279075, -21.34918134422885], [55.589414647329924, -21.3500414576307], [55.5895501609605, -21.350768191403336], [55.5896448078181, -21.35206254735052], [55.58945648323989, -21.353554161347606], [55.58921155210728, -21.354883403870577], [55.588999750360045, -21.35568487981947], [55.58904628583461, -21.356967991131945], [55.58906773627361, -21.357044050598972], [55.5890857969047, -21.3570713020797], [55.588168717503336, -21.357377047034536], [55.58623151013041, -21.356968705107708], [55.58301467352812, -21.35666381809807], [55.58012402127632, -21.355883771371865], [55.57845708154156, -21.35560228494284], [55.57551598296667, -21.356255303158747], [55.5721840261708, -21.356441542632602], [55.57201748274978, -21.3565123919429], [55.572002423107804, -21.356474324465722], [55.57197061310802, -21.356473150623447], [55.57113012045583, -21.354819701653195], [55.57047350409895, -21.35293585357964], [55.570957241413275, -21.351591122580906], [55.57111031612835, -21.35062135655547], [55.57137450202322, -21.348832320976637], [55.57080567436238, -21.34753212138335], [55.56759149228906, -21.347586836147034], [55.56549993738509, -21.348383888655007], [55.56432129327341, -21.347981919292636], [55.56305381708475, -21.347282612353244], [55.56239392815296, -21.346825307297845], [55.56115188240137, -21.34713535034795], [55.5610324047388, -21.34811442571167], [55.56088102882352, -21.349397645228013], [55.560819337660874, -21.349593136346297], [55.560779545634794, -21.349718356388113], [55.56065002200938, -21.35004695700454], [55.5603375469994, -21.350744349088114], [55.559647432369786, -21.351998106408857], [55.55831403638639, -21.352178619945587], [55.55830623466814, -21.35218758612868], [55.5583112068533, -21.35227073385086], [55.5583385670373, -21.352332394184383], [55.558362167738856, -21.352384085770016], [55.55829459617333, -21.352391635549942], [55.55821177456614, -21.35238098806818], [55.557864671834885, -21.35227954641444], [55.556708466933436, -21.351843249199245], [55.55463584127829, -21.3512996954354], [55.55213212777714, -21.351108758369556], [55.54906205844893, -21.350978382594], [55.546831704437515, -21.350911675564124], [55.54558489759129, -21.350916239375334], [55.544127807645836, -21.35102646528836], [55.54379029020715, -21.351029862346458], [55.539612862909706, -21.349799413585885], [55.538758082161245, -21.349555311815195]]]}";9740501;97405;974;4;974050102;La Ravine du Pont-Manapany Les Hauts;Petite-Île;LA REUNION;La Ravine du Pont-Manapany Les Hauts;LA REUNION;;4;;;;;;Iris d'habitat;2290;161.737112380;80.868556190;;167.828189532;;83.914094766;161.737112380;80;80.868556190;98.358206224;;98.358206224;102.681975494;;102.681975494;98.358206224;98;98.358206224;1491.417806624;351.139236126;1956.851720052;457.918363930;75.050132885;76.549549134;75.050132885;86.686979495;91.278640399;86.686979495;111.607781832;109.528646798;111.607781832;90.311345964;92.875873137;90.311345964;114.340384980;112.287820254;114.340384980;98.358206224;102.681975494;98.358206224;90.311345964;;90.311345964;92.875873137;;92.875873137;90.311345964;90;90.311345964;225.948166812;;112.974083406;221.816467052;;110.908233526;225.948166812;112;112.974083406;10728;;;260.095318605;;86.698439535;270.510165026;;90.170055009;260.095318605;86;86.698439535;316.259512776;;105.419837592;314.692340189;;104.897446730;316.259512776;105;105.419837592;Polygon;14023.913043478;1;3479.546422112;1801.899413651;47.435512621;926.312638947;614.360298608;0.235439884;0.234007697;0.517854684;0.183124604;0.121454120;14023.913043478;10728;576.354831381;;585.202505215;;576.354831381;96;0.313710150;0.307565344;0.313710150;0.269945611;0.256366326;0.269945611;0.463995141;0.472802960;0.463995141;0.202770319;0.197171340;0.202770319;0.106221542;0.108163218;0.106221542;14258;13657.619047619;14258
Petite-Île;LA REUNION;CA Civis (Communauté Intercommunale des Villes Solidaires);LA REUNION;2194.129831263;92.213839956;93.562510381;92.213839956;Non;974050103;97405;69;249740077;-21.3630118718, 55.5611589885;"{""type"": ""Polygon"", ""coordinates"": [[[55.58316692100745, -21.37241496706894], [55.5831649923801, -21.372414950785906], [55.58311974786801, -21.372406438901365], [55.582891006282274, -21.372325015234647], [55.582683948544926, -21.37229526368261], [55.58209448644342, -21.372468238404192], [55.580831559726064, -21.372974262029086], [55.57833032962394, -21.374180250025525], [55.57596212817187, -21.37508923254609], [55.574477276201655, -21.375721128222054], [55.57199084211704, -21.376267734579383], [55.57156850301134, -21.376160709854258], [55.56938045256179, -21.375544524529435], [55.56773019761166, -21.374618548752927], [55.566766572503965, -21.373746299268575], [55.56535875031169, -21.37308297862708], [55.56498611209275, -21.372924422195716], [55.56404742653603, -21.37256319627661], [55.56306519697348, -21.372316313470805], [55.56283792969085, -21.372282751293486], [55.56263237417703, -21.372297250468176], [55.56252971700568, -21.372341536902095], [55.56246531448524, -21.372418670305212], [55.56234792801517, -21.37248992988905], [55.56225778014389, -21.37253703325539], [55.561751110148165, -21.37277206996594], [55.56133633689448, -21.37287962228018], [55.56099655298689, -21.372961620484464], [55.55979742639249, -21.37285377560151], [55.557790334036476, -21.37238217155053], [55.55647055735393, -21.3720554833965], [55.556026973003306, -21.371790694156243], [55.55555916095259, -21.371455604094916], [55.555181615297684, -21.37130737240353], [55.55473582961581, -21.37123397884315], [55.554255757265125, -21.37141140963361], [55.55376227853665, -21.37167724806729], [55.55258153600412, -21.372815855400205], [55.551289237287115, -21.374067759220654], [55.550454334961884, -21.37392366014547], [55.54992874998545, -21.37364861484403], [55.54975937754961, -21.373318345953795], [55.549710474787325, -21.37299611877246], [55.54978534726865, -21.372444165291764], [55.54986029857232, -21.372177884551498], [55.54998424717103, -21.37183253573643], [55.5500145244406, -21.37159793642112], [55.549876765577224, -21.371387177901493], [55.54947639848528, -21.370913092780256], [55.54903773991842, -21.370459451907568], [55.54830454507835, -21.369851506325713], [55.54677919420026, -21.36874891292404], [55.54552292530135, -21.367841043697098], [55.54536390069513, -21.36773397825847], [55.545144190014064, -21.367620063496954], [55.54479519709598, -21.367609811614486], [55.54430243943297, -21.367704902784403], [55.54381335073525, -21.367818993811927], [55.542842562316594, -21.36730019864909], [55.54048515716056, -21.36594417397757], [55.53979549027566, -21.365425999718813], [55.53876870308878, -21.36443110316137], [55.5387272889888, -21.364328668776995], [55.53867328604098, -21.364231544645758], [55.53859123953233, -21.36414230613711], [55.538479221024275, -21.364060936422078], [55.5382242928884, -21.363901541022535], [55.53725452780902, -21.363551417222595], [55.536496914019075, -21.36334721533254], [55.53638042114648, -21.363328133541106], [55.53625901475716, -21.36302717672581], [55.53618960415625, -21.362928110921825], [55.53606025497798, -21.362747224690555], [55.53595935720477, -21.36261446182151], [55.535924291162985, -21.36255273106422], [55.53587982160195, -21.362369875019535], [55.53586535453944, -21.362273094891478], [55.535842766055794, -21.362120238835065], [55.535801248588825, -21.361834431405565], [55.53580158343384, -21.361752233296276], [55.53582205025676, -21.36168195377327], [55.5358487485978, -21.36161534182578], [55.536332892078065, -21.36063857075465], [55.536374071164026, -21.3605702783229], [55.536388785662304, -21.360545113968367], [55.537398353106376, -21.358122204978315], [55.53819497460194, -21.356554674525793], [55.53810454403728, -21.35563431839619], [55.537740432979405, -21.354044517759675], [55.53782121024689, -21.352726808489194], [55.538451372131405, -21.35082811682767], [55.53880435623824, -21.35033436770429], [55.53889234126684, -21.35011562879835], [55.538903916628925, -21.349920614509845], [55.53890103592195, -21.349822128644504], [55.53885976842466, -21.349705242634176], [55.53879617343129, -21.349603518643825], [55.538758082161245, -21.349555311815195], [55.539612862909706, -21.349799413585885], [55.54379029020715, -21.351029862346458], [55.544127807645836, -21.35102646528836], [55.54558489759129, -21.350916239375334], [55.546831704437515, -21.350911675564124], [55.54906205844893, -21.350978382594], [55.55213212777714, -21.351108758369556], [55.55463584127829, -21.3512996954354], [55.556708466933436, -21.351843249199245], [55.557864671834885, -21.35227954641444], [55.55821177456614, -21.35238098806818], [55.55829459617333, -21.352391635549942], [55.558362167738856, -21.352384085770016], [55.5584024332651, -21.352407917618915], [55.55983529287895, -21.354580942881544], [55.56172888893889, -21.357074065152663], [55.56199726078102, -21.35956274129842], [55.56192197229838, -21.360113570822513], [55.56183312818197, -21.3607193863975], [55.56165885169082, -21.361482550181496], [55.56277765599481, -21.362598693848646], [55.564213296227116, -21.362712627484296], [55.56526619075088, -21.362786190466647], [55.56808289294589, -21.362993612978475], [55.569149435424386, -21.36218584673183], [55.569933873509065, -21.361309346531954], [55.56920576187687, -21.36071914776026], [55.56825069209322, -21.360313997544317], [55.56808678452787, -21.358922393664674], [55.56837516504495, -21.357428054932612], [55.56949601657587, -21.35699498173614], [55.570416237525684, -21.356666784334447], [55.57195175925299, -21.356528092751777], [55.57201748274978, -21.3565123919429], [55.5721840261708, -21.356441542632602], [55.57551598296667, -21.356255303158747], [55.57845708154156, -21.35560228494284], [55.58012402127632, -21.355883771371865], [55.58301467352812, -21.35666381809807], [55.58623151013041, -21.356968705107708], [55.588168717503336, -21.357377047034536], [55.5890857969047, -21.3570713020797], [55.58913334175413, -21.357141257531435], [55.58932919013225, -21.357332601081943], [55.589156209662406, -21.3584411599676], [55.58880804595054, -21.359591951601015], [55.58806943687173, -21.36054996542896], [55.58735875651283, -21.361824743597605], [55.58716886101769, -21.362794899702305], [55.587228086948386, -21.363054651821056], [55.587211853226286, -21.363138524236803], [55.58716020194185, -21.363194998888584], [55.58709995029304, -21.363243271231912], [55.58706708763857, -21.363251124547876], [55.58699073818223, -21.363268548381463], [55.585354348640976, -21.363812116640215], [55.58367616269507, -21.36408793243883], [55.58308825110227, -21.364153430218206], [55.58280154167848, -21.364886313683805], [55.58253541723643, -21.365684409430383], [55.58241440315181, -21.36663503642816], [55.582310672804816, -21.368294464505194], [55.58274497167058, -21.36956233012024], [55.58335902206425, -21.371593663462097], [55.58326880136158, -21.37194971361597], [55.58318412267881, -21.37233110345993], [55.58316692100745, -21.37241496706894]]]}";9740501;97405;974;4;974050103;Manapany Les Bas-Anse Les Bas;Petite-Île;LA REUNION;Manapany Les Bas-Anse Les Bas;LA REUNION;;4;;;;;;Iris d'habitat;2290;139.825715841;69.912857921;;145.479032952;;72.739516476;139.825715841;69;69.912857921;98.358206224;;98.358206224;102.681975494;;102.681975494;98.358206224;98;98.358206224;651.696886854;108.638627066;847.372454950;198.292004204;53.138593080;54.200241698;53.138593080;86.687122761;91.278791254;86.687122761;101.120052443;99.236292725;101.120052443;82.849766616;85.202410964;82.849766616;131.129298611;128.775350153;131.129298611;98.358206224;102.681975494;98.358206224;82.849766616;;82.849766616;85.202410964;;85.202410964;82.849766616;82;82.849766616;232.249351055;;116.124675527;228.011642879;;114.005821439;232.249351055;116;116.124675527;13626;;;238.183922065;;79.394640688;248.161008445;;82.720336148;238.183922065;79;79.394640688;315.099117670;;105.033039223;313.214053843;;104.404684614;315.099117670;105;105.033039223;Polygon;14023.913043478;1;1641.978001365;770.403155053;27.276975286;368.602261365;305.614997013;0.166701160;0.234008084;0.469192129;0.167994736;0.139287563;14023.913043478;13626;553.283039736;;561.375062288;;553.283039736;92;0.313710150;0.307565344;0.313710150;0.269945611;0.256366326;0.269945611;0.463995141;0.472802960;0.463995141;0.202770319;0.197171340;0.202770319;0.106221542;0.108163218;0.106221542;14258;13657.619047619;14258
Petite-Île;LA REUNION;CA Civis (Communauté Intercommunale des Villes Solidaires);LA REUNION;2004.605520182;99.547613967;100.645160402;99.547613967;Non;974050201;97405;69;249740077;-21.3241067458, 55.5617851462;"{""type"": ""Polygon"", ""coordinates"": [[[55.543705211814135, -21.334748727641283], [55.54372299271964, -21.33470552269635], [55.543806756984786, -21.33461953048374], [55.54451688921852, -21.333686236414756], [55.545042535136574, -21.332004301345872], [55.544889583559105, -21.33130968389322], [55.54461283973085, -21.33031228764506], [55.54413876434293, -21.32864879467091], [55.543832192941345, -21.32754861287389], [55.54381353027022, -21.327046208695624], [55.54382154760378, -21.326575651594986], [55.544046670895305, -21.326232535585213], [55.54575779578842, -21.324140365337918], [55.54745561501888, -21.32221968981099], [55.54836330865649, -21.32128446754049], [55.549265970314835, -21.321252512430483], [55.55062861347727, -21.320814412470448], [55.551836522998734, -21.3202286311069], [55.55322778068881, -21.31937748790629], [55.55560106369128, -21.318212737489173], [55.55858018912383, -21.316950167230257], [55.56119120712231, -21.31596442184232], [55.56183626595671, -21.315802373518924], [55.56247522279073, -21.315821386256285], [55.56454521671774, -21.31609290078486], [55.56737994009309, -21.316437752355853], [55.5679479029506, -21.31642181340219], [55.568026096064685, -21.316410736050788], [55.56812471587063, -21.316380862821177], [55.56822822541047, -21.316343804584825], [55.5683125349089, -21.31629845292784], [55.56837275460717, -21.316251992830736], [55.56939346233771, -21.31527650902155], [55.57069194355159, -21.31393662997406], [55.57248078815346, -21.31242701232551], [55.57295573455768, -21.312159142141933], [55.572965417349884, -21.312154707674036], [55.5730380426372, -21.312120997521003], [55.575026755312976, -21.311456964168165], [55.576688149480596, -21.311026833450626], [55.57734105665653, -21.310946992697637], [55.577896928098895, -21.31098330966277], [55.57864599146548, -21.31087853194671], [55.579313748570875, -21.310407217128677], [55.5799928078096, -21.309912960022803], [55.580667890932965, -21.308828794181114], [55.58074730280531, -21.307285678991153], [55.58160858979626, -21.305078436694004], [55.58234124186851, -21.303917964415845], [55.582752284042165, -21.30377553989903], [55.58324253807511, -21.303715984183718], [55.58337495387453, -21.30377942875426], [55.58400726728868, -21.304084656346895], [55.58447071253017, -21.304308064807984], [55.58446875883119, -21.30431075835504], [55.58363277888107, -21.307151011762016], [55.583769594617074, -21.30796244840279], [55.58397930926747, -21.308761626170103], [55.58424250377609, -21.309512925806786], [55.58479607525394, -21.310845475502543], [55.58528551817795, -21.312231683925123], [55.585319703780584, -21.31238644046339], [55.58531183510058, -21.31260407620735], [55.58527752157885, -21.312764579882213], [55.5852312393665, -21.312866266585402], [55.58496916005218, -21.313255202624447], [55.58259234827956, -21.315822316256284], [55.58202691080702, -21.316378515248353], [55.57934460062612, -21.318122781596514], [55.579197089116384, -21.318124245292896], [55.57926909987937, -21.318054394341228], [55.57949820195829, -21.31778894551532], [55.57958534081642, -21.317649666150974], [55.57958402172936, -21.31748615312428], [55.57954125269832, -21.317322289979376], [55.57930750850308, -21.317168556772806], [55.579158913149, -21.317082388775013], [55.57833953959598, -21.316977001444336], [55.577572407381915, -21.317553158944616], [55.57676530669404, -21.318374678598126], [55.574350327637184, -21.320977473391086], [55.573212405062534, -21.322932774675394], [55.57114427540569, -21.324025168491552], [55.57031990355843, -21.32472126929974], [55.56966011970278, -21.325315138136954], [55.569355990066015, -21.3257091084361], [55.56874869071195, -21.3266957859511], [55.56860182980972, -21.327126323038627], [55.566761076953604, -21.329086625913952], [55.565657304838844, -21.330022561874163], [55.56471041180933, -21.330631446243622], [55.56324359163865, -21.33215817003419], [55.56142113565385, -21.33426176586878], [55.56065796829867, -21.335304886955473], [55.55875406149482, -21.337497180185885], [55.55757020500892, -21.33930810873666], [55.55758035059895, -21.339355168302387], [55.55756953481998, -21.339475216575128], [55.55752199532427, -21.33960398274069], [55.55728057074845, -21.340037308519104], [55.55717495553432, -21.340189062099977], [55.55703668466784, -21.340327888721575], [55.55693468600611, -21.340405601237606], [55.55669577766045, -21.340581502450185], [55.55533233391453, -21.341280694160147], [55.555295574300274, -21.3412930244957], [55.55525704576475, -21.34128907992664], [55.55521864996954, -21.341271586752853], [55.55515642607014, -21.3412258858682], [55.55505232178036, -21.341124722521304], [55.554824407555955, -21.34086712389227], [55.5546862868103, -21.340695209114912], [55.554621666781145, -21.34059890175612], [55.55458366076582, -21.3405416659096], [55.554492719125044, -21.340376480070294], [55.55435188500612, -21.340088013981106], [55.55430568939231, -21.339981025252737], [55.55428798264072, -21.33991854411451], [55.55402258665271, -21.33896055235675], [55.55349863791751, -21.338141929422626], [55.552387646359726, -21.337311022259467], [55.55179314031497, -21.337027226863054], [55.551302107034324, -21.33715397495254], [55.550311864003504, -21.337454368523368], [55.549316268141986, -21.337710447428343], [55.54750898025389, -21.337659605626087], [55.54630595600011, -21.33658867775953], [55.54503423455103, -21.335583157876492], [55.54398510706187, -21.33540244167514], [55.543954034416906, -21.335424755277643], [55.54392204112174, -21.335344986518137], [55.54372466435585, -21.334926848887875], [55.54369685740362, -21.334813693785804], [55.54370323912951, -21.334753227111946], [55.543705211814135, -21.334748727641283]]]}";9740502;97405;974;4;974050201;Piton Goyaves;Petite-Île;LA REUNION;Piton Goyaves;LA REUNION;;4;;;;;;Iris d'habitat;2290;143.870270134;71.935135067;;149.422872253;;74.711436126;143.870270134;71;71.935135067;98.358206224;;98.358206224;102.681975494;;102.681975494;98.358206224;98;98.358206224;606.222581450;119.214206204;795.521748665;174.342275855;62.685534211;63.937919849;62.685534211;81.184735923;85.484952404;81.184735923;129.789791247;127.371944592;129.789791247;68.408954232;70.351529886;68.408954232;156.858461967;154.042640190;156.858461967;98.358206224;102.681975494;98.358206224;68.408954232;;68.408954232;70.351529886;;70.351529886;68.408954232;68;68.408954232;286.648253214;;143.324126607;281.414584782;;140.707292391;286.648253214;143;143.324126607;10100;;;242.228476358;;80.742825453;252.104847746;;84.034949249;242.228476358;80;80.742825453;355.057207446;;118.352402482;351.766114668;;117.255371556;355.057207446;118;118.352402482;Polygon;14023.913043478;1;1478.866681429;890.600614855;2.434960730;278.064954827;334.002314176;0.196650883;0.219154632;0.602218324;0.138713055;0.166617477;14023.913043478;10100;597.285683804;;603.870962414;;597.285683804;99;0.313710150;0.307565344;0.313710150;0.269945611;0.256366326;0.269945611;0.463995141;0.472802960;0.463995141;0.202770319;0.197171340;0.202770319;0.106221542;0.108163218;0.106221542;14258;13657.619047619;14258
Saint-André;LA REUNION;CA Intercommunale de la Réunion Est (Cirest);LA REUNION;3264.249931239;83.100512656;86.762127785;83.100512656;Non;974090801;97409;69;249740093;-20.9783687874, 55.6103146844;"{""type"": ""Polygon"", ""coordinates"": [[[55.578308154636154, -20.991255330743726], [55.578329888120244, -20.991194987240874], [55.578815155422454, -20.989265852285275], [55.58062125555415, -20.986657562422543], [55.581671241022114, -20.98552830337066], [55.582424649165674, -20.98463505570822], [55.58359209060752, -20.98305779081122], [55.58455697146388, -20.981844694356553], [55.58595740519198, -20.9801110323936], [55.58766815151994, -20.978105307902425], [55.588168653070525, -20.97755659893298], [55.58858148468201, -20.977227582346984], [55.58902235901059, -20.977036107955225], [55.58934245321702, -20.976903254273022], [55.589847282858415, -20.97650724389703], [55.590519352144916, -20.975815860838704], [55.5912679366834, -20.974759245397628], [55.5922376851767, -20.973193601370117], [55.59318969826975, -20.971773697428258], [55.594168743952565, -20.97064941020711], [55.59549498976818, -20.969832863889422], [55.596571346903964, -20.969202148794015], [55.59904355556378, -20.96771160994541], [55.60000791609147, -20.967330635062144], [55.60114180286479, -20.96712855747575], [55.604051980051715, -20.966160068628078], [55.60603479050392, -20.96562750033285], [55.60661809920911, -20.965471921913867], [55.60717583839162, -20.96532516618304], [55.607903147412834, -20.965197860939362], [55.60851355175091, -20.965075921792963], [55.60929253307353, -20.964768810160667], [55.61042995383251, -20.964077071660906], [55.61055482043047, -20.96399046267025], [55.6106343960503, -20.963913421497722], [55.61072868051872, -20.963805785592616], [55.61079714132463, -20.963682581887554], [55.61084513140257, -20.96358902252831], [55.61100792145665, -20.963144987750223], [55.611039787954496, -20.96302690594831], [55.611063835862275, -20.962922310980396], [55.61108072604582, -20.962290992995722], [55.61130621759209, -20.961461729574477], [55.6125343689565, -20.960417947975014], [55.61316350905998, -20.9601773201497], [55.61368562596633, -20.959993695536802], [55.61426585009291, -20.959752244067865], [55.61491441868801, -20.959294988343526], [55.61574883791266, -20.95869875150769], [55.61660399604142, -20.957954551865427], [55.61897356544467, -20.956728489331837], [55.62110662686189, -20.954611505965755], [55.62279425753553, -20.952946675197072], [55.62291538547099, -20.95284647545517], [55.623056467468494, -20.95277263459206], [55.623178964578614, -20.952732971785863], [55.623325311938686, -20.952714279039448], [55.62348680548812, -20.95272190628348], [55.62363758909795, -20.952743900928763], [55.62381216532511, -20.952793188686016], [55.62407847869309, -20.95290645268939], [55.62418263422501, -20.952979562999356], [55.62427615425373, -20.953058911073224], [55.62467677658792, -20.953523767045414], [55.625649174730114, -20.954773295625856], [55.62611039754493, -20.95534297678867], [55.6268654619282, -20.955750609115896], [55.627549178831, -20.955862260280423], [55.62860609078861, -20.955968328621974], [55.62940961026506, -20.955914263094076], [55.62953584818338, -20.95588636972828], [55.62962758227642, -20.955845551707984], [55.63016264635406, -20.95533131317984], [55.63284707307858, -20.953630569143478], [55.63448128087239, -20.95150581996059], [55.634461447668244, -20.951465912536808], [55.63445744287721, -20.951377349454027], [55.63445207223347, -20.95122734574835], [55.6344723617793, -20.95111097247694], [55.634478197008, -20.951103792176742], [55.634535579458706, -20.951032884774907], [55.63460238944414, -20.950982830517813], [55.6348446218584, -20.950889011621037], [55.63506649636924, -20.950813096994796], [55.6352832923186, -20.95076695290447], [55.635416882087426, -20.950776152241225], [55.6354693773884, -20.95081993440711], [55.635513128153335, -20.95087358375467], [55.636589426508344, -20.950649617351818], [55.637118920706456, -20.94983489099454], [55.637160297757205, -20.9497259128161], [55.63783592668904, -20.95009175835833], [55.63819754144977, -20.95030151989543], [55.639032187702455, -20.950842982731896], [55.638963390573124, -20.950900249972396], [55.63891871534922, -20.950948675904584], [55.638862239328056, -20.95102591576855], [55.6388076129369, -20.951111300783868], [55.638760589499434, -20.951206683631415], [55.63872592805661, -20.95131752257763], [55.638683587396706, -20.95153309216788], [55.6385819071799, -20.952248659906893], [55.63949375435169, -20.952868427828808], [55.64097440800495, -20.953865820874476], [55.642413576441, -20.954880035794865], [55.64376595609344, -20.955922457224553], [55.64366035440519, -20.957128532650945], [55.64272881023938, -20.960152860815224], [55.642602038270844, -20.962877345933432], [55.64368524492255, -20.963700815839147], [55.644604803487624, -20.963688255682353], [55.64474814475082, -20.96368397509782], [55.6449531483828, -20.963667537262225], [55.645078331379246, -20.96365046473993], [55.6453086156449, -20.963603512510062], [55.64575297328904, -20.963494120853966], [55.64581554028931, -20.963488294249412], [55.6457055774485, -20.96373765681625], [55.6456133315064, -20.963941991079086], [55.64548969266121, -20.964214732666893], [55.64542605950347, -20.964338893379768], [55.64536452864168, -20.964443196421037], [55.64529821360355, -20.964544751274325], [55.64478563562699, -20.965286868056904], [55.64594171045649, -20.968061300178224], [55.64595679703485, -20.96809484507091], [55.64591224052342, -20.968129722866276], [55.64586006342351, -20.968156409687793], [55.645798244665755, -20.968185730020608], [55.645661232451786, -20.968234327162502], [55.645592730382226, -20.968258174032975], [55.64545958935359, -20.968304091632803], [55.645404640880514, -20.968318108974202], [55.645340164680825, -20.96832211339726], [55.643464369221, -20.969102498043238], [55.6416724996665, -20.96995784735868], [55.64064617005288, -20.970791837676703], [55.63986068973276, -20.97142132204147], [55.638973268936056, -20.972022209427873], [55.63775003221545, -20.97277059387672], [55.636696998040044, -20.97219643291492], [55.63540789256529, -20.971670287064693], [55.63310009581201, -20.9712660498654], [55.631718904465494, -20.97153410832662], [55.63164370793129, -20.971553378776306], [55.63155597587854, -20.9715761620272], [55.63147684189426, -20.971605337905427], [55.63113972254151, -20.971764334306453], [55.63106143496721, -20.971806164027807], [55.63098020454469, -20.971854293691514], [55.63089696832163, -20.971911440945206], [55.630834997302756, -20.971957015145534], [55.6307594549037, -20.97201422414366], [55.630646601498874, -20.97210229970676], [55.63025079553077, -20.972421171598707], [55.629409139213955, -20.973272609498174], [55.62886294976544, -20.974313418963927], [55.62700328082871, -20.975837792049642], [55.62545893656154, -20.976849764717574], [55.62362775587497, -20.978302057488747], [55.62283618933541, -20.979032811899035], [55.62480785896708, -20.98230539554076], [55.625761931287215, -20.983379346326387], [55.6263536458914, -20.984614240373084], [55.626933680847095, -20.98629647951337], [55.62734475197348, -20.987206778777907], [55.627575015917046, -20.98748235631205], [55.62721347174406, -20.987678184209912], [55.626212005387735, -20.988427134082688], [55.62578003075616, -20.988750669302703], [55.6253297158224, -20.989186073328426], [55.62513746702387, -20.989381456252964], [55.62473193827745, -20.990072874103276], [55.62430161220215, -20.99116067024878], [55.622739956665015, -20.991260967671263], [55.61947752700449, -20.99095089096673], [55.615760021673985, -20.990495224734413], [55.615206335034785, -20.990662362880222], [55.61504287358826, -20.990759500620626], [55.61471076114892, -20.99109917565312], [55.61445290206065, -20.991418676705074], [55.614295097114585, -20.991632394154895], [55.61405441947602, -20.992070375514587], [55.613336346580745, -20.99389204181738], [55.61319859976551, -20.99432905310528], [55.61272440059275, -20.995469756210074], [55.611770309813046, -20.99721993096704], [55.61152786438439, -20.997431148272803], [55.611396135741025, -20.99752854078747], [55.61107667891668, -20.997745452762842], [55.61082318204578, -20.99790328018151], [55.60984766553689, -20.998431012873986], [55.60929095712348, -20.998712832704356], [55.60916130041293, -20.998793979694476], [55.60914098325129, -20.998806460814478], [55.60864421180009, -20.999056246937165], [55.60807453482853, -20.999283754621356], [55.60753401512931, -20.999478977675267], [55.60608780391638, -20.9999314707433], [55.60465232338931, -21.000418818567297], [55.604308254975194, -21.000539306957098], [55.604013888447355, -21.00064258664809], [55.60364972588652, -21.00080310855338], [55.603251483654276, -21.001007614820164], [55.60260594998508, -21.001425090637056], [55.602011806876696, -21.001798721103505], [55.60186298111441, -21.001871574471892], [55.60129115005023, -21.002121624748955], [55.600678645027, -21.00229726284514], [55.599794471576864, -21.002514025371145], [55.599313813817396, -21.00258053276631], [55.59906260816838, -21.002593822444823], [55.59882601689197, -21.002587358087872], [55.59837705971621, -21.002555657278545], [55.5970970268399, -21.002411413815203], [55.59652066733211, -21.002321746194923], [55.59617194721051, -21.00216710557672], [55.592658674588684, -21.002482272822387], [55.59225861312244, -21.002571107183694], [55.59103644615501, -21.00282206537994], [55.590631777014764, -21.00288917703594], [55.58990007065764, -21.002951771815418], [55.589495978097844, -21.00295745704263], [55.5892267585528, -21.00294257868192], [55.588739819709375, -21.00285814279548], [55.587790314915765, -21.00265514149548], [55.58732196061638, -21.00253833490128], [55.58717423318011, -21.002493747466215], [55.58668447884879, -21.00229997601133], [55.5859920591104, -21.001970822547833], [55.58573356766603, -21.00183859124736], [55.58536757238587, -21.001578995911448], [55.58506205103559, -21.0013334529433], [55.58499658219153, -21.001135073167177], [55.58300326335606, -20.999870501466198], [55.580992439158784, -20.999341998406855], [55.5794022841854, -20.998377951768568], [55.57717171424005, -20.99647627564478], [55.576191232001584, -20.995590015721767], [55.57404902250407, -20.9934582334638], [55.57406950454102, -20.993428594247444], [55.574289508280174, -20.99315400961044], [55.57440493793631, -20.99305289686531], [55.57449293821117, -20.99300394905603], [55.574814787, -20.99284313585172], [55.57516737151061, -20.992687095991162], [55.57527552735885, -20.992642833200467], [55.57537679593955, -20.99261477313152], [55.575450059417435, -20.99259822233334], [55.57558790397024, -20.992567758075605], [55.57566309110853, -20.992551223276127], [55.57572380763805, -20.992539084181487], [55.575795104513944, -20.992527033564233], [55.575865422396674, -20.992516781441708], [55.57593857442586, -20.99251197313426], [55.57600590395548, -20.992512536241147], [55.5760770723239, -20.99251403478185], [55.5772514705671, -20.992196159200983], [55.57819252364831, -20.991378125253412], [55.57823328027771, -20.991340524549088], [55.57828279609765, -20.991292156677456], [55.578308154636154, -20.991255330743726]]]}";9740908;97409;974;4;974090801;Bras des Chevrettes et Hauts;Saint-André;LA REUNION;Bras des Chevrettes et Hauts;LA REUNION;;4;;;;;;Iris d'habitat;9530;135.337567289;67.668783644;;144.424218520;;72.212109260;135.337567289;67;67.668783644;90.092112031;;90.092112031;100.149534205;;100.149534205;90.092112031;90;90.092112031;881.768934130;175.864564679;1078.008539238;208.828040512;63.576260116;60.585813740;63.576260116;71.761307173;83.838404779;71.761307173;99.519440916;93.010087281;99.519440916;91.077214472;89.025395949;91.077214472;82.576741230;93.963530753;82.576741230;90.092112031;100.149534205;90.092112031;91.077214472;;91.077214472;89.025395949;;89.025395949;91.077214472;91;91.077214472;182.096182146;;91.048091073;186.973618034;;93.486809017;182.096182146;91;91.048091073;13192;;;225.429679319;;75.143226440;244.573752725;;81.524584242;225.429679319;75;75.143226440;273.173396618;;91.057798873;275.999013983;;91.999671328;273.173396618;91;91.057798873;Polygon;12845.333333333;1;2170.863078626;1002.429392275;52.560250603;602.833706209;286.321358061;0.199445181;0.193716499;0.461765370;0.184677558;0.087714288;12845.333333333;13192;498.603075937;;520.572766708;;498.603075937;83;0.313710150;0.329194524;0.313710150;0.269945611;0.231059381;0.269945611;0.463995141;0.496468053;0.463995141;0.202770319;0.207443681;0.202770319;0.106221542;0.093349289;0.106221542;14258;12826.153846154;14258
Saint-André;LA REUNION;CA Intercommunale de la Réunion Est (Cirest);LA REUNION;4002.540098560;101.908062978;105.519072052;101.908062978;Non;974090202;97409;69;249740093;-20.9332649373, 55.6468912176;"{""type"": ""Polygon"", ""coordinates"": [[[55.646246481466925, -20.936859137595], [55.64626793198448, -20.93671928348367], [55.64621587780102, -20.936412623850494], [55.646085406329455, -20.935950863636187], [55.64599683134272, -20.935642107415298], [55.64584710471269, -20.935397006068428], [55.64579721157581, -20.93538486617135], [55.64453347011798, -20.93503561294985], [55.643429701896046, -20.934541274495825], [55.64201404163076, -20.93371245492227], [55.64191018376939, -20.932113546315488], [55.64173092287921, -20.93023940934557], [55.64170680397752, -20.930141652167336], [55.6416480148842, -20.9300499427481], [55.641569841560376, -20.929975243294148], [55.64143403671168, -20.92989376142763], [55.64132763047286, -20.929857682566738], [55.64125088341828, -20.929838100618994], [55.641389253473065, -20.92942183965233], [55.642337684418884, -20.928742815698076], [55.64302155223101, -20.92829204557506], [55.64408813954049, -20.927623887576186], [55.64496611659534, -20.92814759436457], [55.6468532032884, -20.929477890369164], [55.64758146752394, -20.93029309384791], [55.647983612104326, -20.93101898665811], [55.64806371721146, -20.93120029789814], [55.648242095957656, -20.931681407424517], [55.64835340111102, -20.932029188227283], [55.64996794149397, -20.932825200957947], [55.65088379683543, -20.932940175271746], [55.652179991721155, -20.93309789085927], [55.65264150451114, -20.933156189791575], [55.653063151715315, -20.93321010763183], [55.65328309358099, -20.933238944888654], [55.65379980910211, -20.933307161866722], [55.653715924921755, -20.933440201129876], [55.65340334120503, -20.933878586780185], [55.652550410546674, -20.935062515295776], [55.65225931277334, -20.935463125969463], [55.65136532680494, -20.936692795833068], [55.65064382334752, -20.937693235571626], [55.649659408040804, -20.939085014622087], [55.64927749364812, -20.93963847566158], [55.6491655306084, -20.939792067763264], [55.64910322198054, -20.93987739582446], [55.648746919725994, -20.940362401133196], [55.64871291701706, -20.940400977294928], [55.64866244638794, -20.940452973759818], [55.648614759587126, -20.940087629406776], [55.64860868542959, -20.94001440728799], [55.64857510897377, -20.939576904049922], [55.64852785999603, -20.938627074386645], [55.64853567523869, -20.938291981211293], [55.648580006410995, -20.9377453339141], [55.648638900852696, -20.93707594178793], [55.64777527531334, -20.936767370269674], [55.64776759123694, -20.936766405994707], [55.64737928186681, -20.93674706751664], [55.646675593195056, -20.936725227221572], [55.646246481466925, -20.936859137595]]]}";9740902;97409;974;4;974090202;Cambuston-Centre;Saint-André;LA REUNION;Cambuston-Centre;LA REUNION;;4;;;;;;Iris d'habitat;9530;224.479305055;112.239652528;;235.442801117;;117.721400559;224.479305055;112;112.239652528;90.092112031;;90.092112031;100.149534205;;100.149534205;90.092112031;90;90.092112031;1090.471945844;426.006916270;1503.506138962;405.659603072;124.529883661;118.672352272;124.529883661;99.949421394;116.770448845;99.949421394;106.804435119;99.818585604;106.804435119;115.812001079;113.202948856;115.812001079;74.260524586;84.500562528;74.260524586;90.092112031;100.149534205;90.092112031;115.812001079;;115.812001079;113.202948856;;113.202948856;115.812001079;115;115.812001079;181.064959705;;90.532479852;184.319148132;;92.159574066;181.064959705;90;90.532479852;9303;;;314.571417086;;104.857139029;335.592335322;;111.864111774;314.571417086;104;104.857139029;296.876960784;;98.958986928;297.522096988;;99.174032329;296.876960784;98;98.958986928;Polygon;12845.333333333;1;2619.361805848;1298.070290673;75.063911988;939.925952157;315.723061849;0.390662885;0.269809077;0.495567389;0.234832364;0.078880674;12845.333333333;9303;611.448377870;;633.114432311;;611.448377870;101;0.313710150;0.329194524;0.313710150;0.269945611;0.231059381;0.269945611;0.463995141;0.496468053;0.463995141;0.202770319;0.207443681;0.202770319;0.106221542;0.093349289;0.106221542;14258;12826.153846154;14258
Saint-André;LA REUNION;CA Intercommunale de la Réunion Est (Cirest);LA REUNION;2470.771160369;100.343765540;104.459418429;100.343765540;Non;974090201;97409;69;249740093;-20.9407095602, 55.6508330077;"{""type"": ""Polygon"", ""coordinates"": [[[55.646246481466925, -20.936859137595], [55.646675593195056, -20.936725227221572], [55.64737928186681, -20.93674706751664], [55.64776759123694, -20.936766405994707], [55.64777527531334, -20.936767370269674], [55.648638900852696, -20.93707594178793], [55.648580006410995, -20.9377453339141], [55.64853567523869, -20.938291981211293], [55.64852785999603, -20.938627074386645], [55.64857510897377, -20.939576904049922], [55.64860868542959, -20.94001440728799], [55.648614759587126, -20.940087629406776], [55.64866244638794, -20.940452973759818], [55.64871291701706, -20.940400977294928], [55.648746919725994, -20.940362401133196], [55.64910322198054, -20.93987739582446], [55.6491655306084, -20.939792067763264], [55.64927749364812, -20.93963847566158], [55.649659408040804, -20.939085014622087], [55.65064382334752, -20.937693235571626], [55.65136532680494, -20.936692795833068], [55.65225931277334, -20.935463125969463], [55.652550410546674, -20.935062515295776], [55.65340334120503, -20.933878586780185], [55.653715924921755, -20.933440201129876], [55.65379980910211, -20.933307161866722], [55.65457311776059, -20.933391854516106], [55.656087968322076, -20.93356549618956], [55.65708557612717, -20.93610282909056], [55.6554167973753, -20.936796135368116], [55.65550121628349, -20.936710978956462], [55.6555478130465, -20.93666165991177], [55.65493673655903, -20.936175340079124], [55.65139556318998, -20.939571215537395], [55.65359689758619, -20.9414839007813], [55.654772113782165, -20.94194324280091], [55.656029558706194, -20.943019864214865], [55.656250701281905, -20.943346824687364], [55.65622264647419, -20.94336557478098], [55.6558152451973, -20.943651448258752], [55.655665153182156, -20.94376770553176], [55.655490787691754, -20.943909969499884], [55.652401849417195, -20.945108777602115], [55.65202391057431, -20.944895303216367], [55.65171482135148, -20.94515484163317], [55.65152587325714, -20.94531415029466], [55.65142021950805, -20.945407266901775], [55.651357174601884, -20.945467295139366], [55.65131914692952, -20.94552571438142], [55.651275131223436, -20.945608477609422], [55.65117729767801, -20.94579470432279], [55.651132279754535, -20.945881976494043], [55.65107258709232, -20.945997137474333], [55.65101377496883, -20.94612133922039], [55.65094398862747, -20.946289719907316], [55.65086237972, -20.946489625445533], [55.65082841465324, -20.946631187898998], [55.65083878970939, -20.946653854530258], [55.650865519858314, -20.946675747137164], [55.651013821217866, -20.94676003125988], [55.65076470455856, -20.947462699452164], [55.650043653721845, -20.947709037989952], [55.64941648145357, -20.947513459425867], [55.648760020594864, -20.947259830149882], [55.64843419907384, -20.94713258199615], [55.648118099490176, -20.94699366632966], [55.647882984442525, -20.94530631777218], [55.64766643750663, -20.943746944594167], [55.6476090476773, -20.943391460443813], [55.64748038068807, -20.942995436533707], [55.646936593032166, -20.942351755806218], [55.64622256927789, -20.942300018867055], [55.644939628579344, -20.94178032639047], [55.64494930102864, -20.94177407954319], [55.64536467444289, -20.941031184809187], [55.64586366694754, -20.939330012420317], [55.646245454986044, -20.9368663565113], [55.646246481466925, -20.936859137595]]]}";9740902;97409;974;4;974090201;Cambuston-Petit Bazar;Saint-André;LA REUNION;Cambuston-Petit Bazar;LA REUNION;;4;;;;;;Iris d'habitat;9530;183.213971220;91.606985610;;191.621944830;;95.810972415;183.213971220;91;91.606985610;90.092112031;;90.092112031;100.149534205;;100.149534205;90.092112031;90;90.092112031;654.222523794;213.746012001;883.020551925;188.471584812;104.146327001;99.247580117;104.146327001;79.067644220;92.374364713;79.067644220;108.680505191;101.571945948;108.680505191;106.032700627;103.643959817;106.032700627;114.043304171;129.769125773;114.043304171;90.092112031;100.149534205;90.092112031;106.032700627;;106.032700627;103.643959817;;103.643959817;106.032700627;106;106.032700627;222.723809362;;111.361904681;231.341071722;;115.670535861;222.723809362;111;111.361904681;9426;;;273.306083251;;91.102027750;291.771479035;;97.257159678;273.306083251;91;91.102027750;328.756509989;;109.585503330;334.985031538;;111.661677179;328.756509989;109;109.585503330;Polygon;12845.333333333;1;1650.495062607;832.298880055;55.264359201;531.222828841;299.305651077;0.326717599;0.213439636;0.504272263;0.215002845;0.121138556;12845.333333333;9426;602.062593240;;626.756510573;;602.062593240;100;0.313710150;0.329194524;0.313710150;0.269945611;0.231059381;0.269945611;0.463995141;0.496468053;0.463995141;0.202770319;0.207443681;0.202770319;0.106221542;0.093349289;0.106221542;14258;12826.153846154;14258
Saint-André;LA REUNION;CA Intercommunale de la Réunion Est (Cirest);LA REUNION;3454.868817539;83.913144220;86.841796813;83.913144220;Non;974090203;97409;69;249740093;-20.9253613963, 55.6488593454;"{""type"": ""Polygon"", ""coordinates"": [[[55.658515293262866, -20.94151903105644], [55.65847553135754, -20.94155666059456], [55.658286280778874, -20.941751207002277], [55.656289405897354, -20.943320028010877], [55.656250701281905, -20.943346824687364], [55.656029558706194, -20.943019864214865], [55.654772113782165, -20.94194324280091], [55.65359689758619, -20.9414839007813], [55.65139556318998, -20.939571215537395], [55.65493673655903, -20.936175340079124], [55.6555478130465, -20.93666165991177], [55.65550121628349, -20.936710978956462], [55.6554167973753, -20.936796135368116], [55.65708557612717, -20.93610282909056], [55.656087968322076, -20.93356549618956], [55.65457311776059, -20.933391854516106], [55.65379980910211, -20.933307161866722], [55.65328309358099, -20.933238944888654], [55.653063151715315, -20.93321010763183], [55.65264150451114, -20.933156189791575], [55.652179991721155, -20.93309789085927], [55.65088379683543, -20.932940175271746], [55.64996794149397, -20.932825200957947], [55.64835340111102, -20.932029188227283], [55.648242095957656, -20.931681407424517], [55.64806371721146, -20.93120029789814], [55.647983612104326, -20.93101898665811], [55.64758146752394, -20.93029309384791], [55.6468532032884, -20.929477890369164], [55.64496611659534, -20.92814759436457], [55.64408813954049, -20.927623887576186], [55.64302155223101, -20.92829204557506], [55.642337684418884, -20.928742815698076], [55.641389253473065, -20.92942183965233], [55.64125088341828, -20.929838100618994], [55.64124800713533, -20.92983717434044], [55.641173052702555, -20.92983206073697], [55.64109319312371, -20.9298377486296], [55.641041183767605, -20.929847271750518], [55.63918919290929, -20.929533949101938], [55.63650720633916, -20.929029688964278], [55.63634146568614, -20.929069017055582], [55.6362550642382, -20.92905387267969], [55.636181505333646, -20.929000888894805], [55.63602441666951, -20.928827991410472], [55.63589453567299, -20.928623692915064], [55.6357840642575, -20.92839967508918], [55.63574438159504, -20.928215971717734], [55.63574552664635, -20.928089507613247], [55.635806822136374, -20.92790390112205], [55.6358462129329, -20.927801230549996], [55.635906494119325, -20.927727635081144], [55.63598492851327, -20.92766683197293], [55.636095516215036, -20.927559309945984], [55.63616705185244, -20.927410823706744], [55.636185788905905, -20.927252881800648], [55.63616804777519, -20.927088324786137], [55.63606442495019, -20.92674511561114], [55.6360068555427, -20.9266254093819], [55.635919391225286, -20.926515401442806], [55.63522572448322, -20.925923563209313], [55.63507946550953, -20.925829345675563], [55.63485278880281, -20.925696542985772], [55.634625989739106, -20.925577289738115], [55.63426130772943, -20.92539459994052], [55.63394438768126, -20.92524662004194], [55.63374609759636, -20.92516463239293], [55.63363085539886, -20.925149255982106], [55.63347023698954, -20.925154294020423], [55.63329263503462, -20.925229659582726], [55.631961585779344, -20.92563500467068], [55.63054529568735, -20.925791225960175], [55.63031736721358, -20.925796624395808], [55.63007503347174, -20.92580010016965], [55.62981946946963, -20.92577817479858], [55.62977912159072, -20.925774237435355], [55.62970515596249, -20.92576641670297], [55.62959595365305, -20.925721274542614], [55.629522538481936, -20.92565293176583], [55.62947928142378, -20.925545985785675], [55.62977459464274, -20.922570818767205], [55.62992365403983, -20.919870458740547], [55.62997541553536, -20.918565490444017], [55.62999564988264, -20.917608521906605], [55.630020551902454, -20.917195877091217], [55.63003723829178, -20.916946678104527], [55.63010977596401, -20.915947218368363], [55.63018106604583, -20.915190757695342], [55.63021798866762, -20.914830605161573], [55.63038027943253, -20.914111009299262], [55.629919803740734, -20.911459508345015], [55.6296837691177, -20.9113013300977], [55.62890782302848, -20.910781079959516], [55.62870332617484, -20.910643931334995], [55.62869578322802, -20.910627609936704], [55.62872171501045, -20.910630528258483], [55.629977462494715, -20.91093330001812], [55.63185242270603, -20.911568718751333], [55.63344631520603, -20.912095734478893], [55.6337789415472, -20.912204994424464], [55.63423053185065, -20.912342306493425], [55.63487490729673, -20.91253084434249], [55.63511181632577, -20.91259326425633], [55.63533446859633, -20.91263750230453], [55.63556104003505, -20.91267364093965], [55.636058667558615, -20.912717364342104], [55.63649308218982, -20.91273438360091], [55.63774851989575, -20.912756145245897], [55.63885969644044, -20.912783071759353], [55.63944090778263, -20.91283377512327], [55.63981452935907, -20.91287559640622], [55.64016573017798, -20.912951566936172], [55.640705588252786, -20.913110342792894], [55.64092132652741, -20.913175296454007], [55.6416470820923, -20.913403302318866], [55.64493081661349, -20.914534225802694], [55.64688741765735, -20.91517126750912], [55.647160537127995, -20.915270996777096], [55.64782719104553, -20.915551808753538], [55.64939323007099, -20.916268841468185], [55.650173559016764, -20.91663320341434], [55.651342352964, -20.917263063867956], [55.651791563524675, -20.917535819944387], [55.65303394949621, -20.918385695608585], [55.65409137806939, -20.919073005854642], [55.65595118689172, -20.920225018789548], [55.65690729734327, -20.920749565765735], [55.6589945470868, -20.92187233477821], [55.66037171952118, -20.922757625120393], [55.660700592258394, -20.922969791229654], [55.66088127716867, -20.923086842160547], [55.66383391889454, -20.924622248044244], [55.66464094939343, -20.925020633161544], [55.66537497096077, -20.92552052683407], [55.66610872948646, -20.926267944089986], [55.66634624126674, -20.926592309689596], [55.66657892272696, -20.9269193474306], [55.66692307916401, -20.927579702672602], [55.66739212218813, -20.928552249898466], [55.668102673892044, -20.929996894785443], [55.66830874514641, -20.930398252422066], [55.66852060636903, -20.930797396536676], [55.6686133239327, -20.930968860372865], [55.66935848679399, -20.93195394552014], [55.66952675777079, -20.932172070807706], [55.66967245569973, -20.932333106464004], [55.67120935870636, -20.933714618145988], [55.671265570039104, -20.93377377613618], [55.67106111270805, -20.933951055297573], [55.6691924574116, -20.935182718945438], [55.66751593867155, -20.93490991235882], [55.666307142718786, -20.934756379214335], [55.66487350704915, -20.934583914350068], [55.66432308702003, -20.93451998364882], [55.66425199895477, -20.93451220014525], [55.66366676322678, -20.93522942503748], [55.66298004783123, -20.936112075786756], [55.66276254789124, -20.936457272170667], [55.66270989552336, -20.936539067778497], [55.66244970993232, -20.93692638834903], [55.66217695082363, -20.937321740348082], [55.66208246237189, -20.93745831431366], [55.66195584984942, -20.93763890226903], [55.661662695117585, -20.938056678024058], [55.660847687016094, -20.93919758431292], [55.660006594935446, -20.9402425222249], [55.65944317507694, -20.940718697555614], [55.65888265243513, -20.941193086837878], [55.65866463659646, -20.94137837374597], [55.65859772582905, -20.941441084662635], [55.658515293262866, -20.94151903105644]]]}";9740902;97409;974;4;974090203;Cambuston-l'Etang-Bois Rouge;Saint-André;LA REUNION;Cambuston-l'Etang-Bois Rouge;LA REUNION;;4;;;;;;Iris d'habitat;9530;164.235527109;82.117763554;;171.384619282;;85.692309641;164.235527109;82;82.117763554;90.092112031;;90.092112031;100.149534205;;100.149534205;90.092112031;90;90.092112031;916.332222889;273.548794418;1129.454572572;210.606049437;95.159746359;90.683702658;95.159746359;69.075780750;80.700916624;69.075780750;90.972027266;85.021741664;90.972027266;96.596521734;94.420362377;96.596521734;61.582677183;70.074523348;61.582677183;90.092112031;100.149534205;90.092112031;96.596521734;;96.596521734;94.420362377;;94.420362377;96.596521734;96;96.596521734;152.554704449;;76.277352224;155.096265012;;77.548132506;152.554704449;76;76.277352224;11100;;;254.327639139;;84.775879713;271.534153487;;90.511384496;254.327639139;84;84.775879713;249.151226183;;83.050408728;249.516627389;;83.172209130;249.151226183;83;83.050408728;Polygon;12845.333333333;1;2143.230254575;904.669890784;49.017791072;676.701959507;225.997028218;0.298525783;0.186467039;0.422105786;0.195869075;0.065414069;12845.333333333;11100;503.478865323;;521.050780876;;503.478865323;83;0.313710150;0.329194524;0.313710150;0.269945611;0.231059381;0.269945611;0.463995141;0.496468053;0.463995141;0.202770319;0.207443681;0.202770319;0.106221542;0.093349289;0.106221542;14258;12826.153846154;14258
Saint-André;LA REUNION;CA Intercommunale de la Réunion Est (Cirest);LA REUNION;3236.188897410;114.619791206;118.055904658;114.619791206;Non;974090104;97409;69;249740093;-20.9636993862, 55.6535919068;"{""type"": ""Polygon"", ""coordinates"": [[[55.65783520363312, -20.962462258119142], [55.65787053563658, -20.962813952332905], [55.65788304500197, -20.963136558588143], [55.65787982864546, -20.96349698310824], [55.65784072296715, -20.963891453589408], [55.65777611057445, -20.964234230364024], [55.65775405014498, -20.964335235543246], [55.65771499571042, -20.964508377529185], [55.65759335170514, -20.964883226849214], [55.657485064069164, -20.965162422663642], [55.65697967567978, -20.966290379752156], [55.656769704910104, -20.96675487049811], [55.656018906398266, -20.968221464780715], [55.655865565267845, -20.96848313966982], [55.655690564134424, -20.968693150770722], [55.655565305472784, -20.96882586322884], [55.65550625311186, -20.96908376458758], [55.65548514391986, -20.96918568020173], [55.65548153978213, -20.969266052749237], [55.65547898623062, -20.96933649638432], [55.655420813204856, -20.969280931145132], [55.65537021291293, -20.969238976362178], [55.65337329446672, -20.9679747363592], [55.652865012768444, -20.967810821104266], [55.652236727470275, -20.967622467557348], [55.65109696502168, -20.967305397963642], [55.650775364397695, -20.96723871237766], [55.65072158917793, -20.967229252867146], [55.65067247665351, -20.967236091105764], [55.650481163378714, -20.966798243559168], [55.650294054754006, -20.966320680374672], [55.650219549292984, -20.965942025563425], [55.65018208542838, -20.96572265906626], [55.650183493093095, -20.965672984275788], [55.650199277737116, -20.96562884362228], [55.65043218830726, -20.965075108711755], [55.650531338906916, -20.964850951877576], [55.65060966123014, -20.96469709379475], [55.65072049758755, -20.96445676846771], [55.650774858021954, -20.964293686798975], [55.65079866541798, -20.963998469646853], [55.65073847684382, -20.963578372747918], [55.65066029729348, -20.963234017425304], [55.6504081239867, -20.962612301737305], [55.64970217303399, -20.962293238144795], [55.649723645014575, -20.962044075089377], [55.65017659830966, -20.95883252848027], [55.65018980512099, -20.95875403885934], [55.650306618052355, -20.95816866906941], [55.65061545155337, -20.95804825367179], [55.652031644855, -20.95874060596573], [55.653094030656625, -20.959314519343657], [55.65495766303628, -20.960414194651555], [55.65615005207403, -20.961241159371653], [55.65767082462849, -20.96234533079802], [55.65783520363312, -20.962462258119142]]]}";9740901;97409;974;4;974090104;Centre Commercial-Lycee S.darriga;Saint-André;LA REUNION;Centre Commercial-Lycee S.darriga;LA REUNION;;4;;;;;;Iris d'habitat;9530;263.242796369;131.621398185;;273.919715065;;136.959857532;263.242796369;131;131.621398185;90.092112031;;90.092112031;100.149534205;;100.149534205;90.092112031;90;90.092112031;887.490611897;434.763532498;1269.795783059;367.065040013;156.156753212;148.811583871;156.156753212;107.086043157;125.108131194;107.086043157;130.888753440;122.327600210;130.888753440;122.284784614;119.529911317;122.284784614;81.210300782;92.408667154;81.210300782;90.092112031;100.149534205;90.092112031;122.284784614;;122.284784614;119.529911317;;119.529911317;122.284784614;122;122.284784614;212.099054222;;106.049527111;214.736267364;;107.368133682;212.099054222;106;106.049527111;4583;;;353.334908400;;117.778302800;374.069249270;;124.689749757;353.334908400;117;117.778302800;334.383838836;;111.461279612;334.266178681;;111.422059560;334.383838836;111;111.461279612;Polygon;12845.333333333;1;2080.617853813;1263.595540930;338.217014789;802.436491408;279.162824772;0.489879585;0.289074074;0.607317456;0.247957248;0.086262834;12845.333333333;4583;687.718747235;;708.335427951;;687.718747235;114;0.313710150;0.329194524;0.313710150;0.269945611;0.231059381;0.269945611;0.463995141;0.496468053;0.463995141;0.202770319;0.207443681;0.202770319;0.106221542;0.093349289;0.106221542;14258;12826.153846154;14258
Saint-André;LA REUNION;CA Intercommunale de la Réunion Est (Cirest);LA REUNION;3947.419442123;109.624222627;114.342017021;109.624222627;Non;974090102;97409;69;249740093;-20.9562849845, 55.6473180849;"{""type"": ""Polygon"", ""coordinates"": [[[55.65783520363312, -20.962462258119142], [55.65767082462849, -20.96234533079802], [55.65615005207403, -20.961241159371653], [55.65495766303628, -20.960414194651555], [55.653094030656625, -20.959314519343657], [55.652031644855, -20.95874060596573], [55.65061545155337, -20.95804825367179], [55.650306618052355, -20.95816866906941], [55.65018980512099, -20.95875403885934], [55.65017659830966, -20.95883252848027], [55.649723645014575, -20.962044075089377], [55.64970217303399, -20.962293238144795], [55.649375369758715, -20.962271678233993], [55.64937538598208, -20.962269871600913], [55.64805225589599, -20.96213562033669], [55.64635642184926, -20.962485321651677], [55.646303285153316, -20.962512001100443], [55.646266480863964, -20.96254061699141], [55.646239285305896, -20.962570212560458], [55.64620805597657, -20.962620553827673], [55.646128793191416, -20.962771692154323], [55.646053181833004, -20.962944540551575], [55.64581554028931, -20.963488294249412], [55.64575297328904, -20.963494120853966], [55.6453086156449, -20.963603512510062], [55.645078331379246, -20.96365046473993], [55.6449531483828, -20.963667537262225], [55.64474814475082, -20.96368397509782], [55.644604803487624, -20.963688255682353], [55.64368524492255, -20.963700815839147], [55.642602038270844, -20.962877345933432], [55.64272881023938, -20.960152860815224], [55.64366035440519, -20.957128532650945], [55.64376595609344, -20.955922457224553], [55.642413576441, -20.954880035794865], [55.64097440800495, -20.953865820874476], [55.63949375435169, -20.952868427828808], [55.6385819071799, -20.952248659906893], [55.638683587396706, -20.95153309216788], [55.63872592805661, -20.95131752257763], [55.638760589499434, -20.951206683631415], [55.6388076129369, -20.951111300783868], [55.638862239328056, -20.95102591576855], [55.63891871534922, -20.950948675904584], [55.638963390573124, -20.950900249972396], [55.639032187702455, -20.950842982731896], [55.63819754144977, -20.95030151989543], [55.63783592668904, -20.95009175835833], [55.637160297757205, -20.9497259128161], [55.63716227003889, -20.949720508304075], [55.63732533914338, -20.949341488818835], [55.63749836346822, -20.9490312054402], [55.637774014228356, -20.948538355603677], [55.63825060580308, -20.94794412437151], [55.63831599668682, -20.947838047681937], [55.63833025161793, -20.947750533703665], [55.63844895762515, -20.94781020096453], [55.63981127483425, -20.948594363142245], [55.64045894739254, -20.94886150706147], [55.641743172897506, -20.949136880897722], [55.64293833252748, -20.949265189011907], [55.64603292667626, -20.951089318642534], [55.64740790253001, -20.952722639976912], [55.648629451805725, -20.95392936673349], [55.651346863361994, -20.956276185206335], [55.652387880251695, -20.95638830488515], [55.654315995480445, -20.9546646710123], [55.65578432685073, -20.953358968746013], [55.6559171355662, -20.95324076894044], [55.65615467148187, -20.95302582890448], [55.65623420277955, -20.95295057138843], [55.6562981659057, -20.953110974299417], [55.656412686135, -20.953425350750155], [55.65651755819434, -20.95374326465812], [55.65663363159258, -20.95409920886595], [55.65672098532529, -20.95444047263432], [55.656792386630826, -20.954737344908203], [55.65688320053468, -20.955121998272656], [55.65696957157897, -20.955573466986504], [55.65704375015659, -20.956098013699137], [55.65710482881694, -20.956581804942484], [55.65725535754777, -20.957818819043016], [55.65751292625704, -20.95988598175205], [55.65783156645259, -20.96243874152088], [55.65783520363312, -20.962462258119142]]]}";9740901;97409;974;4;974090102;Centre Ville Mairie;Saint-André;LA REUNION;Centre Ville Mairie;LA REUNION;;4;;;;;;Iris d'habitat;9530;234.332438155;117.166219078;;247.313862007;;123.656931003;234.332438155;117;117.166219078;90.092112031;;90.092112031;100.149534205;;100.149534205;90.092112031;90;90.092112031;1088.857291915;419.670295454;1560.951997357;469.715962732;122.859486632;117.080525966;122.859486632;111.472951523;130.233336040;111.472951523;108.216041939;101.137862243;108.216041939;116.532589990;113.907304094;116.532589990;108.572153646;123.543539574;108.572153646;90.092112031;100.149534205;90.092112031;116.532589990;;116.532589990;113.907304094;;113.907304094;116.532589990;116;116.532589990;216.788195585;;108.394097792;224.681401817;;112.340700909;216.788195585;108;108.394097792;9422;;;324.424550186;;108.141516729;347.463396212;;115.821132071;324.424550186;108;108.141516729;333.320785575;;111.106928525;338.588705912;;112.862901971;333.320785575;111;111.106928525;Polygon;12845.333333333;1;2813.929281149;1412.922223935;145.598843867;932.749572264;455.244104184;0.385422680;0.300916340;0.502117176;0.236293504;0.115327016;12845.333333333;9422;657.745335761;;686.052102123;;657.745335761;109;0.313710150;0.329194524;0.313710150;0.269945611;0.231059381;0.269945611;0.463995141;0.496468053;0.463995141;0.202770319;0.207443681;0.202770319;0.106221542;0.093349289;0.106221542;14258;12826.153846154;14258
Saint-André;LA REUNION;CA Intercommunale de la Réunion Est (Cirest);LA REUNION;7544.790588546;81.519224916;84.709163800;81.519224916;Non;974090301;97409;69;249740093;-20.9463920794, 55.6734261485;"{""type"": ""Polygon"", ""coordinates"": [[[55.67528176373719, -20.959927408898622], [55.675268562709405, -20.959897494513925], [55.674203109098336, -20.95731455649555], [55.67325533615757, -20.95556816239732], [55.67216420233123, -20.954444902151174], [55.67112325076289, -20.95382066929411], [55.670697758436404, -20.954085659123056], [55.67066403708747, -20.954092623352302], [55.67032390332204, -20.95383973318763], [55.670274177368235, -20.953807726887018], [55.66999228574699, -20.95360271808852], [55.66959964352471, -20.95330650613806], [55.669422922729005, -20.953171426047128], [55.66818830221744, -20.952224524486336], [55.6658001294148, -20.950466386859528], [55.665617605702984, -20.95033577462553], [55.66543718977955, -20.95018440081337], [55.66351095171352, -20.94855857993264], [55.66300265655151, -20.947427622241985], [55.661518112225686, -20.945234754384618], [55.661345154523154, -20.943987760890213], [55.660857980056655, -20.943070392501173], [55.659986394134016, -20.9421882567116], [55.65938801620345, -20.94210767131728], [55.659334385900294, -20.942082858472272], [55.65906389703534, -20.941897345417964], [55.658515293262866, -20.94151903105644], [55.65859772582905, -20.941441084662635], [55.65866463659646, -20.94137837374597], [55.65888265243513, -20.941193086837878], [55.65944317507694, -20.940718697555614], [55.660006594935446, -20.9402425222249], [55.660847687016094, -20.93919758431292], [55.661662695117585, -20.938056678024058], [55.66195584984942, -20.93763890226903], [55.66208246237189, -20.93745831431366], [55.66217695082363, -20.937321740348082], [55.66244970993232, -20.93692638834903], [55.66270989552336, -20.936539067778497], [55.66276254789124, -20.936457272170667], [55.66298004783123, -20.936112075786756], [55.66366676322678, -20.93522942503748], [55.66425199895477, -20.93451220014525], [55.66432308702003, -20.93451998364882], [55.66487350704915, -20.934583914350068], [55.666307142718786, -20.934756379214335], [55.66751593867155, -20.93490991235882], [55.6691924574116, -20.935182718945438], [55.67106111270805, -20.933951055297573], [55.671265570039104, -20.93377377613618], [55.67136656621355, -20.93387935565197], [55.67149803622624, -20.934018597760545], [55.67157995377375, -20.93410686423697], [55.672619232809176, -20.93516514175654], [55.67384592842121, -20.936345020973153], [55.67450392313876, -20.936970762424764], [55.6755748777782, -20.937985455052438], [55.67701664229175, -20.939263193572767], [55.67930368616913, -20.941309928169357], [55.67945927248798, -20.941442124207715], [55.679638834875284, -20.941581732798504], [55.67999429653115, -20.94184014311021], [55.68132679596669, -20.942755645931683], [55.68201028910522, -20.94322165742028], [55.682179025654264, -20.943390088409153], [55.682302931991394, -20.943516616959947], [55.68295954183849, -20.944198327899493], [55.68314112641599, -20.944437321774462], [55.683392384335214, -20.944796678987952], [55.683753078353405, -20.94549810981778], [55.68393416231883, -20.945904678286954], [55.68405491311461, -20.946172562185907], [55.68417004080016, -20.946423689883158], [55.684332034646395, -20.946704087545346], [55.68462512786632, -20.947168884669747], [55.685481285840176, -20.948348991239794], [55.68582960783103, -20.948767235758382], [55.68647197741384, -20.949487218976117], [55.68706754081124, -20.950171607378042], [55.687202688911704, -20.95033345155332], [55.68735751145785, -20.95055507095616], [55.687457584655945, -20.950769041753126], [55.68858971131139, -20.95339307236866], [55.68859064933929, -20.953395789759586], [55.688471501976565, -20.953604460502202], [55.688406362999956, -20.95368526482877], [55.688347174945, -20.953745336874835], [55.68828428199229, -20.95378911933758], [55.68821376669277, -20.953824712610018], [55.68815390824678, -20.953851353910196], [55.68808730248982, -20.95387975006452], [55.68777551628455, -20.95401195657803], [55.687221267695634, -20.954156750373915], [55.686488915644325, -20.954322755324736], [55.68639645523108, -20.95433830415492], [55.68627125135321, -20.954359021031763], [55.68599984495846, -20.95438222486537], [55.68560145324317, -20.954409869862857], [55.684982912943354, -20.954537899594335], [55.68442854177084, -20.954696234011983], [55.68406668185789, -20.954835274310675], [55.68353080682687, -20.955077763801444], [55.68340425308928, -20.955142734256246], [55.682574937745805, -20.955617836251715], [55.68221029845344, -20.95590907223933], [55.68168089315484, -20.956345382794847], [55.68161676648256, -20.9564198683778], [55.68026097403829, -20.95792707499693], [55.678316255880254, -20.959086417039355], [55.676511787306005, -20.95960541834068], [55.67597228419797, -20.959710539407585], [55.67568318345927, -20.959776048119068], [55.67534256449211, -20.959903489837473], [55.67528176373719, -20.959927408898622]]]}";9740903;97409;974;4;974090301;Champ Borne;Saint-André;LA REUNION;Champ Borne;LA REUNION;;4;;;;;;Iris d'habitat;9530;154.976181086;77.488090543;;163.185859195;;81.592929597;154.976181086;77;77.488090543;90.092112031;;90.092112031;100.149534205;;100.149534205;90.092112031;90;90.092112031;2088.409876645;543.763687128;2607.677152989;506.679065632;82.997668526;79.093694361;82.997668526;71.978512561;84.092164834;71.978512561;82.345664315;76.959610651;82.345664315;99.980023934;97.727639886;99.980023934;61.721368128;70.232338863;61.721368128;90.092112031;100.149534205;90.092112031;99.980023934;;99.980023934;97.727639886;;97.727639886;99.980023934;99;99.980023934;144.067032443;;72.033516222;147.191949514;;73.595974757;144.067032443;72;72.033516222;12669;;;245.068293117;;81.689431039;263.335393400;;87.778464467;245.068293117;81;81.689431039;244.047056377;;81.349018792;244.919589400;;81.639863133;244.047056377;81;81.349018792;Polygon;12845.333333333;1;4742.185615247;1811.893715120;135.553337938;1529.553986537;494.646950328;0.260372110;0.194302836;0.382079881;0.202729813;0.065561389;12845.333333333;12669;489.115349495;;508.254982800;;489.115349495;81;0.313710150;0.329194524;0.313710150;0.269945611;0.231059381;0.269945611;0.463995141;0.496468053;0.463995141;0.202770319;0.207443681;0.202770319;0.106221542;0.093349289;0.106221542;14258;12826.153846154;14258
Saint-André;LA REUNION;CA Intercommunale de la Réunion Est (Cirest);LA REUNION;6567.463000065;93.365097295;95.899844546;93.365097295;Non;974090105;97409;69;249740093;-20.9519226121, 55.6603158403;"{""type"": ""Polygon"", ""coordinates"": [[[55.65783520363312, -20.962462258119142], [55.65783156645259, -20.96243874152088], [55.65751292625704, -20.95988598175205], [55.65725535754777, -20.957818819043016], [55.65710482881694, -20.956581804942484], [55.65704375015659, -20.956098013699137], [55.65696957157897, -20.955573466986504], [55.65688320053468, -20.955121998272656], [55.656792386630826, -20.954737344908203], [55.65672098532529, -20.95444047263432], [55.65663363159258, -20.95409920886595], [55.65651755819434, -20.95374326465812], [55.656412686135, -20.953425350750155], [55.6562981659057, -20.953110974299417], [55.65623420277955, -20.95295057138843], [55.656207866007776, -20.95288441685234], [55.6561288074197, -20.95269137314458], [55.65601487070688, -20.95241946016046], [55.65586399580398, -20.95208401912486], [55.65582523890174, -20.95200873280966], [55.65561821012815, -20.95160780535753], [55.655358801862974, -20.95114955154924], [55.65512755742953, -20.950768307089234], [55.65497962018213, -20.950534970882703], [55.6547308424975, -20.950178882411528], [55.65460734302052, -20.950008975522], [55.65444012664434, -20.94978090711838], [55.654197614185186, -20.949477263622455], [55.65298719930693, -20.94804307309255], [55.65231533189356, -20.947253629289726], [55.65150919863026, -20.94631677366382], [55.651135148314864, -20.945883805943172], [55.651132279754535, -20.945881976494043], [55.65117729767801, -20.94579470432279], [55.651275131223436, -20.945608477609422], [55.65131914692952, -20.94552571438142], [55.651357174601884, -20.945467295139366], [55.65142021950805, -20.945407266901775], [55.65152587325714, -20.94531415029466], [55.65171482135148, -20.94515484163317], [55.65202391057431, -20.944895303216367], [55.652401849417195, -20.945108777602115], [55.655490787691754, -20.943909969499884], [55.655665153182156, -20.94376770553176], [55.6558152451973, -20.943651448258752], [55.65622264647419, -20.94336557478098], [55.656250701281905, -20.943346824687364], [55.656289405897354, -20.943320028010877], [55.658286280778874, -20.941751207002277], [55.65847553135754, -20.94155666059456], [55.658515293262866, -20.94151903105644], [55.65906389703534, -20.941897345417964], [55.659334385900294, -20.942082858472272], [55.65938801620345, -20.94210767131728], [55.659986394134016, -20.9421882567116], [55.660857980056655, -20.943070392501173], [55.661345154523154, -20.943987760890213], [55.661518112225686, -20.945234754384618], [55.66300265655151, -20.947427622241985], [55.66351095171352, -20.94855857993264], [55.66543718977955, -20.95018440081337], [55.665617605702984, -20.95033577462553], [55.6658001294148, -20.950466386859528], [55.66818830221744, -20.952224524486336], [55.669422922729005, -20.953171426047128], [55.66959964352471, -20.95330650613806], [55.66999228574699, -20.95360271808852], [55.670274177368235, -20.953807726887018], [55.67032390332204, -20.95383973318763], [55.67030455874118, -20.953852229773133], [55.6693068291575, -20.954608712544612], [55.6665165550748, -20.95687248263092], [55.66432214959348, -20.95868556563279], [55.66276882737259, -20.96010525462203], [55.66102606049183, -20.961627329203207], [55.66089426572384, -20.961739217001725], [55.66074019909776, -20.961868094016175], [55.66057742069277, -20.962003226116106], [55.660486434593075, -20.962068458233638], [55.6604477175938, -20.96209615890659], [55.66031710092195, -20.96218366410742], [55.66008015889454, -20.962330860221957], [55.65984998850562, -20.962473592299936], [55.659635365785746, -20.962598378620772], [55.65956769304384, -20.962637595390145], [55.65893543531766, -20.963003913237813], [55.65863047316542, -20.963013257808143], [55.65837154591227, -20.962821509683693], [55.658018768384366, -20.962584756627205], [55.65783520363312, -20.962462258119142]]]}";9740901;97409;974;4;974090105;Chemin du Centre;Saint-André;LA REUNION;Chemin du Centre;LA REUNION;;4;;;;;;Iris d'habitat;9530;197.041238485;98.520619242;;204.160714946;;102.080357473;197.041238485;98;98.520619242;90.092112031;;90.092112031;100.149534205;;100.149534205;90.092112031;90;90.092112031;1777.465367981;674.355097344;2303.754798171;473.283963664;120.936926277;115.248397380;120.936926277;76.104312208;88.912317566;76.104312208;100.754692630;94.164543824;100.754692630;119.295867358;116.608329408;119.295867358;53.006673265;60.315944893;53.006673265;90.092112031;100.149534205;90.092112031;119.295867358;;119.295867358;116.608329408;;116.608329408;119.295867358;119;119.295867358;153.761365895;;76.880682947;154.480488716;;77.240244358;153.761365895;76;76.880682947;6352;;;287.133350515;;95.711116838;304.310249151;;101.436749717;287.133350515;95;95.711116838;273.057233253;;91.019077751;271.088818124;;90.362939375;273.057233253;91;91.019077751;Polygon;12845.333333333;1;3932.808896147;1838.575879617;125.460098644;1588.647039028;369.777757850;0.379391413;0.205440251;0.467496878;0.241896610;0.056304506;12845.333333333;6352;560.190583768;;575.399067275;;560.190583768;93;0.313710150;0.329194524;0.313710150;0.269945611;0.231059381;0.269945611;0.463995141;0.496468053;0.463995141;0.202770319;0.207443681;0.202770319;0.106221542;0.093349289;0.106221542;14258;12826.153846154;14258
Saint-André;LA REUNION;CA Intercommunale de la Réunion Est (Cirest);LA REUNION;2040.088341499;100.123720846;104.402467410;100.123720846;Non;974090601;97409;69;249740093;-20.9684153626, 55.6587653717;"{""type"": ""Polygon"", ""coordinates"": [[[55.65783520363312, -20.962462258119142], [55.658018768384366, -20.962584756627205], [55.65837154591227, -20.962821509683693], [55.65863047316542, -20.963013257808143], [55.65893543531766, -20.963003913237813], [55.65956769304384, -20.962637595390145], [55.659635365785746, -20.962598378620772], [55.65984998850562, -20.962473592299936], [55.66008015889454, -20.962330860221957], [55.66031710092195, -20.96218366410742], [55.6604477175938, -20.96209615890659], [55.660486434593075, -20.962068458233638], [55.66115210822462, -20.964213804211347], [55.66137725029471, -20.965068366812627], [55.66173527590542, -20.96693214887796], [55.66189440949683, -20.96780155008698], [55.66192916251209, -20.968003277503747], [55.66206260764579, -20.969327782223733], [55.66218079886827, -20.969880677447097], [55.66088331938542, -20.970204739013305], [55.6607338275644, -20.9707907633134], [55.66044185791487, -20.972038750545483], [55.65858748339472, -20.97415457440018], [55.65686947266047, -20.9728128339661], [55.65606178832415, -20.97246227737811], [55.654903415065654, -20.973037625323816], [55.65502263278377, -20.972398068990323], [55.65528500329832, -20.971130888628306], [55.6553251537037, -20.97094330207728], [55.655507363060565, -20.969712527076908], [55.65550651349566, -20.96948486816601], [55.65547898623062, -20.96933649638432], [55.65548153978213, -20.969266052749237], [55.65548514391986, -20.96918568020173], [55.65550625311186, -20.96908376458758], [55.655565305472784, -20.96882586322884], [55.655690564134424, -20.968693150770722], [55.655865565267845, -20.96848313966982], [55.656018906398266, -20.968221464780715], [55.656769704910104, -20.96675487049811], [55.65697967567978, -20.966290379752156], [55.657485064069164, -20.965162422663642], [55.65759335170514, -20.964883226849214], [55.65771499571042, -20.964508377529185], [55.65775405014498, -20.964335235543246], [55.65777611057445, -20.964234230364024], [55.65784072296715, -20.963891453589408], [55.65787982864546, -20.96349698310824], [55.65788304500197, -20.963136558588143], [55.65787053563658, -20.962813952332905], [55.65783520363312, -20.962462258119142]]]}";9740906;97409;974;4;974090601;La Cressonniere Nord;Saint-André;LA REUNION;La Cressonniere Nord;LA REUNION;;4;;;;;;Iris d'habitat;9530;193.536148446;96.768074223;;202.735980301;;101.367990151;193.536148446;96;96.768074223;90.092112031;;90.092112031;100.149534205;;100.149534205;90.092112031;90;90.092112031;566.897487289;193.022683271;732.427208197;168.057768812;108.536358399;103.431116930;108.536358399;84.999790047;99.304863371;84.999790047;105.953874381;99.023658224;105.953874381;98.316834133;96.101918992;98.316834133;112.843356086;128.403712739;112.843356086;90.092112031;100.149534205;90.092112031;98.316834133;;98.316834133;96.101918992;;96.101918992;98.316834133;98;98.316834133;218.797230466;;109.398615233;227.427370963;;113.713685481;218.797230466;109;109.398615233;10924;;;283.628260477;;94.542753492;302.885514506;;100.961838169;283.628260477;94;94.542753492;317.114064599;;105.704688200;323.529289954;;107.843096651;317.114064599;105;105.704688200;Polygon;12845.333333333;1;1356.692010914;666.978050281;23.193028431;406.706621693;244.533052765;0.340489573;0.229453203;0.491620828;0.199357358;0.119863953;12845.333333333;10924;600.742325076;;626.414804461;;600.742325076;100;0.313710150;0.329194524;0.313710150;0.269945611;0.231059381;0.269945611;0.463995141;0.496468053;0.463995141;0.202770319;0.207443681;0.202770319;0.106221542;0.093349289;0.106221542;14258;12826.153846154;14258
Saint-André;LA REUNION;CA Intercommunale de la Réunion Est (Cirest);LA REUNION;2386.417971265;100.158899760;103.702983305;100.158899760;Non;974090602;97409;69;249740093;-20.9767537076, 55.6598146891;"{""type"": ""Polygon"", ""coordinates"": [[[55.66458390163156, -20.9836797379233], [55.66299506701014, -20.98322280965284], [55.66166529132056, -20.982840173167457], [55.660982179919, -20.982643287593135], [55.66030578709261, -20.98244825895966], [55.65830557188072, -20.980990719116544], [55.6564391508837, -20.97952698551787], [55.65609917363561, -20.97925328958807], [55.6552726339519, -20.97885650683267], [55.6542258555927, -20.978564579544503], [55.65400988906425, -20.978514090853984], [55.65408835622869, -20.978022368395624], [55.65458551894307, -20.974919568584056], [55.654736365942036, -20.973970402735144], [55.65482405715572, -20.973468363409552], [55.654845830329286, -20.973346127138246], [55.654903415065654, -20.973037625323816], [55.65606178832415, -20.97246227737811], [55.65686947266047, -20.9728128339661], [55.65858748339472, -20.97415457440018], [55.66044185791487, -20.972038750545483], [55.6607338275644, -20.9707907633134], [55.66088331938542, -20.970204739013305], [55.66218079886827, -20.969880677447097], [55.662689803690206, -20.971479144557847], [55.66452193051421, -20.972360761100838], [55.66446251302712, -20.973283318397744], [55.66432529052519, -20.974412961726973], [55.66384453500095, -20.976070164410622], [55.66346927988042, -20.977275044616515], [55.66286137329179, -20.97889817076082], [55.66261937429957, -20.979880958400425], [55.66302942603771, -20.981415410792767], [55.66378886991547, -20.981681543925063], [55.66392272102161, -20.98177293211686], [55.6643355923236, -20.982072479568917], [55.66458390163156, -20.9836797379233]]]}";9740906;97409;974;4;974090602;La Cressonniere Sud;Saint-André;LA REUNION;La Cressonniere Sud;LA REUNION;;4;;;;;;Iris d'habitat;9530;213.029805618;106.514902809;;222.455356488;;111.227678244;213.029805618;106;106.514902809;90.092112031;;90.092112031;100.149534205;;100.149534205;90.092112031;90;90.092112031;646.203913122;248.786162448;887.849995649;216.437988751;122.723594512;116.951025824;122.723594512;90.306211106;105.504330664;90.306211106;124.395196302;116.258772747;124.395196302;87.256060924;85.290326651;87.256060924;86.180223683;98.063909737;86.180223683;90.092112031;100.149534205;90.092112031;87.256060924;;87.256060924;85.290326651;;85.290326651;87.256060924;87;87.256060924;210.575419985;;105.287709992;214.322682484;;107.161341242;210.575419985;105;105.287709992;7552;;;303.121917648;;101.040639216;322.604890693;;107.534963564;303.121917648;101;101.040639216;297.831480909;;99.277160303;299.613009134;;99.871003045;297.831480909;99;99.277160303;Polygon;12845.333333333;1;1551.748609505;895.650158091;15.196722495;422.227482710;218.457384362;0.384996373;0.243777654;0.577187666;0.176929393;0.091541962;12845.333333333;7552;600.953398557;;622.217899827;;600.953398557;100;0.313710150;0.329194524;0.313710150;0.269945611;0.231059381;0.269945611;0.463995141;0.496468053;0.463995141;0.202770319;0.207443681;0.202770319;0.106221542;0.093349289;0.106221542;14258;12826.153846154;14258
Saint-André;LA REUNION;CA Intercommunale de la Réunion Est (Cirest);LA REUNION;4050.523683375;94.841104393;97.834229677;94.841104393;Non;974090701;97409;69;249740093;-20.9761595443, 55.6391124629;"{""type"": ""Polygon"", ""coordinates"": [[[55.65067247665351, -20.967236091105764], [55.65072158917793, -20.967229252867146], [55.650775364397695, -20.96723871237766], [55.65109696502168, -20.967305397963642], [55.652236727470275, -20.967622467557348], [55.652865012768444, -20.967810821104266], [55.65337329446672, -20.9679747363592], [55.65537021291293, -20.969238976362178], [55.655420813204856, -20.969280931145132], [55.65547898623062, -20.96933649638432], [55.65550651349566, -20.96948486816601], [55.655507363060565, -20.969712527076908], [55.6553251537037, -20.97094330207728], [55.65528500329832, -20.971130888628306], [55.65502263278377, -20.972398068990323], [55.654903415065654, -20.973037625323816], [55.654845830329286, -20.973346127138246], [55.65482405715572, -20.973468363409552], [55.654736365942036, -20.973970402735144], [55.65458551894307, -20.974919568584056], [55.65408835622869, -20.978022368395624], [55.65400988906425, -20.978514090853984], [55.653873589624006, -20.978482299008657], [55.652525053878065, -20.978375879991443], [55.65152398755558, -20.978350343370778], [55.650807425281975, -20.97834783195159], [55.649001792884825, -20.978265769394962], [55.64732947576948, -20.97811970306109], [55.64576689477358, -20.977857956970936], [55.64560774317738, -20.977800682373605], [55.645289171661034, -20.97771594209299], [55.64497078043274, -20.977717926957972], [55.64414546400911, -20.97772310472018], [55.64299207363677, -20.977737409554457], [55.64266874314511, -20.977753804806706], [55.6416546874215, -20.97788935974196], [55.64106798918907, -20.977992182829038], [55.640805836535094, -20.978050617816], [55.64071228199422, -20.978078779465104], [55.640578648718346, -20.978177988025827], [55.64051860945737, -20.978222677773505], [55.640198967080124, -20.978362860303278], [55.64012074361036, -20.97839746761591], [55.638140420971645, -20.979762007318985], [55.63746490190497, -20.980430523992045], [55.63700906302743, -20.980845140260076], [55.63632194058026, -20.981413284358897], [55.63513450603519, -20.9823134727917], [55.63317628421052, -20.98388138589315], [55.630536457173626, -20.985694199150775], [55.627712290344256, -20.987407579242465], [55.627575015917046, -20.98748235631205], [55.62734475197348, -20.987206778777907], [55.626933680847095, -20.98629647951337], [55.6263536458914, -20.984614240373084], [55.625761931287215, -20.983379346326387], [55.62480785896708, -20.98230539554076], [55.62283618933541, -20.979032811899035], [55.62362775587497, -20.978302057488747], [55.62545893656154, -20.976849764717574], [55.62700328082871, -20.975837792049642], [55.62886294976544, -20.974313418963927], [55.629409139213955, -20.973272609498174], [55.63025079553077, -20.972421171598707], [55.630646601498874, -20.97210229970676], [55.6307594549037, -20.97201422414366], [55.630834997302756, -20.971957015145534], [55.63089696832163, -20.971911440945206], [55.63098020454469, -20.971854293691514], [55.63106143496721, -20.971806164027807], [55.63113972254151, -20.971764334306453], [55.63147684189426, -20.971605337905427], [55.63155597587854, -20.9715761620272], [55.63164370793129, -20.971553378776306], [55.631718904465494, -20.97153410832662], [55.63310009581201, -20.9712660498654], [55.63540789256529, -20.971670287064693], [55.636696998040044, -20.97219643291492], [55.63775003221545, -20.97277059387672], [55.638973268936056, -20.972022209427873], [55.63986068973276, -20.97142132204147], [55.64064617005288, -20.970791837676703], [55.6416724996665, -20.96995784735868], [55.643464369221, -20.969102498043238], [55.645340164680825, -20.96832211339726], [55.645404640880514, -20.968318108974202], [55.64545958935359, -20.968304091632803], [55.645592730382226, -20.968258174032975], [55.645661232451786, -20.968234327162502], [55.645798244665755, -20.968185730020608], [55.64586006342351, -20.968156409687793], [55.64591224052342, -20.968129722866276], [55.64595679703485, -20.96809484507091], [55.645974719981076, -20.968133832772082], [55.64657704053508, -20.96992369453619], [55.64659022021343, -20.9699554174786], [55.6466063582867, -20.969979033500884], [55.64662449301873, -20.96999453496467], [55.646667592216815, -20.970014751571707], [55.6467444172161, -20.97002800894427], [55.64727672295206, -20.970087341146595], [55.64871159225904, -20.969728790482293], [55.64969069891956, -20.969140771849933], [55.64972267941684, -20.969113923826466], [55.649750885990954, -20.969078915474373], [55.649927266312424, -20.96871625054333], [55.650108559798774, -20.96834188034492], [55.65034694584572, -20.967821614374074], [55.65055473859867, -20.967387830283766], [55.65060748212808, -20.96729790980986], [55.65063758725839, -20.96726562645176], [55.65067247665351, -20.967236091105764]]]}";9740907;97409;974;4;974090701;Mille Roches-Rdm Les Hauts;Saint-André;LA REUNION;Mille Roches-Rdm Les Hauts;LA REUNION;;4;;;;;;Iris d'habitat;9530;209.631349302;104.815674651;;220.241926544;;110.120963272;209.631349302;104;104.815674651;90.092112031;;90.092112031;100.149534205;;100.149534205;90.092112031;90;90.092112031;1059.457690721;380.768779445;1425.158926871;365.737741714;114.564257161;109.175480486;114.564257161;95.067092141;111.066446058;95.067092141;109.062648711;101.929094279;109.062648711;110.175602379;107.693528866;110.175602379;50.084913934;56.991294166;50.084913934;90.092112031;100.149534205;90.092112031;110.175602379;;110.175602379;107.693528866;;107.693528866;110.175602379;110;110.175602379;159.147562645;;79.573781323;158.920388444;;79.460194222;159.147562645;79;79.573781323;9078;;;299.723461333;;99.907820444;320.391460749;;106.797153583;299.723461333;99;99.907820444;269.323165024;;89.774388341;266.613917311;;88.871305770;269.323165024;89;89.774388341;Polygon;12845.333333333;1;2454.490183068;1242.083442481;75.950100373;904.900844035;215.491780356;0.359399703;0.256629443;0.506045390;0.223403420;0.053200968;12845.333333333;9078;569.046626357;;587.005378059;;569.046626357;94;0.313710150;0.329194524;0.313710150;0.269945611;0.231059381;0.269945611;0.463995141;0.496468053;0.463995141;0.202770319;0.207443681;0.202770319;0.106221542;0.093349289;0.106221542;14258;12826.153846154;14258
Saint-André;LA REUNION;CA Intercommunale de la Réunion Est (Cirest);LA REUNION;2877.783755410;112.322969934;117.625672613;112.322969934;Non;974090101;97409;69;249740093;-20.9489894413, 55.6477498097;"{""type"": ""Polygon"", ""coordinates"": [[[55.65623420277955, -20.95295057138843], [55.65615467148187, -20.95302582890448], [55.6559171355662, -20.95324076894044], [55.65578432685073, -20.953358968746013], [55.654315995480445, -20.9546646710123], [55.652387880251695, -20.95638830488515], [55.651346863361994, -20.956276185206335], [55.648629451805725, -20.95392936673349], [55.64740790253001, -20.952722639976912], [55.64603292667626, -20.951089318642534], [55.64293833252748, -20.949265189011907], [55.641743172897506, -20.949136880897722], [55.64045894739254, -20.94886150706147], [55.63981127483425, -20.948594363142245], [55.63844895762515, -20.94781020096453], [55.63833025161793, -20.947750533703665], [55.638333291651, -20.94773339376855], [55.638302907563144, -20.947584093640643], [55.63949295418102, -20.945988736152525], [55.64238696943413, -20.94316535647999], [55.64489996909007, -20.941806209453183], [55.644939628579344, -20.94178032639047], [55.64622256927789, -20.942300018867055], [55.646936593032166, -20.942351755806218], [55.64748038068807, -20.942995436533707], [55.6476090476773, -20.943391460443813], [55.64766643750663, -20.943746944594167], [55.647882984442525, -20.94530631777218], [55.648118099490176, -20.94699366632966], [55.64843419907384, -20.94713258199615], [55.648760020594864, -20.947259830149882], [55.64941648145357, -20.947513459425867], [55.650043653721845, -20.947709037989952], [55.65076470455856, -20.947462699452164], [55.651013821217866, -20.94676003125988], [55.650865519858314, -20.946675747137164], [55.65083878970939, -20.946653854530258], [55.65082841465324, -20.946631187898998], [55.65086237972, -20.946489625445533], [55.65094398862747, -20.946289719907316], [55.65101377496883, -20.94612133922039], [55.65107258709232, -20.945997137474333], [55.651132279754535, -20.945881976494043], [55.651135148314864, -20.945883805943172], [55.65150919863026, -20.94631677366382], [55.65231533189356, -20.947253629289726], [55.65298719930693, -20.94804307309255], [55.654197614185186, -20.949477263622455], [55.65444012664434, -20.94978090711838], [55.65460734302052, -20.950008975522], [55.6547308424975, -20.950178882411528], [55.65497962018213, -20.950534970882703], [55.65512755742953, -20.950768307089234], [55.655358801862974, -20.95114955154924], [55.65561821012815, -20.95160780535753], [55.65582523890174, -20.95200873280966], [55.65586399580398, -20.95208401912486], [55.65601487070688, -20.95241946016046], [55.6561288074197, -20.95269137314458], [55.656207866007776, -20.95288441685234], [55.65623420277955, -20.95295057138843]]]}";9740901;97409;974;4;974090101;Pont Auguste;Saint-André;LA REUNION;Pont Auguste;LA REUNION;;4;;;;;;Iris d'habitat;9530;213.198640120;106.599320060;;223.166793809;;111.583396905;213.198640120;106;106.599320060;90.092112031;;90.092112031;100.149534205;;100.149534205;90.092112031;90;90.092112031;696.557298896;262.954102653;929.556555012;233.020677636;120.335712379;114.675462873;120.335712379;92.862927741;108.491330937;92.862927741;119.007102432;111.223102565;119.007102432;94.281821499;92.157808498;94.281821499;157.358143525;179.056796600;157.358143525;90.092112031;100.149534205;90.092112031;94.281821499;;94.281821499;92.157808498;;92.157808498;94.281821499;94;94.281821499;276.365245957;;138.182622979;290.279899165;;145.139949583;276.365245957;138;138.182622979;7738;;;303.290752150;;101.096917383;323.316328014;;107.772109338;303.290752150;101;101.096917383;370.647067456;;123.549022485;382.437707663;;127.479235888;370.647067456;123;123.549022485;Polygon;12845.333333333;1;1867.146145364;1031.014150174;107.273368122;550.161892068;481.016508429;0.377505344;0.250679398;0.552187172;0.191175550;0.167148246;12845.333333333;7738;673.937819607;;705.754035678;;673.937819607;112;0.313710150;0.329194524;0.313710150;0.269945611;0.231059381;0.269945611;0.463995141;0.496468053;0.463995141;0.202770319;0.207443681;0.202770319;0.106221542;0.093349289;0.106221542;14258;12826.153846154;14258
Saint-André;LA REUNION;CA Intercommunale de la Réunion Est (Cirest);LA REUNION;1944.419923111;109.857865641;114.266298990;109.857865641;Non;974090103;97409;69;249740093;-20.9658698652, 55.6479795431;"{""type"": ""Polygon"", ""coordinates"": [[[55.65067247665351, -20.967236091105764], [55.65063758725839, -20.96726562645176], [55.65060748212808, -20.96729790980986], [55.65055473859867, -20.967387830283766], [55.65034694584572, -20.967821614374074], [55.650108559798774, -20.96834188034492], [55.649927266312424, -20.96871625054333], [55.649750885990954, -20.969078915474373], [55.64972267941684, -20.969113923826466], [55.64969069891956, -20.969140771849933], [55.64871159225904, -20.969728790482293], [55.64727672295206, -20.970087341146595], [55.6467444172161, -20.97002800894427], [55.646667592216815, -20.970014751571707], [55.64662449301873, -20.96999453496467], [55.6466063582867, -20.969979033500884], [55.64659022021343, -20.9699554174786], [55.64657704053508, -20.96992369453619], [55.645974719981076, -20.968133832772082], [55.64595679703485, -20.96809484507091], [55.64594171045649, -20.968061300178224], [55.64478563562699, -20.965286868056904], [55.64529821360355, -20.964544751274325], [55.64536452864168, -20.964443196421037], [55.64542605950347, -20.964338893379768], [55.64548969266121, -20.964214732666893], [55.6456133315064, -20.963941991079086], [55.6457055774485, -20.96373765681625], [55.64581554028931, -20.963488294249412], [55.646053181833004, -20.962944540551575], [55.646128793191416, -20.962771692154323], [55.64620805597657, -20.962620553827673], [55.646239285305896, -20.962570212560458], [55.646266480863964, -20.96254061699141], [55.646303285153316, -20.962512001100443], [55.64635642184926, -20.962485321651677], [55.64805225589599, -20.96213562033669], [55.64937538598208, -20.962269871600913], [55.649375369758715, -20.962271678233993], [55.64970217303399, -20.962293238144795], [55.6504081239867, -20.962612301737305], [55.65066029729348, -20.963234017425304], [55.65073847684382, -20.963578372747918], [55.65079866541798, -20.963998469646853], [55.650774858021954, -20.964293686798975], [55.65072049758755, -20.96445676846771], [55.65060966123014, -20.96469709379475], [55.650531338906916, -20.964850951877576], [55.65043218830726, -20.965075108711755], [55.650199277737116, -20.96562884362228], [55.650183493093095, -20.965672984275788], [55.65018208542838, -20.96572265906626], [55.650219549292984, -20.965942025563425], [55.650294054754006, -20.966320680374672], [55.650481163378714, -20.966798243559168], [55.65067247665351, -20.967236091105764]]]}";9740901;97409;974;4;974090103;Pont Minot;Saint-André;LA REUNION;Pont Minot;LA REUNION;;4;;;;;;Iris d'habitat;9530;264.259316116;132.129658058;;277.124078227;;138.562039114;264.259316116;132;132.129658058;90.092112031;;90.092112031;100.149534205;;100.149534205;90.092112031;90;90.092112031;507.443831343;233.676884152;768.815149138;243.791874531;146.790924326;139.886296926;146.790924326;117.468391790;137.237781301;117.468391790;112.525658720;105.165596214;112.525658720;97.395169621;95.201018052;97.395169621;94.874937357;107.957567243;94.874937357;90.092112031;100.149534205;90.092112031;97.395169621;;97.395169621;95.201018052;;95.201018052;97.395169621;97;97.395169621;207.400596076;;103.700298038;213.123163457;;106.561581728;207.400596076;103;103.700298038;6554;;;354.351428147;;118.117142716;377.273612432;;125.757870811;354.351428147;118;118.117142716;304.795765697;;101.598588566;308.324181509;;102.774727170;304.795765697;101;101.598588566;Polygon;12845.333333333;1;1218.578330162;636.236304679;57.845456539;384.000565927;195.954014861;0.460498029;0.317100768;0.522113588;0.197488496;0.100777621;12845.333333333;6554;659.147193844;;685.597793941;;659.147193844;109;0.313710150;0.329194524;0.313710150;0.269945611;0.231059381;0.269945611;0.463995141;0.496468053;0.463995141;0.202770319;0.207443681;0.202770319;0.106221542;0.093349289;0.106221542;14258;12826.153846154;14258
Saint-André;LA REUNION;CA Intercommunale de la Réunion Est (Cirest);LA REUNION;3413.367050838;89.275794426;92.695489993;89.275794426;Non;974090501;97409;69;249740093;-20.971112983, 55.6712782785;"{""type"": ""Polygon"", ""coordinates"": [[[55.66458390163156, -20.9836797379233], [55.6643355923236, -20.982072479568917], [55.66392272102161, -20.98177293211686], [55.66378886991547, -20.981681543925063], [55.66302942603771, -20.981415410792767], [55.66261937429957, -20.979880958400425], [55.66286137329179, -20.97889817076082], [55.66346927988042, -20.977275044616515], [55.66384453500095, -20.976070164410622], [55.66432529052519, -20.974412961726973], [55.66446251302712, -20.973283318397744], [55.66452193051421, -20.972360761100838], [55.662689803690206, -20.971479144557847], [55.66218079886827, -20.969880677447097], [55.66206260764579, -20.969327782223733], [55.66192916251209, -20.968003277503747], [55.66189440949683, -20.96780155008698], [55.66173527590542, -20.96693214887796], [55.66137725029471, -20.965068366812627], [55.66115210822462, -20.964213804211347], [55.660486434593075, -20.962068458233638], [55.66057742069277, -20.962003226116106], [55.66074019909776, -20.961868094016175], [55.66089426572384, -20.961739217001725], [55.66102606049183, -20.961627329203207], [55.66276882737259, -20.96010525462203], [55.66432214959348, -20.95868556563279], [55.6665165550748, -20.95687248263092], [55.6693068291575, -20.954608712544612], [55.67030455874118, -20.953852229773133], [55.67032390332204, -20.95383973318763], [55.67066403708747, -20.954092623352302], [55.670697758436404, -20.954085659123056], [55.67112325076289, -20.95382066929411], [55.67216420233123, -20.954444902151174], [55.67325533615757, -20.95556816239732], [55.674203109098336, -20.95731455649555], [55.675268562709405, -20.959897494513925], [55.67528176373719, -20.959927408898622], [55.67528920263099, -20.95995637512188], [55.6756407741756, -20.961097375678143], [55.67573254639928, -20.961379042301033], [55.67576545008397, -20.961465119768214], [55.6758200592016, -20.961598342012817], [55.67601111673875, -20.96196389139062], [55.67627510492229, -20.962457384645266], [55.676525980690805, -20.962911026659256], [55.67687866766175, -20.963544329498003], [55.67764216300246, -20.964928824642293], [55.67826023858757, -20.96606285398841], [55.67849877428391, -20.96649923338674], [55.67884717334568, -20.967129789244602], [55.679117036838456, -20.967613386915076], [55.67921646357445, -20.967791221581965], [55.679313084673836, -20.967960000572504], [55.67988146510578, -20.96895090429397], [55.680161914135, -20.969434582505222], [55.68031636331, -20.969699568017248], [55.680460447839586, -20.96994008166309], [55.68116338030162, -20.972260004636528], [55.681433977560815, -20.973703455108417], [55.68161333239181, -20.97469360159009], [55.681731859170114, -20.97543620054139], [55.68178832074691, -20.97579799272824], [55.68197562539875, -20.977362755278495], [55.68210160996894, -20.978461798271226], [55.68215010608039, -20.97874493391798], [55.682187960412904, -20.97881569101379], [55.682542916160095, -20.97936137266636], [55.68422894620446, -20.980695157167954], [55.683977939861535, -20.98079981808122], [55.68371921489042, -20.98090712913142], [55.68218809703414, -20.981542117172584], [55.68085873415561, -20.982093734920692], [55.67896680561674, -20.9829562618705], [55.67765461334095, -20.98352153737125], [55.67554156431315, -20.984257640389952], [55.673247103267464, -20.98505644347715], [55.67274440338197, -20.985231397088942], [55.67198039312701, -20.98515136413586], [55.669610062531575, -20.984901147801217], [55.66716865373578, -20.984423593358013], [55.66568533883649, -20.983997326827943], [55.66520849601047, -20.98385988999627], [55.66458390163156, -20.9836797379233]]]}";9740905;97409;974;4;974090501;Ravine Creuse;Saint-André;LA REUNION;Ravine Creuse;LA REUNION;;4;;;;;;Iris d'habitat;9530;139.786348052;69.893174026;;146.710462673;;73.355231336;139.786348052;69;69.893174026;90.092112031;;90.092112031;100.149534205;;100.149534205;90.092112031;90;90.092112031;923.872154610;223.445929433;1142.455272789;193.337442911;77.096027204;73.469649454;77.096027204;62.690320848;73.240813219;62.690320848;112.322267075;104.975507982;112.322267075;98.444522941;96.226731183;98.444522941;95.009516460;108.110703919;95.009516460;90.092112031;100.149534205;90.092112031;98.444522941;;98.444522941;96.226731183;;96.226731183;98.444522941;98;98.444522941;207.331783535;;103.665891767;213.086211900;;106.543105950;207.331783535;103;103.665891767;11006;;;229.878460082;;76.626153361;246.859996878;;82.286665626;229.878460082;76;76.626153361;305.776306476;;101.925435492;309.312943083;;103.104314361;305.776306476;101;101.925435492;Polygon;12845.333333333;1;2300.288846096;1198.841218250;47.644081931;681.363608821;344.478960001;0.241858063;0.169229770;0.521169861;0.199616273;0.100920573;12845.333333333;11006;535.654766558;;556.172939961;;535.654766558;89;0.313710150;0.329194524;0.313710150;0.269945611;0.231059381;0.269945611;0.463995141;0.496468053;0.463995141;0.202770319;0.207443681;0.202770319;0.106221542;0.093349289;0.106221542;14258;12826.153846154;14258
Saint-André;LA REUNION;CA Intercommunale de la Réunion Est (Cirest);LA REUNION;4427.107338650;80.546183384;83.772318599;80.546183384;Non;974090401;97409;69;249740093;-20.9681280603, 55.6881350428;"{""type"": ""Polygon"", ""coordinates"": [[[55.67528176373719, -20.959927408898622], [55.67534256449211, -20.959903489837473], [55.67568318345927, -20.959776048119068], [55.67597228419797, -20.959710539407585], [55.676511787306005, -20.95960541834068], [55.678316255880254, -20.959086417039355], [55.68026097403829, -20.95792707499693], [55.68161676648256, -20.9564198683778], [55.68168089315484, -20.956345382794847], [55.68221029845344, -20.95590907223933], [55.682574937745805, -20.955617836251715], [55.68340425308928, -20.955142734256246], [55.68353080682687, -20.955077763801444], [55.68406668185789, -20.954835274310675], [55.68442854177084, -20.954696234011983], [55.684982912943354, -20.954537899594335], [55.68560145324317, -20.954409869862857], [55.68599984495846, -20.95438222486537], [55.68627125135321, -20.954359021031763], [55.68639645523108, -20.95433830415492], [55.686488915644325, -20.954322755324736], [55.687221267695634, -20.954156750373915], [55.68777551628455, -20.95401195657803], [55.68808730248982, -20.95387975006452], [55.68815390824678, -20.953851353910196], [55.68821376669277, -20.953824712610018], [55.68828428199229, -20.95378911933758], [55.688347174945, -20.953745336874835], [55.688406362999956, -20.95368526482877], [55.688471501976565, -20.953604460502202], [55.68859064933929, -20.953395789759586], [55.6886385360376, -20.95352895669968], [55.68872737218483, -20.95370851152534], [55.68945806673298, -20.955167687244465], [55.68955450359135, -20.955358140820035], [55.689881731890274, -20.955910143810236], [55.69121564559758, -20.95809372468598], [55.69218256247542, -20.959440765475858], [55.693964325333866, -20.961912666922398], [55.69548210549341, -20.96372926802601], [55.69585287540846, -20.96411695060692], [55.69598915555217, -20.96426163273653], [55.69638833335603, -20.9647010249913], [55.696671802518296, -20.965063646651174], [55.696820656040536, -20.96531141116988], [55.69689739727619, -20.965445700105338], [55.69711461841037, -20.96590628452472], [55.69718616805958, -20.966084799944458], [55.69734901034572, -20.966494378418435], [55.69765534529119, -20.967326938014235], [55.697771753178, -20.967656662696356], [55.69784213137344, -20.96785956055191], [55.69790301747754, -20.968047931568616], [55.69801731478701, -20.968510438824037], [55.698107557100855, -20.969029676046212], [55.698149556515794, -20.969344377792115], [55.698537575115104, -20.971158419348527], [55.69933617522386, -20.974488326587025], [55.69970428947045, -20.97579857203336], [55.70016209700458, -20.977304182326346], [55.70037415252771, -20.97792010740751], [55.70044845681984, -20.978226021095516], [55.700475936287624, -20.97838522789976], [55.700488145007824, -20.97864188467682], [55.700000788553744, -20.978716761718953], [55.69828829334395, -20.97898012373561], [55.69673952868787, -20.979218522493802], [55.695891941105124, -20.97934935192489], [55.6948786926222, -20.979505106379467], [55.692598879092984, -20.979855305616166], [55.69022778102873, -20.97989039274235], [55.689574732976766, -20.979744441212592], [55.68870366034269, -20.979699796149582], [55.68736075475357, -20.979824059144224], [55.68624654447477, -20.980084680233976], [55.68505097689953, -20.980408806480977], [55.68467205772918, -20.980511577673894], [55.68422894620446, -20.980695157167954], [55.682542916160095, -20.97936137266636], [55.682187960412904, -20.97881569101379], [55.68215010608039, -20.97874493391798], [55.68210160996894, -20.978461798271226], [55.68197562539875, -20.977362755278495], [55.68178832074691, -20.97579799272824], [55.681731859170114, -20.97543620054139], [55.68161333239181, -20.97469360159009], [55.681433977560815, -20.973703455108417], [55.68116338030162, -20.972260004636528], [55.680460447839586, -20.96994008166309], [55.68031636331, -20.969699568017248], [55.680161914135, -20.969434582505222], [55.67988146510578, -20.96895090429397], [55.679313084673836, -20.967960000572504], [55.67921646357445, -20.967791221581965], [55.679117036838456, -20.967613386915076], [55.67884717334568, -20.967129789244602], [55.67849877428391, -20.96649923338674], [55.67826023858757, -20.96606285398841], [55.67764216300246, -20.964928824642293], [55.67687866766175, -20.963544329498003], [55.676525980690805, -20.962911026659256], [55.67627510492229, -20.962457384645266], [55.67601111673875, -20.96196389139062], [55.6758200592016, -20.961598342012817], [55.67576545008397, -20.961465119768214], [55.67573254639928, -20.961379042301033], [55.6756407741756, -20.961097375678143], [55.67528920263099, -20.95995637512188], [55.67528176373719, -20.959927408898622]]]}";9740904;97409;974;4;974090401;Riviere du Mat Les Bas;Saint-André;LA REUNION;Riviere du Mat Les Bas;LA REUNION;;4;;;;;;Iris d'habitat;9530;140.581557607;70.290778803;;147.681859750;;73.840929875;140.581557607;70;70.290778803;90.092112031;;90.092112031;100.149534205;;100.149534205;90.092112031;90;90.092112031;1196.508592002;288.646896788;1463.208306783;251.536343036;76.899320225;73.282195012;76.899320225;63.682237381;74.399664738;63.682237381;88.170033249;82.403020079;88.170033249;91.684466939;89.618968026;91.684466939;72.748930476;82.780529532;72.748930476;90.092112031;100.149534205;90.092112031;91.684466939;;91.684466939;89.618968026;;89.618968026;91.684466939;91;91.684466939;160.918963725;;80.459481863;165.183549611;;82.591774805;160.918963725;80;80.459481863;12870;;;230.673669637;;76.891223212;247.831393955;;82.610464652;230.673669637;76;76.891223212;252.603430665;;84.201143555;254.802517637;;84.934172546;252.603430665;84;84.201143555;Polygon;12845.333333333;1;2792.308881077;1142.346602583;50.035193071;823.038592767;342.104877725;0.241240973;0.171907405;0.409104670;0.185908886;0.077275036;12845.333333333;12870;483.277100302;;502.633911592;;483.277100302;80;0.313710150;0.329194524;0.313710150;0.269945611;0.231059381;0.269945611;0.463995141;0.496468053;0.463995141;0.202770319;0.207443681;0.202770319;0.106221542;0.093349289;0.106221542;14258;12826.153846154;14258
Saint-Benoît;LA REUNION;CA Intercommunale de la Réunion Est (Cirest);LA REUNION;1957.672588719;102.153666033;104.307044998;102.153666033;Non;974100104;97410;69;249740093;-21.0486432049, 55.7226096531;"{""type"": ""Polygon"", ""coordinates"": [[[55.7157291902835, -21.050771475037003], [55.71586820492659, -21.050496088508787], [55.716829482064405, -21.04859900472788], [55.71719634267355, -21.047956302394557], [55.71763185301411, -21.047275271403983], [55.7176612081163, -21.047218579328586], [55.717926910519076, -21.04731905396107], [55.720049785409344, -21.048783194932437], [55.72051395954717, -21.04682994513104], [55.720736673337896, -21.04565450264726], [55.72077967818957, -21.04546421073381], [55.720820910493586, -21.04536876159734], [55.72107713305661, -21.044776258322674], [55.72138607020972, -21.04409561874931], [55.72198366459791, -21.04364390096329], [55.72258603928041, -21.0437595472916], [55.72268555728123, -21.043825339589333], [55.722745854711995, -21.043863735279746], [55.72287423231167, -21.04393064777222], [55.7229548215816, -21.043959258572357], [55.72304414035451, -21.04397980439911], [55.72323202323425, -21.044013608098275], [55.72415442628774, -21.044117328966895], [55.72472948456739, -21.044164104888157], [55.72563588058432, -21.043835745579763], [55.72591977021236, -21.043721336495583], [55.72596363359659, -21.043768641799378], [55.72614169347375, -21.044217156333985], [55.72783651281661, -21.04634560041398], [55.728426519971926, -21.046786355786132], [55.72854640703012, -21.046947153591155], [55.728517673099915, -21.047044505094537], [55.72848983235619, -21.047149993816966], [55.72744767050245, -21.048798328781913], [55.72571661664738, -21.05131057188845], [55.72506673593075, -21.05224928932094], [55.72316708861785, -21.052921599938248], [55.72161106592538, -21.053415796570707], [55.71971525877718, -21.052566786096474], [55.718171453572175, -21.05157722422022], [55.716226698591775, -21.050886352118294], [55.7157291902835, -21.050771475037003]]]}";9741001;97410;974;4;974100104;Beaufond Distillerie;Saint-Benoît;LA REUNION;Beaufond Distillerie;LA REUNION;;4;;;;;;Iris d'habitat;6500;236.087446749;118.043723375;;242.962247711;;121.481123856;236.087446749;118;118.043723375;89.145742741;;89.145742741;99.097517092;;99.097517092;89.145742741;89;89.145742741;535.208020193;256.199174041;690.926550985;155.732943354;152.590164783;145.412757613;152.590164783;83.497281967;97.549490099;83.497281967;125.430966280;117.226795227;125.430966280;112.680593228;110.142086427;112.680593228;49.577247202;56.413623531;49.577247202;89.145742741;99.097517092;89.145742741;112.680593228;;112.680593228;110.142086427;;110.142086427;112.680593228;112;112.680593228;175.008213482;;87.504106741;173.640418758;;86.820209379;175.008213482;87;87.504106741;5038;;;325.233189490;;108.411063163;342.059764804;;114.019921601;325.233189490;108;108.411063163;287.688806710;;95.896268903;283.782505185;;94.594168395;287.688806710;95;95.896268903;Polygon;12710.4;1;1256.509383203;731.280404706;7.539800479;447.294510679;103.094398759;0.478690835;0.225397248;0.581993588;0.228482798;0.052661716;12710.4;5038;612.921996200;;625.842269989;;612.921996200;102;0.313710150;0.329194524;0.313710150;0.269945611;0.231059381;0.269945611;0.463995141;0.496468053;0.463995141;0.202770319;0.207443681;0.202770319;0.106221542;0.093349289;0.106221542;14258;12826.153846154;14258
Saint-Benoît;LA REUNION;CA Intercommunale de la Réunion Est (Cirest);LA REUNION;1635.638017234;113.924040196;117.930014335;113.924040196;Non;974100103;97410;69;249740093;-21.0435054367, 55.7216756189;"{""type"": ""Polygon"", ""coordinates"": [[[55.722717177332605, -21.038988812722867], [55.72272291206392, -21.03899337278275], [55.72458969439424, -21.041143012756084], [55.725435753765126, -21.042814313761887], [55.725877815962264, -21.04367585228183], [55.72591977021236, -21.043721336495583], [55.72563588058432, -21.043835745579763], [55.72472948456739, -21.044164104888157], [55.72415442628774, -21.044117328966895], [55.72323202323425, -21.044013608098275], [55.72304414035451, -21.04397980439911], [55.7229548215816, -21.043959258572357], [55.72287423231167, -21.04393064777222], [55.722745854711995, -21.043863735279746], [55.72268555728123, -21.043825339589333], [55.72258603928041, -21.0437595472916], [55.72198366459791, -21.04364390096329], [55.72138607020972, -21.04409561874931], [55.72107713305661, -21.044776258322674], [55.720820910493586, -21.04536876159734], [55.72077967818957, -21.04546421073381], [55.720736673337896, -21.04565450264726], [55.72051395954717, -21.04682994513104], [55.720049785409344, -21.048783194932437], [55.717926910519076, -21.04731905396107], [55.7176612081163, -21.047218579328586], [55.71773950374597, -21.047065593763772], [55.71818648500153, -21.046224295717984], [55.71874784459393, -21.04517336848272], [55.719123179907314, -21.044494137557418], [55.71918963977545, -21.044374487422292], [55.71994116414766, -21.043022176841134], [55.720824819802736, -21.041418257787694], [55.72116994434965, -21.040781253291364], [55.721639101731625, -21.039930173444752], [55.72237960292589, -21.039193152552997], [55.722717177332605, -21.038988812722867]]]}";9741001;97410;974;4;974100103;Beaufond-Le Port;Saint-Benoît;LA REUNION;Beaufond-Le Port;LA REUNION;;4;;;;;;Iris d'habitat;6500;262.120208942;131.060104471;;275.637574067;;137.818787033;262.120208942;131;131.060104471;89.145742741;;89.145742741;99.097517092;;99.097517092;89.145742741;89;89.145742741;416.423098606;185.618829307;627.158197909;203.212162871;142.088407685;135.404973287;142.088407685;120.031801257;140.232600779;120.031801257;130.638708740;122.093910398;130.638708740;116.525762366;113.900630285;116.525762366;85.113818390;96.850454168;85.113818390;89.145742741;99.097517092;89.145742741;116.525762366;;116.525762366;113.900630285;;113.900630285;116.525762366;116;116.525762366;215.752527130;;107.876263565;218.944364566;;109.472182283;215.752527130;107;107.876263565;7088;;;351.265951683;;117.088650561;374.735091159;;124.911697053;351.265951683;117;117.088650561;332.278289496;;110.759429832;332.844994851;;110.948331617;332.278289496;110;110.759429832;Polygon;12710.4;1;1108.744814594;672.073719167;27.691455215;386.467994166;147.876741513;0.445745757;0.324020580;0.606157260;0.236279660;0.090409210;12710.4;7088;683.544241179;;707.580086010;;683.544241179;113;0.313710150;0.329194524;0.313710150;0.269945611;0.231059381;0.269945611;0.463995141;0.496468053;0.463995141;0.202770319;0.207443681;0.202770319;0.106221542;0.093349289;0.106221542;14258;12826.153846154;14258
Saint-Benoît;LA REUNION;CA Intercommunale de la Réunion Est (Cirest);LA REUNION;3506.007630359;87.179705115;91.249754880;87.179705115;Non;974100109;97410;69;249740093;-21.0176122719, 55.6937284065;"{""type"": ""Polygon"", ""coordinates"": [[[55.68176683425991, -21.008929533775017], [55.68204946152863, -21.00884499802347], [55.683565644005384, -21.008629081104118], [55.6838724894119, -21.00863506816509], [55.68407050240936, -21.008654667260608], [55.68481389295725, -21.008796825668586], [55.68522860570863, -21.008899402869723], [55.68552120835848, -21.008993808770096], [55.6855442172261, -21.009003020366613], [55.68696366368717, -21.009067278912887], [55.687827842971224, -21.008929403102123], [55.69079813067047, -21.008443674380096], [55.6910361226303, -21.00840214261322], [55.691141547820834, -21.00833790961691], [55.69122695219218, -21.008252744655863], [55.69129411791441, -21.008162922443933], [55.69140040067386, -21.007890013300845], [55.691487081861496, -21.007327417551267], [55.691552654703315, -21.006868549008566], [55.69259002284815, -21.006217477951974], [55.69369286610427, -21.005804538219284], [55.69622252950459, -21.006252142989233], [55.69951100834743, -21.00495383773619], [55.70048284272633, -21.004934159329036], [55.700909343947714, -21.004897666195024], [55.70096136144151, -21.005001049769664], [55.70098947021822, -21.005087989814154], [55.701031822600086, -21.00591898070159], [55.701176539652046, -21.007705636497903], [55.70120952203621, -21.00800762061515], [55.70124857378462, -21.008330880716883], [55.7015031129046, -21.010323443748295], [55.70152116484399, -21.01046089681711], [55.70154745278251, -21.01064719580304], [55.701632143757735, -21.011199813464817], [55.70174087850908, -21.011864634914538], [55.70192273839774, -21.01297357873227], [55.70214811315332, -21.014390910283723], [55.70226418288418, -21.015431597530892], [55.702335987810876, -21.015917265634027], [55.70240240295797, -21.016247509535493], [55.702549993081774, -21.016870167463402], [55.70266535775364, -21.017325452396168], [55.70322001497635, -21.018160800266845], [55.70457319545949, -21.020450364008422], [55.704530033181356, -21.02076893193951], [55.70453587027513, -21.020872866243575], [55.704544312672525, -21.021009342428], [55.7045710659184, -21.02114234451324], [55.70480992525132, -21.021893525555992], [55.70560145921338, -21.024159381514266], [55.70573653696805, -21.02445039772755], [55.70637664786977, -21.025645936112475], [55.70713411052458, -21.02690244007324], [55.70737028874498, -21.027241651758235], [55.70751845648706, -21.027465915368985], [55.707388857547635, -21.02743150482558], [55.707019859834126, -21.027821674077337], [55.7057069116583, -21.031001553522334], [55.705053040387774, -21.032621771448532], [55.70473626536828, -21.03275667342143], [55.70457376797934, -21.032631671050325], [55.70358938568649, -21.03174517043337], [55.70206275541936, -21.03075379811992], [55.701002232723646, -21.030162561886826], [55.70023659990187, -21.02913136544436], [55.70014698323305, -21.02892470791815], [55.700038515878134, -21.028672736835606], [55.700073083610306, -21.02857001487874], [55.70047248497452, -21.02750526302321], [55.700481984751214, -21.026353967273717], [55.70047536726265, -21.025951908889372], [55.700348520971524, -21.025544866439116], [55.7002225904273, -21.02514325123569], [55.699955395303455, -21.024721584952083], [55.699485547757796, -21.02442439136119], [55.696960052019456, -21.023073466230493], [55.69591710480407, -21.02340153244366], [55.693609206264355, -21.02413724461071], [55.691745558783836, -21.025066956981416], [55.6912821788675, -21.025518698129865], [55.691017267418154, -21.025775027577513], [55.69088746117441, -21.02587520756508], [55.690184644565676, -21.026254637943133], [55.69017304396214, -21.02626087228854], [55.689563068593124, -21.026585908507656], [55.68883230462379, -21.026969634515236], [55.68812007819241, -21.027323688511135], [55.68735998028198, -21.02748540057578], [55.685388624656184, -21.027302593617286], [55.68413460394589, -21.026788354290137], [55.683237041165874, -21.02348495887358], [55.68253324357609, -21.021675902356385], [55.682453347947934, -21.021461181460737], [55.68241664283393, -21.021258539112047], [55.68238264779385, -21.020966482734583], [55.682355511158086, -21.020441406398266], [55.682381858539834, -21.020289841982077], [55.68253519695434, -21.019756226354527], [55.682944631706484, -21.019093602913447], [55.682660202557784, -21.018176272064967], [55.68210435249797, -21.017380601887957], [55.68139706280869, -21.01673913838384], [55.680667376304584, -21.01656635476281], [55.679787199567286, -21.01567421013297], [55.67959235929998, -21.015183967339624], [55.67978196028298, -21.014957786074387], [55.68083275064925, -21.01384393402514], [55.681179236980256, -21.013500624016675], [55.681504718570885, -21.01335770180665], [55.682299648577526, -21.01300160309923], [55.68258453351586, -21.012715629487943], [55.68277625256895, -21.012247353706424], [55.682858589536046, -21.011361770397208], [55.68286083079996, -21.01132565234333], [55.68286656084551, -21.01122090402823], [55.68288734275896, -21.010826285597357], [55.68287916049323, -21.010772019150963], [55.68186017366052, -21.00903685626719], [55.68176683425991, -21.008929533775017]]]}";9741001;97410;974;4;974100109;Bourbier-Beauvallon;Saint-Benoît;LA REUNION;Bourbier-Beauvallon;LA REUNION;;4;;;;;;Iris d'habitat;6500;166.520239653;83.260119826;;175.198558427;;87.599279213;166.520239653;83;83.260119826;89.145742741;;89.145742741;99.097517092;;99.097517092;89.145742741;89;89.145742741;943.105802711;265.813214601;1224.109344964;253.372249544;89.843689891;85.617698360;89.843689891;76.676549762;89.580860067;76.676549762;76.858030609;71.830911321;76.858030609;96.363786613;94.192870392;96.363786613;94.190431076;107.178672047;94.190431076;89.145742741;99.097517092;89.145742741;96.363786613;;96.363786613;94.192870392;;94.192870392;96.363786613;96;96.363786613;171.048461685;;85.524230843;179.009583369;;89.504791684;171.048461685;85;85.524230843;14286;;;255.665982394;;85.221994131;274.296075519;;91.432025173;255.665982394;85;85.221994131;267.412248298;;89.137416099;273.202453760;;91.067484587;267.412248298;89;89.137416099;Polygon;12710.4;1;2307.113440492;822.757090073;48.150077747;685.063924245;350.777915560;0.281848774;0.206984981;0.356617527;0.195397157;0.100050528;12710.4;14286;523.078230692;;547.498529280;;523.078230692;87;0.313710150;0.329194524;0.313710150;0.269945611;0.231059381;0.269945611;0.463995141;0.496468053;0.463995141;0.202770319;0.207443681;0.202770319;0.106221542;0.093349289;0.106221542;14258;12826.153846154;14258
Saint-Benoît;LA REUNION;CA Intercommunale de la Réunion Est (Cirest);LA REUNION;3791.541253612;89.123270514;93.036182874;89.123270514;Non;974100108;97410;69;249740093;-21.0342328286, 55.6790466255;"{""type"": ""Polygon"", ""coordinates"": [[[55.68176683425991, -21.008929533775017], [55.68186017366052, -21.00903685626719], [55.68287916049323, -21.010772019150963], [55.68288734275896, -21.010826285597357], [55.68286656084551, -21.01122090402823], [55.68286083079996, -21.01132565234333], [55.682858589536046, -21.011361770397208], [55.68277625256895, -21.012247353706424], [55.68258453351586, -21.012715629487943], [55.682299648577526, -21.01300160309923], [55.681504718570885, -21.01335770180665], [55.681179236980256, -21.013500624016675], [55.68083275064925, -21.01384393402514], [55.67978196028298, -21.014957786074387], [55.67959235929998, -21.015183967339624], [55.679787199567286, -21.01567421013297], [55.680667376304584, -21.01656635476281], [55.68139706280869, -21.01673913838384], [55.68210435249797, -21.017380601887957], [55.682660202557784, -21.018176272064967], [55.682944631706484, -21.019093602913447], [55.68253519695434, -21.019756226354527], [55.682381858539834, -21.020289841982077], [55.682355511158086, -21.020441406398266], [55.68238264779385, -21.020966482734583], [55.68241664283393, -21.021258539112047], [55.682453347947934, -21.021461181460737], [55.68253324357609, -21.021675902356385], [55.683237041165874, -21.02348495887358], [55.68413460394589, -21.026788354290137], [55.685388624656184, -21.027302593617286], [55.68735998028198, -21.02748540057578], [55.68812007819241, -21.027323688511135], [55.68883230462379, -21.026969634515236], [55.689563068593124, -21.026585908507656], [55.69017304396214, -21.02626087228854], [55.690184644565676, -21.026254637943133], [55.69088746117441, -21.02587520756508], [55.691017267418154, -21.025775027577513], [55.6912821788675, -21.025518698129865], [55.691745558783836, -21.025066956981416], [55.693609206264355, -21.02413724461071], [55.69591710480407, -21.02340153244366], [55.696960052019456, -21.023073466230493], [55.699485547757796, -21.02442439136119], [55.699955395303455, -21.024721584952083], [55.7002225904273, -21.02514325123569], [55.700348520971524, -21.025544866439116], [55.70047536726265, -21.025951908889372], [55.700481984751214, -21.026353967273717], [55.70047248497452, -21.02750526302321], [55.700073083610306, -21.02857001487874], [55.700038515878134, -21.028672736835606], [55.70014698323305, -21.02892470791815], [55.70023659990187, -21.02913136544436], [55.701002232723646, -21.030162561886826], [55.70206275541936, -21.03075379811992], [55.70358938568649, -21.03174517043337], [55.70457376797934, -21.032631671050325], [55.70473626536828, -21.03275667342143], [55.704589579755776, -21.032806145565523], [55.704299619509996, -21.03295570522281], [55.702733677506565, -21.033780300836924], [55.702611811102834, -21.03385254528799], [55.702553776089715, -21.033887334515242], [55.70260991821775, -21.033960034030365], [55.702848872552174, -21.034145245276644], [55.70328199875779, -21.034464735497632], [55.70349713493764, -21.03462266256119], [55.70604386985746, -21.036551830536443], [55.70804445000537, -21.038106422824455], [55.707804477552585, -21.038260884966686], [55.707218777445966, -21.038893320440014], [55.70632883662131, -21.039878469906345], [55.70609074747111, -21.040148577448676], [55.70562595698777, -21.04070694588754], [55.70531566206414, -21.041092135955033], [55.70495188130212, -21.041541961746915], [55.70462416136074, -21.041938761621427], [55.70429158166421, -21.042340944043982], [55.703968751368016, -21.042728294174125], [55.70357892370617, -21.043184693349797], [55.70323391541598, -21.043576841322913], [55.70262370426057, -21.044256951275447], [55.702359393985084, -21.044553050883287], [55.70211334166512, -21.04485199963541], [55.702009262753755, -21.04498038899476], [55.701990502646574, -21.045035352294118], [55.701998254575756, -21.0451402043815], [55.701917324752806, -21.045151330205943], [55.701621182416275, -21.045122869498037], [55.70055712143868, -21.04498374491032], [55.70013437230462, -21.044907337339893], [55.699484240601855, -21.044752400847173], [55.69942950303063, -21.044739334513203], [55.69928301857599, -21.044653295027242], [55.699139836856205, -21.04451940123941], [55.69899006101569, -21.04436919590559], [55.69866733356919, -21.04396742816064], [55.69553016401524, -21.04287331553977], [55.693422254420206, -21.041497076407133], [55.690426782555605, -21.039945494973125], [55.68708042388794, -21.03935099813633], [55.683898377065184, -21.039060342062516], [55.68120219757381, -21.038882215524435], [55.68059867611039, -21.038910092893182], [55.67805088549602, -21.038880359018712], [55.67769783389759, -21.038869482319352], [55.67718851847322, -21.03884699992704], [55.676182294873406, -21.03875921664176], [55.673799941454135, -21.0383034089008], [55.6718459566186, -21.03837306941456], [55.669919722693955, -21.03824327780115], [55.66963305671086, -21.038233807283675], [55.66948183374788, -21.038250691172557], [55.66683503620775, -21.039184822289577], [55.66559017204639, -21.039619771524215], [55.66470557296724, -21.04026390265987], [55.66398467136847, -21.040984100719424], [55.66336214700352, -21.041893874837097], [55.66230800691751, -21.043776347392306], [55.662389132749816, -21.045036292373503], [55.662650367196086, -21.045955275311584], [55.66298779287844, -21.046963388301037], [55.66260735303184, -21.048939690858493], [55.66176049195306, -21.050557291714387], [55.660811001670645, -21.05165057240276], [55.6590298594003, -21.052978485125188], [55.65670350917194, -21.055057738905084], [55.656243114277395, -21.056040179624397], [55.65621201493847, -21.05695725892978], [55.656435908399665, -21.057209264550096], [55.656340486777886, -21.057225673788043], [55.65610362864935, -21.057345755213635], [55.655939169786045, -21.057441114785696], [55.6533737912756, -21.05922663568467], [55.651436409419766, -21.061268240023946], [55.65062684245495, -21.06124105163938], [55.649639531255865, -21.060532167854568], [55.64841832500295, -21.058927100262654], [55.648467535808365, -21.05806025580214], [55.65033710102262, -21.05660172381492], [55.652274330081205, -21.055212814183054], [55.65492269624754, -21.053288392523946], [55.65532587443638, -21.052436089876473], [55.65473145175386, -21.051974276790695], [55.6531841681893, -21.050781308562286], [55.651789909342405, -21.04969613957791], [55.64958903092924, -21.047995677842287], [55.649528055258074, -21.047501048556942], [55.649736880070456, -21.04707360631096], [55.65023405012497, -21.046363892141276], [55.65056747185402, -21.045991640710916], [55.65095229852919, -21.045681226012338], [55.6531253791635, -21.04300776629225], [55.654511324028576, -21.041558440649013], [55.654698939496846, -21.04145423109662], [55.655142464142344, -21.04114156032216], [55.65520736911661, -21.04109329168791], [55.65542535482241, -21.040928795488536], [55.65563768040163, -21.04075160696661], [55.65665354517096, -21.039817419399785], [55.657417534921905, -21.038640937836785], [55.65900351475808, -21.037329109027883], [55.66037526102382, -21.036944246715382], [55.66116593072373, -21.036438261658766], [55.663491880748815, -21.034470942059006], [55.66353087453833, -21.03441433584071], [55.66358174447, -21.034320784497172], [55.66363082698453, -21.034211861665206], [55.66363792458706, -21.034171265470153], [55.66368321230506, -21.03373257996511], [55.66399132221472, -21.033602205102028], [55.664102267395705, -21.033569651982965], [55.66608624779126, -21.033149802408715], [55.66808934778157, -21.03250304570642], [55.67049560760073, -21.031576326735486], [55.67062128667734, -21.031509556006007], [55.67113373541177, -21.031229900853255], [55.67263158811865, -21.02941677310888], [55.67267290938744, -21.02931411030734], [55.6726169098548, -21.029118542953317], [55.672553205469846, -21.02892381881223], [55.672309964696645, -21.028467519280465], [55.671181612001206, -21.02528693662483], [55.67026891239728, -21.023181249783246], [55.66968157271827, -21.022144996164396], [55.66936368501653, -21.02110362196292], [55.669298343960314, -21.02066045434675], [55.66926309999089, -21.020403618555076], [55.66928339903943, -21.01985090849623], [55.66929831067434, -21.019580010989575], [55.66945627179315, -21.01901844055571], [55.669587912337555, -21.018712320779986], [55.669685688566915, -21.018536022862293], [55.66980258545367, -21.018373425111076], [55.669935212083445, -21.01828141396749], [55.67018194556253, -21.01812434799315], [55.67043787460777, -21.018015232703547], [55.670772555421586, -21.01792208988498], [55.67083229069528, -21.017912619461576], [55.671045216312024, -21.0178790512161], [55.67139819322747, -21.017892649066223], [55.67215757441644, -21.017970849003092], [55.673181223103185, -21.01813918680172], [55.67390805460619, -21.018253712091518], [55.67407203525379, -21.01820620774438], [55.67423546101874, -21.018112626424145], [55.6745910297353, -21.0177242328104], [55.67470257158985, -21.017513710421092], [55.67481664383111, -21.017234550596086], [55.674873970802786, -21.016953141881082], [55.674945556255466, -21.016582409332752], [55.67495177107232, -21.016423462434485], [55.67490734077653, -21.016225275604032], [55.67464658588128, -21.015356900569316], [55.674371738558996, -21.014450473317066], [55.67530916099458, -21.01288679236448], [55.67782948096602, -21.010415767928727], [55.67790993247552, -21.010347735876735], [55.677971906810626, -21.010302144822106], [55.678101492096076, -21.010226363955187], [55.67818947229302, -21.010177361310124], [55.678273548709605, -21.010134651981158], [55.68139932058446, -21.009039609442915], [55.68176683425991, -21.008929533775017]]]}";9741001;97410;974;4;974100108;Bourbier-l'Abondance;Saint-Benoît;LA REUNION;Bourbier-l'Abondance;LA REUNION;;4;;;;;;Iris d'habitat;6500;157.878019084;78.939009542;;165.813636256;;82.906818128;157.878019084;78;78.939009542;89.145742741;;89.145742741;99.097517092;;99.097517092;89.145742741;89;89.145742741;1054.174024430;286.186774592;1290.034173300;248.432548062;86.538363648;82.467845259;86.538363648;71.339655436;83.345790997;71.339655436;99.334363188;92.837115091;99.334363188;86.579517371;84.629024501;86.579517371;101.801980701;115.839804306;101.801980701;89.145742741;99.097517092;89.145742741;86.579517371;;86.579517371;84.629024501;;84.629024501;86.579517371;86;86.579517371;201.136343889;;100.568171944;208.676919397;;104.338459698;201.136343889;100;100.568171944;12544;;;247.023761825;;82.341253942;264.911153348;;88.303717783;247.023761825;82;82.341253942;287.715861260;;95.905287087;293.305943898;;97.768647966;287.715861260;95;95.905287087;Polygon;12710.4;1;2558.861236824;1179.396078927;12.518683655;665.633743699;410.000715994;0.271479630;0.192578269;0.460906618;0.175557563;0.108135634;12710.4;12544;534.739623084;;558.217097246;;534.739623084;89;0.313710150;0.329194524;0.313710150;0.269945611;0.231059381;0.269945611;0.463995141;0.496468053;0.463995141;0.202770319;0.207443681;0.202770319;0.106221542;0.093349289;0.106221542;14258;12826.153846154;14258
Saint-Benoît;LA REUNION;CA Intercommunale de la Réunion Est (Cirest);LA REUNION;3248.200411526;84.413800231;87.654404594;84.413800231;Non;974100107;97410;69;249740093;-21.055011837, 55.6800042387;"{""type"": ""Polygon"", ""coordinates"": [[[55.656435908399665, -21.057209264550096], [55.65621201493847, -21.05695725892978], [55.656243114277395, -21.056040179624397], [55.65670350917194, -21.055057738905084], [55.6590298594003, -21.052978485125188], [55.660811001670645, -21.05165057240276], [55.66176049195306, -21.050557291714387], [55.66260735303184, -21.048939690858493], [55.66298779287844, -21.046963388301037], [55.662650367196086, -21.045955275311584], [55.662389132749816, -21.045036292373503], [55.66230800691751, -21.043776347392306], [55.66336214700352, -21.041893874837097], [55.66398467136847, -21.040984100719424], [55.66470557296724, -21.04026390265987], [55.66559017204639, -21.039619771524215], [55.66683503620775, -21.039184822289577], [55.66948183374788, -21.038250691172557], [55.66963305671086, -21.038233807283675], [55.669919722693955, -21.03824327780115], [55.6718459566186, -21.03837306941456], [55.673799941454135, -21.0383034089008], [55.676182294873406, -21.03875921664176], [55.67718851847322, -21.03884699992704], [55.67769783389759, -21.038869482319352], [55.67805088549602, -21.038880359018712], [55.68059867611039, -21.038910092893182], [55.68120219757381, -21.038882215524435], [55.683898377065184, -21.039060342062516], [55.68708042388794, -21.03935099813633], [55.690426782555605, -21.039945494973125], [55.693422254420206, -21.041497076407133], [55.69553016401524, -21.04287331553977], [55.69866733356919, -21.04396742816064], [55.69899006101569, -21.04436919590559], [55.699139836856205, -21.04451940123941], [55.69928301857599, -21.044653295027242], [55.69942950303063, -21.044739334513203], [55.699484240601855, -21.044752400847173], [55.70013437230462, -21.044907337339893], [55.70055712143868, -21.04498374491032], [55.701621182416275, -21.045122869498037], [55.701917324752806, -21.045151330205943], [55.701998254575756, -21.0451402043815], [55.702161702045984, -21.04515681037843], [55.70238181990203, -21.045185593010334], [55.7026374233266, -21.045228197094154], [55.70277282520767, -21.045260849351937], [55.702955087428826, -21.04532728451493], [55.703234896061964, -21.04546402473524], [55.7035230995099, -21.045631543729765], [55.703755642064436, -21.045781473309596], [55.70482587704373, -21.046570838423367], [55.70469068205067, -21.047821225200188], [55.70495619666896, -21.04938881929078], [55.70740750608646, -21.050251250599118], [55.70747559354605, -21.050278870241034], [55.70745115457224, -21.050322950313465], [55.70740257294072, -21.050376783965145], [55.70725990185746, -21.050516626909932], [55.707203645290974, -21.050567691934802], [55.707076666699045, -21.050673325387955], [55.70696148490583, -21.05075014011941], [55.70616196169725, -21.051341643835077], [55.70553597511851, -21.052452558339528], [55.70493070644371, -21.053892912410177], [55.704287146344264, -21.05486366223334], [55.70293318791362, -21.056463614555298], [55.70197740430444, -21.057534503920245], [55.7008539948888, -21.05802772849668], [55.6996576304146, -21.058138288498125], [55.69716603546893, -21.05913098450341], [55.694896637198504, -21.060905873279083], [55.69478122082831, -21.06100797196236], [55.6947188195894, -21.061100540831475], [55.69469068422676, -21.061236735451388], [55.694700806004604, -21.061400325619907], [55.69471783754447, -21.061544094464892], [55.69476646192168, -21.06181728993504], [55.69417560881546, -21.063321106293973], [55.693308122650734, -21.06471587045403], [55.69132380238191, -21.065463042922268], [55.69012637438556, -21.066690990670203], [55.689216558298924, -21.06771517879108], [55.687921942459326, -21.068607656152995], [55.6866347620512, -21.06941887615533], [55.68506678881701, -21.070310118550474], [55.68375409290747, -21.070517660142748], [55.68289934379093, -21.070773638544974], [55.682228566512975, -21.071176132274555], [55.68201464708733, -21.071750827233053], [55.68198566973387, -21.071980963832534], [55.682286909280556, -21.07209170796014], [55.68258699685458, -21.07200550602935], [55.68296811709969, -21.071788942307506], [55.683369852410976, -21.07163577411006], [55.683709333390304, -21.071557102688505], [55.68374887134847, -21.071548375471814], [55.68410987584554, -21.07164873923433], [55.684402057582055, -21.07180457840726], [55.685119085364285, -21.072243756120802], [55.68525773687806, -21.072346911952206], [55.68535482240963, -21.07247052349981], [55.6854112487116, -21.0726209215109], [55.68542917078658, -21.072771924700998], [55.685338136995675, -21.073164189792767], [55.68093919415663, -21.074084934007836], [55.678385414825065, -21.075862790141187], [55.67587793839959, -21.077513589911852], [55.67551790123659, -21.07762912282499], [55.674982549495816, -21.077868855593316], [55.66912301289615, -21.071359358568547], [55.66857503229752, -21.070748896766624], [55.66781692587804, -21.069903713788303], [55.66725990176921, -21.069283240031805], [55.66473349381405, -21.066478284603868], [55.66190050483482, -21.063313143181524], [55.66097814388329, -21.06227963957471], [55.65851019311582, -21.059528359966233], [55.656435908399665, -21.057209264550096]]]}";9741001;97410;974;4;974100107;Bras Canot-Le Cratere;Saint-Benoît;LA REUNION;Bras Canot-Le Cratere;LA REUNION;;4;;;;;;Iris d'habitat;6500;160.612961434;80.306480717;;169.447602456;;84.723801228;160.612961434;80;80.306480717;89.145742741;;89.145742741;99.097517092;;99.097517092;89.145742741;89;89.145742741;879.645191228;233.183124928;1122.910772936;230.714749356;84.500837769;80.526158800;84.500837769;76.112123665;88.921443656;76.112123665;99.723247690;93.200563489;99.723247690;90.196549561;88.164570957;90.196549561;66.804299964;76.016173569;66.804299964;89.145742741;99.097517092;89.145742741;90.196549561;;90.196549561;88.164570957;;88.164570957;90.196549561;90;90.196549561;166.527547653;;83.263773827;169.216737058;;84.608368529;166.527547653;83;83.263773827;10766;;;249.758704175;;83.252901392;268.545119548;;89.515039849;249.758704175;83;83.252901392;256.724097214;;85.574699071;257.381308015;;85.793769338;256.724097214;85;85.574699071;Polygon;12710.4;1;2057.458913200;952.008919163;22.530462087;594.069320772;230.494112151;0.265087705;0.205461338;0.462711023;0.182891831;0.070960558;12710.4;10766;506.482801389;;525.926427563;;506.482801389;84;0.313710150;0.329194524;0.313710150;0.269945611;0.231059381;0.269945611;0.463995141;0.496468053;0.463995141;0.202770319;0.207443681;0.202770319;0.106221542;0.093349289;0.106221542;14258;12826.153846154;14258
Saint-Benoît;LA REUNION;CA Intercommunale de la Réunion Est (Cirest);LA REUNION;3379.839558031;108.864346916;112.496747710;108.864346916;Non;974100105;97410;69;249740093;-21.045979246, 55.7104342211;"{""type"": ""Polygon"", ""coordinates"": [[[55.71212151653183, -21.040459979202193], [55.712191587178104, -21.040480384733332], [55.712963327862255, -21.040704851016905], [55.713071794200474, -21.0407363876315], [55.71355079883361, -21.04087281238745], [55.71412598729619, -21.04101448052842], [55.71417685295481, -21.041030223005293], [55.71436494348808, -21.04109036631091], [55.7152482867192, -21.04143039729437], [55.715395732582735, -21.04151733396265], [55.71552968428942, -21.04160687869576], [55.71558706122941, -21.041648868308904], [55.7156863499482, -21.041740861129163], [55.71582551774952, -21.041895489201558], [55.71597480566506, -21.04210439708273], [55.71610548648374, -21.042351106693246], [55.71618156851431, -21.042568495261055], [55.716190857847465, -21.042607411242283], [55.716231709284685, -21.042781170885178], [55.71625595513492, -21.04298371358888], [55.716257471385745, -21.04314362522033], [55.71625737073148, -21.043155368540734], [55.71625144462732, -21.043285412052466], [55.71621998167262, -21.043475789833064], [55.71619090768713, -21.04361198220233], [55.71604408667397, -21.044798831696625], [55.71647119916982, -21.04605144758601], [55.716590625582576, -21.04637666687007], [55.71723162292709, -21.046927155106825], [55.717619031229646, -21.04719928981105], [55.7176612081163, -21.047218579328586], [55.71763185301411, -21.047275271403983], [55.71719634267355, -21.047956302394557], [55.716829482064405, -21.04859900472788], [55.71586820492659, -21.050496088508787], [55.7157291902835, -21.050771475037003], [55.715412621553874, -21.051327376591637], [55.71454705446385, -21.05288911363864], [55.713411742376415, -21.05492940525879], [55.713147047560646, -21.05471058688286], [55.71307442502615, -21.054650413039006], [55.71179141902475, -21.05355210481487], [55.709288412420314, -21.05209084627492], [55.7085672791377, -21.051348652972116], [55.70854153929052, -21.051097315448697], [55.70852096916854, -21.051027598203934], [55.70848596488835, -21.050957771228493], [55.7074966855823, -21.050288064581448], [55.70747559354605, -21.050278870241034], [55.70740750608646, -21.050251250599118], [55.70495619666896, -21.04938881929078], [55.70469068205067, -21.047821225200188], [55.70482587704373, -21.046570838423367], [55.703755642064436, -21.045781473309596], [55.7035230995099, -21.045631543729765], [55.703234896061964, -21.04546402473524], [55.702955087428826, -21.04532728451493], [55.70277282520767, -21.045260849351937], [55.7026374233266, -21.045228197094154], [55.70238181990203, -21.045185593010334], [55.702161702045984, -21.04515681037843], [55.701998254575756, -21.0451402043815], [55.701990502646574, -21.045035352294118], [55.702009262753755, -21.04498038899476], [55.70211334166512, -21.04485199963541], [55.702359393985084, -21.044553050883287], [55.70262370426057, -21.044256951275447], [55.70323391541598, -21.043576841322913], [55.70357892370617, -21.043184693349797], [55.703968751368016, -21.042728294174125], [55.70429158166421, -21.042340944043982], [55.70462416136074, -21.041938761621427], [55.70495188130212, -21.041541961746915], [55.70531566206414, -21.041092135955033], [55.70562595698777, -21.04070694588754], [55.70609074747111, -21.040148577448676], [55.70632883662131, -21.039878469906345], [55.707218777445966, -21.038893320440014], [55.707804477552585, -21.038260884966686], [55.70804445000537, -21.038106422824455], [55.70806575852943, -21.038090323781557], [55.708374818025646, -21.038070087851686], [55.708810692647305, -21.03807339946917], [55.709362849092315, -21.03809430565507], [55.71026004259226, -21.038722196208482], [55.7105286519882, -21.039153344332664], [55.71088816027396, -21.04009198317662], [55.71196601874632, -21.040414534727677], [55.7120562414332, -21.040441416763393], [55.71212151653183, -21.040459979202193]]]}";9741001;97410;974;4;974100105;Bras Fusil;Saint-Benoît;LA REUNION;Bras Fusil;LA REUNION;;4;;;;;;Iris d'habitat;6500;236.067072050;118.033536025;;246.109471854;;123.054735927;236.067072050;118;118.033536025;89.145742741;;89.145742741;99.097517092;;99.097517092;89.145742741;89;89.145742741;893.002250594;386.217477500;1249.281573957;331.178234205;137.863975909;131.379246761;137.863975909;98.203096141;114.730225092;98.203096141;120.714299719;112.818635732;120.714299719;117.713166727;115.061284396;117.713166727;89.545800259;101.893577187;89.545800259;89.145742741;99.097517092;89.145742741;117.713166727;;117.713166727;115.061284396;;115.061284396;117.713166727;117;117.713166727;210.260099978;;105.130049989;214.712212919;;107.356106459;210.260099978;105;105.130049989;6117;;;325.212814791;;108.404271597;345.206988946;;115.068996315;325.212814791;108;108.404271597;327.973266705;;109.324422235;329.773497315;;109.924499105;327.973266705;109;109.324422235;Polygon;12710.4;1;2162.396817607;1211.176804822;82.895414487;806.724992639;321.479961990;0.432493286;0.265094948;0.560108485;0.238687363;0.095116930;12710.4;6117;653.186081496;;674.980486261;;653.186081496;108;0.313710150;0.329194524;0.313710150;0.269945611;0.231059381;0.269945611;0.463995141;0.496468053;0.463995141;0.202770319;0.207443681;0.202770319;0.106221542;0.093349289;0.106221542;14258;12826.153846154;14258
Saint-Benoît;LA REUNION;CA Intercommunale de la Réunion Est (Cirest);LA REUNION;4014.104438616;105.128620869;108.499794587;105.128620869;Non;974100101;97410;69;249740093;-21.0335814795, 55.7098935282;"{""type"": ""Polygon"", ""coordinates"": [[[55.715576176165435, -21.030571401235676], [55.71543145564249, -21.031290311201005], [55.71534987596028, -21.032725184240483], [55.71476133513256, -21.034592562980478], [55.71440944247403, -21.03534423381662], [55.71370619717841, -21.036895456446306], [55.71318542068231, -21.038150841299302], [55.712241391465625, -21.04017180270445], [55.71212151653183, -21.040459979202193], [55.7120562414332, -21.040441416763393], [55.71196601874632, -21.040414534727677], [55.71088816027396, -21.04009198317662], [55.7105286519882, -21.039153344332664], [55.71026004259226, -21.038722196208482], [55.709362849092315, -21.03809430565507], [55.708810692647305, -21.03807339946917], [55.708374818025646, -21.038070087851686], [55.70806575852943, -21.038090323781557], [55.70804445000537, -21.038106422824455], [55.70604386985746, -21.036551830536443], [55.70349713493764, -21.03462266256119], [55.70328199875779, -21.034464735497632], [55.702848872552174, -21.034145245276644], [55.70260991821775, -21.033960034030365], [55.702553776089715, -21.033887334515242], [55.702611811102834, -21.03385254528799], [55.702733677506565, -21.033780300836924], [55.704299619509996, -21.03295570522281], [55.704589579755776, -21.032806145565523], [55.70473626536828, -21.03275667342143], [55.705053040387774, -21.032621771448532], [55.7057069116583, -21.031001553522334], [55.707019859834126, -21.027821674077337], [55.707388857547635, -21.02743150482558], [55.70751845648706, -21.027465915368985], [55.707583039964696, -21.027563972377138], [55.70778120011242, -21.02779313269254], [55.70791873446879, -21.02791161853596], [55.70807467410564, -21.02801578987271], [55.70827778955136, -21.028116705894796], [55.708805180028335, -21.028327587828404], [55.70904874495169, -21.028424293164456], [55.709324913883115, -21.02853389311553], [55.70949095098007, -21.028583033041475], [55.71035320741612, -21.028791934533704], [55.710626880215706, -21.028856343965057], [55.71106704972286, -21.028916594813058], [55.711321620154806, -21.02896459730598], [55.71171918450668, -21.029056142269916], [55.71209268037935, -21.029149310802993], [55.7128982091171, -21.029354156411287], [55.71408237619641, -21.029726279571186], [55.71476812491925, -21.029986220912942], [55.71515550774012, -21.0301436286803], [55.71535730518706, -21.030286986010815], [55.715520338347275, -21.030462572379356], [55.71557259078234, -21.03054065882527], [55.715576176165435, -21.030571401235676]]]}";9741001;97410;974;4;974100101;Centre Ville Rive Gauche;Saint-Benoît;LA REUNION;Centre Ville Rive Gauche;LA REUNION;;4;;;;;;Iris d'habitat;6500;249.616778812;124.808389406;;258.340753361;;129.170376681;249.616778812;124;124.808389406;89.145742741;;89.145742741;99.097517092;;99.097517092;89.145742741;89;89.145742741;1065.390245535;516.631785732;1459.843794690;374.532720571;154.576630408;147.305785547;154.576630408;95.040148404;111.034967814;95.040148404;100.527550853;93.952258904;100.527550853;113.933887631;111.367146187;113.933887631;77.547765179;88.241091979;77.547765179;89.145742741;99.097517092;89.145742741;113.933887631;;113.933887631;111.367146187;;111.367146187;113.933887631;113;113.933887631;178.075316032;;89.037658016;182.193350883;;91.096675442;178.075316032;89;89.037658016;6110;;;338.762521553;;112.920840518;357.438270454;;119.146090151;338.762521553;112;112.920840518;292.009203663;;97.336401221;293.560497071;;97.853499024;292.009203663;97;97.336401221;Polygon;12710.4;1;2271.815723524;1059.672430008;205.013893828;927.354893646;330.651544655;0.484922579;0.256556710;0.466442951;0.231024107;0.082372432;12710.4;6110;630.771725216;;650.998767524;;630.771725216;105;0.313710150;0.329194524;0.313710150;0.269945611;0.231059381;0.269945611;0.463995141;0.496468053;0.463995141;0.202770319;0.207443681;0.202770319;0.106221542;0.093349289;0.106221542;14258;12826.153846154;14258
Saint-Benoît;LA REUNION;CA Intercommunale de la Réunion Est (Cirest);LA REUNION;3561.901795230;114.783522039;119.330840969;114.783522039;Non;974100102;97410;69;249740093;-21.0386490049, 55.7174410006;"{""type"": ""Polygon"", ""coordinates"": [[[55.715576176165435, -21.030571401235676], [55.71558600113726, -21.030660007864128], [55.716184097893745, -21.03081900506816], [55.7185263948355, -21.032813298196633], [55.719664861984796, -21.034372210524364], [55.72115575937346, -21.036581274510574], [55.72128519721332, -21.036861396631984], [55.72138352296569, -21.037066303040696], [55.72253410519029, -21.038791400616457], [55.722619794790056, -21.038898644987075], [55.722717177332605, -21.038988812722867], [55.72237960292589, -21.039193152552997], [55.721639101731625, -21.039930173444752], [55.72116994434965, -21.040781253291364], [55.720824819802736, -21.041418257787694], [55.71994116414766, -21.043022176841134], [55.71918963977545, -21.044374487422292], [55.719123179907314, -21.044494137557418], [55.71874784459393, -21.04517336848272], [55.71818648500153, -21.046224295717984], [55.71773950374597, -21.047065593763772], [55.7176612081163, -21.047218579328586], [55.717619031229646, -21.04719928981105], [55.71723162292709, -21.046927155106825], [55.716590625582576, -21.04637666687007], [55.71647119916982, -21.04605144758601], [55.71604408667397, -21.044798831696625], [55.71619090768713, -21.04361198220233], [55.71621998167262, -21.043475789833064], [55.71625144462732, -21.043285412052466], [55.71625737073148, -21.043155368540734], [55.716257471385745, -21.04314362522033], [55.71625595513492, -21.04298371358888], [55.716231709284685, -21.042781170885178], [55.716190857847465, -21.042607411242283], [55.71618156851431, -21.042568495261055], [55.71610548648374, -21.042351106693246], [55.71597480566506, -21.04210439708273], [55.71582551774952, -21.041895489201558], [55.7156863499482, -21.041740861129163], [55.71558706122941, -21.041648868308904], [55.71552968428942, -21.04160687869576], [55.715395732582735, -21.04151733396265], [55.7152482867192, -21.04143039729437], [55.71436494348808, -21.04109036631091], [55.71417685295481, -21.041030223005293], [55.71412598729619, -21.04101448052842], [55.71355079883361, -21.04087281238745], [55.713071794200474, -21.0407363876315], [55.712963327862255, -21.040704851016905], [55.712191587178104, -21.040480384733332], [55.71212151653183, -21.040459979202193], [55.712241391465625, -21.04017180270445], [55.71318542068231, -21.038150841299302], [55.71370619717841, -21.036895456446306], [55.71440944247403, -21.03534423381662], [55.71476133513256, -21.034592562980478], [55.71534987596028, -21.032725184240483], [55.71543145564249, -21.031290311201005], [55.715576176165435, -21.030571401235676]]]}";9741001;97410;974;4;974100102;Centre Ville-Rive Droite;Saint-Benoît;LA REUNION;Centre Ville-Rive Droite;LA REUNION;;4;;;;;;Iris d'habitat;6500;257.193286481;128.596643241;;268.608013603;;134.304006802;257.193286481;128;128.596643241;89.145742741;;89.145742741;99.097517092;;99.097517092;89.145742741;89;89.145742741;982.737151019;456.283214689;1428.968594728;421.197351887;148.002328421;141.040720019;148.002328421;109.190958060;127.567293584;109.190958060;124.474074924;116.332492087;124.474074924;99.651884659;97.406893045;99.651884659;118.236143426;134.540129986;118.236143426;89.145742741;99.097517092;89.145742741;99.651884659;;99.651884659;97.406893045;;97.406893045;99.651884659;99;99.651884659;242.710218350;;121.355109175;250.872622073;;125.436311037;242.710218350;121;121.355109175;6654;;;346.339029222;;115.446343074;367.705530696;;122.568510232;346.339029222;115;115.446343074;342.362103009;;114.120701003;348.279515118;;116.093171706;342.362103009;114;114.120701003;Polygon;12710.4;1;2353.123048787;1359.054826771;83.234282522;719.733706303;447.347277530;0.464298327;0.294756199;0.577553659;0.202064444;0.125592255;12710.4;6654;688.701132231;;715.985045814;;688.701132231;114;0.313710150;0.329194524;0.313710150;0.269945611;0.231059381;0.269945611;0.463995141;0.496468053;0.463995141;0.202770319;0.207443681;0.202770319;0.106221542;0.093349289;0.106221542;14258;12826.153846154;14258
Saint-Benoît;LA REUNION;CA Intercommunale de la Réunion Est (Cirest);LA REUNION;3953.734881520;97.993585447;100.715682896;97.993585447;Non;974100106;97410;69;249740093;-21.0786262075, 55.6910018036;"{""type"": ""Polygon"", ""coordinates"": [[[55.7157291902835, -21.050771475037003], [55.716226698591775, -21.050886352118294], [55.718171453572175, -21.05157722422022], [55.71971525877718, -21.052566786096474], [55.72161106592538, -21.053415796570707], [55.72316708861785, -21.052921599938248], [55.72506673593075, -21.05224928932094], [55.72571661664738, -21.05131057188845], [55.72744767050245, -21.048798328781913], [55.72848983235619, -21.047149993816966], [55.728517673099915, -21.047044505094537], [55.72854640703012, -21.046947153591155], [55.728558778352955, -21.04696350724856], [55.72865417608646, -21.047061787573185], [55.72877673199471, -21.04713497600999], [55.72927825467528, -21.047343797794834], [55.729992145057786, -21.047702362227348], [55.730942706227395, -21.04829576734309], [55.73108886176449, -21.048423334110023], [55.731891475476075, -21.049215279403207], [55.732033577064755, -21.049367206806913], [55.73218995096907, -21.049652039573292], [55.732288841003516, -21.049906631287158], [55.73233038449066, -21.050114721962796], [55.73231157193382, -21.050290743487107], [55.73223913761504, -21.050548573763727], [55.73205826352638, -21.050997565982854], [55.73187698457252, -21.051380607149245], [55.73184957368958, -21.051435509579306], [55.73117196358995, -21.051676173269186], [55.72906148759208, -21.054344378886686], [55.72645416378612, -21.05499787851951], [55.72522337874269, -21.05549590094601], [55.72384005817215, -21.056375955211884], [55.72357135698215, -21.056636673996575], [55.723014372860646, -21.057205608696123], [55.72262351270343, -21.057639539671197], [55.722409703348085, -21.057883653877056], [55.72207677665745, -21.058327424333655], [55.72184862093972, -21.058673512939762], [55.71940542287709, -21.0611100710724], [55.71710937305815, -21.062651313884707], [55.715600991167676, -21.0646907218525], [55.71450540087366, -21.06621084588295], [55.71410416075927, -21.06666130833027], [55.71321195109389, -21.067643080678387], [55.71264869753711, -21.06822781936284], [55.71226910918235, -21.068383936834053], [55.71192713118135, -21.068531304898187], [55.71116156932253, -21.068913951284845], [55.70998995829129, -21.069506708346598], [55.70912646692811, -21.070473543475952], [55.707409834967116, -21.072486323816072], [55.70680980749877, -21.074146692803446], [55.70552581549805, -21.07542874582936], [55.70541468971434, -21.075479391202116], [55.70503428122099, -21.075679787450294], [55.70479566407832, -21.075828795289162], [55.70469307449376, -21.075893959454536], [55.704569178143096, -21.075974318467004], [55.70444135363632, -21.07606368124162], [55.70428533643632, -21.076185350522028], [55.704156408221436, -21.076290965555373], [55.702869666460835, -21.077385974908527], [55.702814187853235, -21.077456918203087], [55.70075588352729, -21.080167583855204], [55.6997118257034, -21.081573380975065], [55.69918092754076, -21.082852114949866], [55.69912398727157, -21.08297995870389], [55.69899592080832, -21.083206629136583], [55.69891219584452, -21.08331529640285], [55.69881332267722, -21.083394939228356], [55.69857407121871, -21.083567457080694], [55.69801039570772, -21.083966041054275], [55.697505364051544, -21.084262087684113], [55.697282913004614, -21.084384143167807], [55.69711874649184, -21.08444521596557], [55.695128549786595, -21.085175211158866], [55.6950657037625, -21.08520724952388], [55.6950076938452, -21.085236614918724], [55.69480074192521, -21.08534704223875], [55.694646790056765, -21.085450650021908], [55.6945158984171, -21.085558951997967], [55.694415790685994, -21.08566929751488], [55.69433694455409, -21.08576986940063], [55.69425754581644, -21.08593367363718], [55.69415059701483, -21.08616592270533], [55.694108293854576, -21.08627038924599], [55.69411532287755, -21.086347230698777], [55.694164970333524, -21.08639368524502], [55.69373441282588, -21.08774035138989], [55.693158961036254, -21.088939794939105], [55.6903270802214, -21.0899243202563], [55.68846952370501, -21.09044567230037], [55.68720901816021, -21.091047508924355], [55.685930933225364, -21.09189582164242], [55.68561192669283, -21.09259617782924], [55.685040072613255, -21.09380678815007], [55.68358006068577, -21.095136785392892], [55.68204126530022, -21.096347294615892], [55.68054385371671, -21.097278775542847], [55.6781931790818, -21.09966344765041], [55.67653716091139, -21.102734650866793], [55.67515153424989, -21.10559475090966], [55.673252587028436, -21.107929573370896], [55.67034374619463, -21.110042353046893], [55.66701289071569, -21.11142974103569], [55.665417904763, -21.111402961647205], [55.66460820240101, -21.111409231356056], [55.66389190183374, -21.11152102439972], [55.6636632197185, -21.111578843956625], [55.66344899339647, -21.111634970450435], [55.6632905036459, -21.111702376681166], [55.66314155936484, -21.11177889174263], [55.663035910035795, -21.11185845829574], [55.662927073190204, -21.111971424304365], [55.66248225064145, -21.11251354971323], [55.66242861632302, -21.11258991283856], [55.66237007149793, -21.11267707762038], [55.66227427349781, -21.112838927996368], [55.66224091244097, -21.112801626537305], [55.661646135459804, -21.11213656802134], [55.66111047262355, -21.11153611378756], [55.66038894673632, -21.110728221033167], [55.659703643836785, -21.109961263511842], [55.65815279493509, -21.108239820294017], [55.65727199724887, -21.10726895165879], [55.65597728309829, -21.10586750463131], [55.65587144988677, -21.105753744529785], [55.65585524003849, -21.10573645201227], [55.655921920417924, -21.105708072900473], [55.65944258153954, -21.105906685770698], [55.66198427176272, -21.10566840140845], [55.66212783865161, -21.105654177153767], [55.66228031186358, -21.105612921953618], [55.662418442940115, -21.105560713014846], [55.66260414651753, -21.105463710747987], [55.662802646991956, -21.105335191246148], [55.662946270276215, -21.105207142076896], [55.6630541230768, -21.105095974726904], [55.66313207013889, -21.10499179844361], [55.66364208691014, -21.10393887593283], [55.663711086047265, -21.103758745666717], [55.66372592121742, -21.10371459743367], [55.66068378168743, -21.1015803212646], [55.65814005294389, -21.099910657120205], [55.65703823567737, -21.098901904748868], [55.6543813905212, -21.09772362770918], [55.653809826545356, -21.096736226507947], [55.65396274201684, -21.096751894174602], [55.65404832773039, -21.09676160713902], [55.65699155282859, -21.095810317958733], [55.65845037882789, -21.094834367697967], [55.66165978700172, -21.094504699026416], [55.665228014127216, -21.094415379969167], [55.66864905362054, -21.094247489989062], [55.672224084067544, -21.093136010875256], [55.672365015701125, -21.09309194536579], [55.674159901358905, -21.092374251810956], [55.67447078161526, -21.09216167838547], [55.67517236399301, -21.091635975161694], [55.675364802568346, -21.091427895081413], [55.67593941869069, -21.090727748765048], [55.67625385164413, -21.090167851669825], [55.67646769135992, -21.08960807240962], [55.677120033448915, -21.087357431533267], [55.67736629902236, -21.086287044325463], [55.67892350805548, -21.085222352161505], [55.68010444706211, -21.08452690927284], [55.67995963549886, -21.083540198391244], [55.677769228977446, -21.08099910923977], [55.675788795379276, -21.078775814675517], [55.674982549495816, -21.077868855593316], [55.67551790123659, -21.07762912282499], [55.67587793839959, -21.077513589911852], [55.678385414825065, -21.075862790141187], [55.68093919415663, -21.074084934007836], [55.685338136995675, -21.073164189792767], [55.68542917078658, -21.072771924700998], [55.6854112487116, -21.0726209215109], [55.68535482240963, -21.07247052349981], [55.68525773687806, -21.072346911952206], [55.685119085364285, -21.072243756120802], [55.684402057582055, -21.07180457840726], [55.68410987584554, -21.07164873923433], [55.68374887134847, -21.071548375471814], [55.683709333390304, -21.071557102688505], [55.683369852410976, -21.07163577411006], [55.68296811709969, -21.071788942307506], [55.68258699685458, -21.07200550602935], [55.682286909280556, -21.07209170796014], [55.68198566973387, -21.071980963832534], [55.68201464708733, -21.071750827233053], [55.682228566512975, -21.071176132274555], [55.68289934379093, -21.070773638544974], [55.68375409290747, -21.070517660142748], [55.68506678881701, -21.070310118550474], [55.6866347620512, -21.06941887615533], [55.687921942459326, -21.068607656152995], [55.689216558298924, -21.06771517879108], [55.69012637438556, -21.066690990670203], [55.69132380238191, -21.065463042922268], [55.693308122650734, -21.06471587045403], [55.69417560881546, -21.063321106293973], [55.69476646192168, -21.06181728993504], [55.69471783754447, -21.061544094464892], [55.694700806004604, -21.061400325619907], [55.69469068422676, -21.061236735451388], [55.6947188195894, -21.061100540831475], [55.69478122082831, -21.06100797196236], [55.694896637198504, -21.060905873279083], [55.69716603546893, -21.05913098450341], [55.6996576304146, -21.058138288498125], [55.7008539948888, -21.05802772849668], [55.70197740430444, -21.057534503920245], [55.70293318791362, -21.056463614555298], [55.704287146344264, -21.05486366223334], [55.70493070644371, -21.053892912410177], [55.70553597511851, -21.052452558339528], [55.70616196169725, -21.051341643835077], [55.70696148490583, -21.05075014011941], [55.707076666699045, -21.050673325387955], [55.707203645290974, -21.050567691934802], [55.70725990185746, -21.050516626909932], [55.70740257294072, -21.050376783965145], [55.70745115457224, -21.050322950313465], [55.70747559354605, -21.050278870241034], [55.7074966855823, -21.050288064581448], [55.70848596488835, -21.050957771228493], [55.70852096916854, -21.051027598203934], [55.70854153929052, -21.051097315448697], [55.7085672791377, -21.051348652972116], [55.709288412420314, -21.05209084627492], [55.71179141902475, -21.05355210481487], [55.71307442502615, -21.054650413039006], [55.713147047560646, -21.05471058688286], [55.713411742376415, -21.05492940525879], [55.71454705446385, -21.05288911363864], [55.715412621553874, -21.051327376591637], [55.7157291902835, -21.050771475037003]]]}";9741001;97410;974;4;974100106;La Confiance-Chemin de Ceinture;Saint-Benoît;LA REUNION;La Confiance-Chemin de Ceinture;LA REUNION;;4;;;;;;Iris d'habitat;6500;195.700721578;97.850360789;;201.521481165;;100.760740583;195.700721578;97;97.850360789;89.145742741;;89.145742741;99.097517092;;99.097517092;89.145742741;89;89.145742741;1015.313170599;401.074309249;1250.900893259;235.630688983;125.920446175;119.997506682;125.920446175;69.780275402;81.523974483;69.780275402;119.498506680;111.682365113;119.498506680;105.617347324;103.237963734;105.617347324;77.999194358;88.754770273;77.999194358;89.145742741;99.097517092;89.145742741;105.617347324;;105.617347324;103.237963734;;103.237963734;105.617347324;105;105.617347324;197.497701038;;98.748850519;200.437135386;;100.218567693;197.497701038;98;98.748850519;7860;;;284.846464319;;94.948821440;300.618998258;;100.206332753;284.846464319;94;94.948821440;303.115048362;;101.038349454;303.675099120;;101.225033040;303.115048362;101;101.038349454;Polygon;12710.4;1;2465.107071558;1366.821173620;37.097527173;846.734360155;327.574632742;0.395025221;0.188368791;0.554467264;0.214160632;0.082851947;12710.4;7860;587.961512681;;604.294097378;;587.961512681;97;0.313710150;0.329194524;0.313710150;0.269945611;0.231059381;0.269945611;0.463995141;0.496468053;0.463995141;0.202770319;0.207443681;0.202770319;0.106221542;0.093349289;0.106221542;14258;12826.153846154;14258
Saint-Benoît;LA REUNION;CA Intercommunale de la Réunion Est (Cirest);LA REUNION;2057.818712123;96.542559390;100.702175236;96.542559390;Non;974100203;97410;69;249740093;-21.1128456538, 55.713564529;"{""type"": ""Polygon"", ""coordinates"": [[[55.74229325312638, -21.148335978395675], [55.74145185690684, -21.148648619635757], [55.73205224023647, -21.140838264998937], [55.73152235202592, -21.1400790659332], [55.730873566006885, -21.13914823444845], [55.72752158895014, -21.134306231034916], [55.72426456542009, -21.12964465662952], [55.721583247767704, -21.127821286401957], [55.72155520571373, -21.127947548472708], [55.72147909431317, -21.12806531726743], [55.71991627329767, -21.127631634102798], [55.71839159903112, -21.12589735403493], [55.71781989051832, -21.12464093906207], [55.71683350227278, -21.12346358998263], [55.715164567694266, -21.122390370256603], [55.71454834605825, -21.121946652163157], [55.71315912831512, -21.12081862276512], [55.712164872559185, -21.12011365771614], [55.7115746472048, -21.120229320420602], [55.71040158117765, -21.12077552417514], [55.70970931870835, -21.121166838194743], [55.708289874194826, -21.122756361665388], [55.70646261939883, -21.12529266235099], [55.70666473831708, -21.127965499796005], [55.70677725726517, -21.12997908873814], [55.70664232892399, -21.13093744746113], [55.70537648236999, -21.132066033862213], [55.70397378904088, -21.1330399882694], [55.70273616341217, -21.133410834744776], [55.70196680672997, -21.133855725190344], [55.70081499263869, -21.135372019887875], [55.69951448471074, -21.1372634200044], [55.69763585219525, -21.139125409361803], [55.69552743217331, -21.140419860612088], [55.69505763394473, -21.140737841890072], [55.69476591419536, -21.141062615000678], [55.69407011077718, -21.142062253966746], [55.69321406246372, -21.143325793098256], [55.69204008042832, -21.14515464145041], [55.69188406773056, -21.145759599862007], [55.691878737747906, -21.14581827798084], [55.69189091416541, -21.14585721716001], [55.691824162753115, -21.145782624634982], [55.6914827750471, -21.145401472298524], [55.690589265629455, -21.144403561996153], [55.6898693259225, -21.1435985059736], [55.687533430434975, -21.14095430619115], [55.68665611108898, -21.139982700296944], [55.684407624355366, -21.137484582302235], [55.68238220210512, -21.135249247511762], [55.68206898554699, -21.134899915101414], [55.68056637892347, -21.133218330799437], [55.67950298105085, -21.132040175785477], [55.677608510787046, -21.129940158539227], [55.67633918298634, -21.128526206363382], [55.675888359124315, -21.12800866441039], [55.67519632791131, -21.12722274050258], [55.67457957447096, -21.126525933424265], [55.674265936888865, -21.126173874462076], [55.67205858525724, -21.1237509298912], [55.670501034971835, -21.121994284413383], [55.66995862720522, -21.121386575728174], [55.66926311459804, -21.120620024904895], [55.66724129786021, -21.118381623853992], [55.665658617673216, -21.116620915663848], [55.664427496096934, -21.11524983932885], [55.66311115281832, -21.113776001883476], [55.66300440264252, -21.113655915018352], [55.66230477898289, -21.11287259343407], [55.66227427349781, -21.112838927996368], [55.66237007149793, -21.11267707762038], [55.66242861632302, -21.11258991283856], [55.66248225064145, -21.11251354971323], [55.662927073190204, -21.111971424304365], [55.663035910035795, -21.11185845829574], [55.66314155936484, -21.11177889174263], [55.6632905036459, -21.111702376681166], [55.66344899339647, -21.111634970450435], [55.6636632197185, -21.111578843956625], [55.66389190183374, -21.11152102439972], [55.66460820240101, -21.111409231356056], [55.665417904763, -21.111402961647205], [55.66701289071569, -21.11142974103569], [55.67034374619463, -21.110042353046893], [55.673252587028436, -21.107929573370896], [55.67515153424989, -21.10559475090966], [55.67653716091139, -21.102734650866793], [55.6781931790818, -21.09966344765041], [55.68054385371671, -21.097278775542847], [55.68204126530022, -21.096347294615892], [55.68358006068577, -21.095136785392892], [55.685040072613255, -21.09380678815007], [55.68561192669283, -21.09259617782924], [55.685930933225364, -21.09189582164242], [55.68720901816021, -21.091047508924355], [55.68846952370501, -21.09044567230037], [55.6903270802214, -21.0899243202563], [55.693158961036254, -21.088939794939105], [55.69373441282588, -21.08774035138989], [55.694164970333524, -21.08639368524502], [55.69411532287755, -21.086347230698777], [55.694108293854576, -21.08627038924599], [55.69415059701483, -21.08616592270533], [55.69425754581644, -21.08593367363718], [55.69433694455409, -21.08576986940063], [55.694415790685994, -21.08566929751488], [55.6945158984171, -21.085558951997967], [55.694646790056765, -21.085450650021908], [55.69480074192521, -21.08534704223875], [55.6950076938452, -21.085236614918724], [55.6950657037625, -21.08520724952388], [55.695150308810454, -21.085328953266334], [55.69639086488408, -21.085625764768178], [55.69698464909368, -21.085804678688927], [55.699146586252, -21.086908037181622], [55.69981309878783, -21.087413620090526], [55.700109461056364, -21.087758272910012], [55.70021897915105, -21.087893715952926], [55.7002902640373, -21.08799815103268], [55.70034424733527, -21.08809974339405], [55.70037977007192, -21.088221068724973], [55.701077729194694, -21.08942881587838], [55.70176534977784, -21.09049826389304], [55.70251166654238, -21.09125057472317], [55.70529571529115, -21.093547062047374], [55.7063344747903, -21.094096239116052], [55.70742548368816, -21.094494694142597], [55.71029485457681, -21.092623044287166], [55.711276110140375, -21.091912311784085], [55.71224722406743, -21.09114864812623], [55.7130839407242, -21.09045306782607], [55.71336009706921, -21.09013039564434], [55.71362219145464, -21.089763802122842], [55.71376301381041, -21.089395385275964], [55.71379653291717, -21.089303494098406], [55.715471400157774, -21.08788047835632], [55.71726396041867, -21.08642355394082], [55.71833095539433, -21.086848979772085], [55.719555561775714, -21.087621629600594], [55.72137619180061, -21.08984049218548], [55.721471486629945, -21.089953230482962], [55.7217007077555, -21.090220102179085], [55.72228404925568, -21.090838348905454], [55.72265663642721, -21.091169084681372], [55.72307196568912, -21.09066631454216], [55.725673005923255, -21.088822965828427], [55.72753942159434, -21.08761210110648], [55.72882502642389, -21.08669802287918], [55.73000154604348, -21.086158927905018], [55.7303777780052, -21.08606146745942], [55.73056385752918, -21.086025820836763], [55.73076049392014, -21.085993866543085], [55.7309664408491, -21.085999020663024], [55.73114439824822, -21.086012999114057], [55.73474561550661, -21.086327171814858], [55.73479080021357, -21.086333832516296], [55.734843570336906, -21.086354100640417], [55.734949966085935, -21.086407290698965], [55.73520584089339, -21.086654920870668], [55.73577970562184, -21.08731777044381], [55.73588231309615, -21.08747753192172], [55.73599856396314, -21.08773134771093], [55.736105136653855, -21.087877587739634], [55.73624621537284, -21.088041249193026], [55.73632346198472, -21.088126743406686], [55.73643413746329, -21.088243201887636], [55.736889315826375, -21.08871364500113], [55.73693514319651, -21.088758252397863], [55.73699979724674, -21.08879622451133], [55.738192098954435, -21.08900881187654], [55.73938776819854, -21.088765654635676], [55.739705373578246, -21.08911401369327], [55.739885530573694, -21.089552593896364], [55.74002770761685, -21.090043288594302], [55.73994935138128, -21.091344494765128], [55.739883616002444, -21.091719817566965], [55.7397099293103, -21.092111502723046], [55.739454223953636, -21.092412238946338], [55.73771329742824, -21.094207588928725], [55.73690885769004, -21.095747838955486], [55.734847628831965, -21.098094145208634], [55.733663979933155, -21.09935095971771], [55.73339337631247, -21.1003837714871], [55.73552721258959, -21.102022185366682], [55.736850634564355, -21.102621963392323], [55.73780835379257, -21.10224108932184], [55.738749025997095, -21.102054311824524], [55.73867151196662, -21.102797225762956], [55.738387580659364, -21.103872406528126], [55.737879183815444, -21.105364185313796], [55.737719065500244, -21.105685503508546], [55.73766887085778, -21.10581521794709], [55.73763893814879, -21.106394971482942], [55.73783094893038, -21.10679931309924], [55.73902679450437, -21.10814794001129], [55.7434385651117, -21.1043033433597], [55.7447999544979, -21.102683708274], [55.74600058245381, -21.10071596906623], [55.74711364065949, -21.097937228834798], [55.747484387008534, -21.096889320871462], [55.74769985265541, -21.096450055967992], [55.748003435445625, -21.09606383806953], [55.748289979020434, -21.095757895842098], [55.74842880899755, -21.09561799095723], [55.749596074707696, -21.094632867139403], [55.75086644192298, -21.093806587928334], [55.75265114749348, -21.09282779430752], [55.753751647712775, -21.092224284832117], [55.756856158043014, -21.090597463833348], [55.757034071652384, -21.090502104126074], [55.757081740788145, -21.0905575606017], [55.7579775813752, -21.091757509291536], [55.75900645504169, -21.093631457714814], [55.75909639856553, -21.093812795134795], [55.759585752481364, -21.094815531550193], [55.75977311808598, -21.09520536239667], [55.75992124363865, -21.095567804246254], [55.760870009207764, -21.097646679688992], [55.76167025775775, -21.09929625582683], [55.76257879193647, -21.10036889649489], [55.76353685517837, -21.101216496290217], [55.764154730920964, -21.10175987721026], [55.765056534101625, -21.102369917126378], [55.7661492745518, -21.10305813088381], [55.76704235534411, -21.103560592993805], [55.76724928587473, -21.103683152976192], [55.76632819440138, -21.104706326681804], [55.766161208326245, -21.104875853651784], [55.765303445019605, -21.105689893763817], [55.764224199478996, -21.106626080100206], [55.76343140565237, -21.10714878621967], [55.76224025702509, -21.108051620249835], [55.76112589643516, -21.108922484173757], [55.75900137537174, -21.11051679426404], [55.75696512765154, -21.112430621139836], [55.75567159426642, -21.113536821121144], [55.75405469342677, -21.11462617898465], [55.75341891333933, -21.115014479775194], [55.75221229963785, -21.115909896393152], [55.75122799403424, -21.11692980342448], [55.751007203299, -21.11719738719433], [55.75076319781311, -21.117535264096418], [55.75062293655054, -21.117786276469122], [55.75053452108092, -21.11799701834159], [55.75034729493624, -21.118567484932626], [55.75026220440047, -21.11889840226716], [55.74962320560368, -21.12087347126279], [55.74842598679677, -21.122706195046824], [55.74679890540473, -21.124416030192542], [55.74635458372577, -21.125616058816323], [55.746403144462256, -21.125795289457724], [55.74640844272813, -21.12585224225512], [55.746385736983456, -21.12591892511307], [55.746342017213394, -21.125965577868108], [55.746294522253216, -21.126003168768566], [55.74618145976129, -21.12605201844711], [55.74595035551103, -21.126054824738763], [55.745744534163464, -21.126028006037174], [55.74557816390856, -21.126004189397676], [55.74552142093706, -21.12599654208716], [55.745178710864906, -21.125989486916147], [55.74501204430116, -21.126000899738766], [55.74482062405983, -21.126093434076633], [55.74471016805941, -21.12617572748575], [55.7445725336501, -21.12628401770441], [55.74445135752926, -21.126381589109634], [55.74429422377345, -21.126518643028245], [55.74415510106515, -21.126689255730813], [55.74403631054818, -21.126846468208893], [55.743979700822116, -21.12693729082483], [55.74179418732725, -21.12977397390441], [55.7416622632694, -21.129889531009905], [55.74160481769091, -21.129964988872903], [55.74156864514981, -21.13002976410538], [55.7414704741454, -21.130253075060914], [55.74086278344918, -21.132320028013385], [55.74083256380686, -21.132477896276708], [55.740800143776944, -21.13266827014358], [55.74082989481195, -21.13290788920896], [55.740884961540495, -21.1331142711222], [55.74114290341587, -21.13375443240695], [55.74166484332267, -21.13426104694858], [55.74226644332512, -21.135477715827196], [55.742615470008374, -21.13662775826393], [55.741272390331346, -21.136493564068374], [55.740265476507474, -21.136574156585944], [55.74011785626986, -21.136609193825322], [55.73997774779288, -21.13666687151768], [55.73982720120484, -21.13682023048524], [55.73973891074294, -21.137012898322183], [55.73971403037125, -21.137222299033564], [55.74008592780022, -21.138905367237594], [55.74011199430081, -21.139011257520256], [55.74013622675712, -21.139106293504124], [55.74018914646222, -21.139225031007832], [55.74028484516019, -21.13940913067007], [55.74071500371758, -21.139896546200088], [55.74235283042613, -21.141392534279387], [55.74345311143214, -21.142347906279067], [55.74361205209117, -21.14222712851928], [55.743768746874586, -21.142144276228034], [55.743981463588646, -21.142041061492726], [55.744200486218396, -21.141989386373815], [55.74450885087373, -21.14196276501374], [55.74488432017925, -21.14197187273049], [55.74511503825972, -21.142017849056117], [55.745816153158756, -21.14223534075062], [55.746123808737394, -21.142407456690115], [55.74638286489035, -21.142633415545202], [55.74656488344373, -21.142859707056193], [55.7465771653762, -21.14288780303793], [55.74667918895606, -21.14312253603523], [55.74675587382143, -21.1433932169443], [55.746774042988, -21.143637266375517], [55.74675415243245, -21.143826830730156], [55.74667713960708, -21.144053011105786], [55.74656041988351, -21.144305999085653], [55.74635701388009, -21.144675785507413], [55.7462587655093, -21.14479340175865], [55.74625098631349, -21.14480237802703], [55.74553843907422, -21.14548367414416], [55.744972421520785, -21.145916718347213], [55.743577590930165, -21.14665618267098], [55.74227239122949, -21.147955497452948], [55.742258551922, -21.14799785380512], [55.74225137674996, -21.14804929354618], [55.742249864664416, -21.148114326173268], [55.74225322055567, -21.14817307126458], [55.742264173009616, -21.14824452022248], [55.74228949297816, -21.148325109811292], [55.74229325312638, -21.148335978395675]]]}";9741002;97410;974;4;974100203;Petit St-Pierre-Les Orangers-H. Delisle;Saint-Benoît;LA REUNION;Petit St-Pierre-Les Orangers-H. Delisle;LA REUNION;;4;;;;;;Iris d'habitat;6500;156.033451723;78.016725862;;165.728007791;;82.864003896;156.033451723;78;78.016725862;89.145742741;;89.145742741;99.097517092;;99.097517092;89.145742741;89;89.145742741;572.026776016;138.048203883;705.042465058;150.555494560;76.928246250;73.309760439;76.928246250;79.105205473;92.418247352;79.105205473;116.946499222;109.297279001;116.946499222;105.847031999;103.462473994;105.847031999;111.282630657;126.627773539;111.282630657;89.145742741;99.097517092;89.145742741;105.847031999;;105.847031999;103.462473994;;103.462473994;105.847031999;105;105.847031999;228.229129879;;114.114564940;235.925052539;;117.962526270;228.229129879;114;114.114564940;10550;;;245.179194464;;81.726398155;264.825524884;;88.275174961;245.179194464;81;81.726398155;334.076161878;;111.358720626;339.387526534;;113.129175511;334.076161878;111;111.358720626;Polygon;12710.4;1;1410.091204474;765.152253533;15.067591795;441.662148237;243.246778442;0.241331717;0.213541031;0.542626073;0.214626364;0.118206126;12710.4;10550;579.255356342;;604.213051417;;579.255356342;96;0.313710150;0.329194524;0.313710150;0.269945611;0.231059381;0.269945611;0.463995141;0.496468053;0.463995141;0.202770319;0.207443681;0.202770319;0.106221542;0.093349289;0.106221542;14258;12826.153846154;14258
Saint-Benoît;LA REUNION;CA Intercommunale de la Réunion Est (Cirest);LA REUNION;3264.203519797;95.546601814;99.385239066;95.546601814;Non;974100201;97410;69;249740093;-21.092513957, 55.7441568636;"{""type"": ""Polygon"", ""coordinates"": [[[55.757034071652384, -21.090502104126074], [55.756856158043014, -21.090597463833348], [55.753751647712775, -21.092224284832117], [55.75265114749348, -21.09282779430752], [55.75086644192298, -21.093806587928334], [55.749596074707696, -21.094632867139403], [55.74842880899755, -21.09561799095723], [55.748289979020434, -21.095757895842098], [55.748003435445625, -21.09606383806953], [55.74769985265541, -21.096450055967992], [55.747484387008534, -21.096889320871462], [55.74711364065949, -21.097937228834798], [55.74600058245381, -21.10071596906623], [55.7447999544979, -21.102683708274], [55.7434385651117, -21.1043033433597], [55.73902679450437, -21.10814794001129], [55.73783094893038, -21.10679931309924], [55.73763893814879, -21.106394971482942], [55.73766887085778, -21.10581521794709], [55.737719065500244, -21.105685503508546], [55.737879183815444, -21.105364185313796], [55.738387580659364, -21.103872406528126], [55.73867151196662, -21.102797225762956], [55.738749025997095, -21.102054311824524], [55.73780835379257, -21.10224108932184], [55.736850634564355, -21.102621963392323], [55.73552721258959, -21.102022185366682], [55.73339337631247, -21.1003837714871], [55.733663979933155, -21.09935095971771], [55.734847628831965, -21.098094145208634], [55.73690885769004, -21.095747838955486], [55.73771329742824, -21.094207588928725], [55.739454223953636, -21.092412238946338], [55.7397099293103, -21.092111502723046], [55.739883616002444, -21.091719817566965], [55.73994935138128, -21.091344494765128], [55.74002770761685, -21.090043288594302], [55.739885530573694, -21.089552593896364], [55.739705373578246, -21.08911401369327], [55.73938776819854, -21.088765654635676], [55.738192098954435, -21.08900881187654], [55.73699979724674, -21.08879622451133], [55.73693514319651, -21.088758252397863], [55.736889315826375, -21.08871364500113], [55.73643413746329, -21.088243201887636], [55.73632346198472, -21.088126743406686], [55.73624621537284, -21.088041249193026], [55.736105136653855, -21.087877587739634], [55.73599856396314, -21.08773134771093], [55.73588231309615, -21.08747753192172], [55.73577970562184, -21.08731777044381], [55.73520584089339, -21.086654920870668], [55.734949966085935, -21.086407290698965], [55.73500503598348, -21.086383309745823], [55.73642014867259, -21.085856336910503], [55.73908860100107, -21.08492040010493], [55.74138507853055, -21.083631144368624], [55.74244196218254, -21.08283134678779], [55.74359617325077, -21.08167361528277], [55.74379160742785, -21.081440179703364], [55.7439119442863, -21.081208898190198], [55.74393615219992, -21.08107718182247], [55.74406737538395, -21.077946084654894], [55.74401778385174, -21.077776782875787], [55.74391538597288, -21.07759173256335], [55.7444367334843, -21.078090650546926], [55.746539703617344, -21.080289701382263], [55.7487563921118, -21.08201980124016], [55.749220039179406, -21.082286107502213], [55.74975061692577, -21.082606206057573], [55.749900950831915, -21.082700363404435], [55.750087414186126, -21.08284808710439], [55.75110666016491, -21.083666841407318], [55.75142561623905, -21.083970922956272], [55.751717480008296, -21.084291969158], [55.75188239474896, -21.084484702280143], [55.75215199447636, -21.08482094175271], [55.75227193616089, -21.08498172491075], [55.752380365628355, -21.085137906360156], [55.754184413431254, -21.087194193212632], [55.75601904863979, -21.08916667092057], [55.75692443051819, -21.090374825189077], [55.757034071652384, -21.090502104126074]]]}";9741002;97410;974;4;974100201;Ste-Anne-Petit St-Pierre;Saint-Benoît;LA REUNION;Ste-Anne-Petit St-Pierre;LA REUNION;;4;;;;;;Iris d'habitat;6500;155.303045145;77.651522572;;163.819144941;;81.909572470;155.303045145;77;77.651522572;89.145742741;;89.145742741;99.097517092;;99.097517092;89.145742741;89;89.145742741;937.560665464;240.680618113;1150.737381432;228.233738593;81.830116426;77.981060589;81.830116426;73.472928719;85.838084352;73.472928719;118.381017178;110.637968207;118.381017178;104.179416721;101.832427321;104.179416721;106.270389099;120.924376834;106.270389099;89.145742741;99.097517092;89.145742741;104.179416721;;104.179416721;101.832427321;;101.832427321;104.179416721;104;104.179416721;224.651406277;;112.325703138;231.562345041;;115.781172521;224.651406277;112;112.325703138;10548;;;244.448787886;;81.482929295;262.916662033;;87.638887344;244.448787886;81;81.482929295;328.830822997;;109.610274332;333.394772363;;111.131590788;328.830822997;109;109.610274332;Polygon;12710.4;1;2291.363364088;1258.605034207;10.026814624;689.546461420;368.469971740;0.256709381;0.198336947;0.549282167;0.211244935;0.112882046;12710.4;10548;573.279610883;;596.311434396;;573.279610883;95;0.313710150;0.329194524;0.313710150;0.269945611;0.231059381;0.269945611;0.463995141;0.496468053;0.463995141;0.202770319;0.207443681;0.202770319;0.106221542;0.093349289;0.106221542;14258;12826.153846154;14258
Saint-Benoît;LA REUNION;CA Intercommunale de la Réunion Est (Cirest);LA REUNION;3751.308053849;93.008325443;95.842368675;93.008325443;Non;974100202;97410;69;249740093;-21.0763712528, 55.7214471021;"{""type"": ""Polygon"", ""coordinates"": [[[55.6950657037625, -21.08520724952388], [55.695128549786595, -21.085175211158866], [55.69711874649184, -21.08444521596557], [55.697282913004614, -21.084384143167807], [55.697505364051544, -21.084262087684113], [55.69801039570772, -21.083966041054275], [55.69857407121871, -21.083567457080694], [55.69881332267722, -21.083394939228356], [55.69891219584452, -21.08331529640285], [55.69899592080832, -21.083206629136583], [55.69912398727157, -21.08297995870389], [55.69918092754076, -21.082852114949866], [55.6997118257034, -21.081573380975065], [55.70075588352729, -21.080167583855204], [55.702814187853235, -21.077456918203087], [55.702869666460835, -21.077385974908527], [55.704156408221436, -21.076290965555373], [55.70428533643632, -21.076185350522028], [55.70444135363632, -21.07606368124162], [55.704569178143096, -21.075974318467004], [55.70469307449376, -21.075893959454536], [55.70479566407832, -21.075828795289162], [55.70503428122099, -21.075679787450294], [55.70541468971434, -21.075479391202116], [55.70552581549805, -21.07542874582936], [55.70680980749877, -21.074146692803446], [55.707409834967116, -21.072486323816072], [55.70912646692811, -21.070473543475952], [55.70998995829129, -21.069506708346598], [55.71116156932253, -21.068913951284845], [55.71192713118135, -21.068531304898187], [55.71226910918235, -21.068383936834053], [55.71264869753711, -21.06822781936284], [55.71321195109389, -21.067643080678387], [55.71410416075927, -21.06666130833027], [55.71450540087366, -21.06621084588295], [55.715600991167676, -21.0646907218525], [55.71710937305815, -21.062651313884707], [55.71940542287709, -21.0611100710724], [55.72184862093972, -21.058673512939762], [55.72207677665745, -21.058327424333655], [55.722409703348085, -21.057883653877056], [55.72262351270343, -21.057639539671197], [55.723014372860646, -21.057205608696123], [55.72357135698215, -21.056636673996575], [55.72384005817215, -21.056375955211884], [55.72522337874269, -21.05549590094601], [55.72645416378612, -21.05499787851951], [55.72906148759208, -21.054344378886686], [55.73117196358995, -21.051676173269186], [55.73184957368958, -21.051435509579306], [55.731767363872095, -21.05159750682403], [55.731591470627315, -21.052026209196644], [55.73132882722756, -21.052698179831165], [55.73118664000401, -21.05323734737539], [55.73107894657925, -21.05373747476633], [55.73101080913082, -21.05411232582356], [55.73097877968546, -21.054371360504707], [55.73097239316217, -21.054443584277603], [55.730886015587295, -21.055664326921907], [55.73084843771326, -21.05635062510593], [55.7308218144949, -21.057220393897722], [55.73085284738565, -21.057759951528364], [55.73097159167438, -21.05839727927545], [55.73110135147907, -21.05898409922258], [55.73135854578213, -21.06009177377107], [55.73164688049657, -21.0609322761916], [55.73186975416527, -21.061434420363728], [55.732420403120734, -21.062439491000728], [55.73261757478887, -21.062795092772614], [55.73286863220136, -21.063151999837793], [55.73323120181149, -21.063638020317043], [55.73353768961062, -21.064041413044976], [55.73382514560398, -21.06441936834674], [55.73584222811996, -21.067174390158364], [55.73623386725306, -21.068095153582487], [55.73670665814701, -21.068980384346126], [55.73686699309843, -21.069255305589632], [55.73728971982743, -21.06991521741546], [55.73782120313689, -21.070575936932], [55.73838385428765, -21.071193523670967], [55.73889509903921, -21.071744327364033], [55.739982563848876, -21.072846412824493], [55.74123640516651, -21.074252362821436], [55.741666004413524, -21.074900119949163], [55.7422430784842, -21.075694867181554], [55.742842799594605, -21.076458387435498], [55.74381989867718, -21.07750068637867], [55.74391538597288, -21.07759173256335], [55.74401778385174, -21.077776782875787], [55.74406737538395, -21.077946084654894], [55.74393615219992, -21.08107718182247], [55.7439119442863, -21.081208898190198], [55.74379160742785, -21.081440179703364], [55.74359617325077, -21.08167361528277], [55.74244196218254, -21.08283134678779], [55.74138507853055, -21.083631144368624], [55.73908860100107, -21.08492040010493], [55.73642014867259, -21.085856336910503], [55.73500503598348, -21.086383309745823], [55.734949966085935, -21.086407290698965], [55.734843570336906, -21.086354100640417], [55.73479080021357, -21.086333832516296], [55.73474561550661, -21.086327171814858], [55.73114439824822, -21.086012999114057], [55.7309664408491, -21.085999020663024], [55.73076049392014, -21.085993866543085], [55.73056385752918, -21.086025820836763], [55.7303777780052, -21.08606146745942], [55.73000154604348, -21.086158927905018], [55.72882502642389, -21.08669802287918], [55.72753942159434, -21.08761210110648], [55.725673005923255, -21.088822965828427], [55.72307196568912, -21.09066631454216], [55.72265663642721, -21.091169084681372], [55.72228404925568, -21.090838348905454], [55.7217007077555, -21.090220102179085], [55.721471486629945, -21.089953230482962], [55.72137619180061, -21.08984049218548], [55.719555561775714, -21.087621629600594], [55.71833095539433, -21.086848979772085], [55.71726396041867, -21.08642355394082], [55.715471400157774, -21.08788047835632], [55.71379653291717, -21.089303494098406], [55.71376301381041, -21.089395385275964], [55.71362219145464, -21.089763802122842], [55.71336009706921, -21.09013039564434], [55.7130839407242, -21.09045306782607], [55.71224722406743, -21.09114864812623], [55.711276110140375, -21.091912311784085], [55.71029485457681, -21.092623044287166], [55.70742548368816, -21.094494694142597], [55.7063344747903, -21.094096239116052], [55.70529571529115, -21.093547062047374], [55.70251166654238, -21.09125057472317], [55.70176534977784, -21.09049826389304], [55.701077729194694, -21.08942881587838], [55.70037977007192, -21.088221068724973], [55.70034424733527, -21.08809974339405], [55.7002902640373, -21.08799815103268], [55.70021897915105, -21.087893715952926], [55.700109461056364, -21.087758272910012], [55.69981309878783, -21.087413620090526], [55.699146586252, -21.086908037181622], [55.69698464909368, -21.085804678688927], [55.69639086488408, -21.085625764768178], [55.695150308810454, -21.085328953266334], [55.6950657037625, -21.08520724952388]]]}";9741002;97410;974;4;974100202;Ste-Anne-St Francois-Le Cap;Saint-Benoît;LA REUNION;Ste-Anne-St Francois-Le Cap;LA REUNION;;4;;;;;;Iris d'habitat;6500;179.354466812;89.677233406;;185.860855859;;92.930427930;179.354466812;89;89.677233406;89.145742741;;89.145742741;99.097517092;;99.097517092;89.145742741;89;89.145742741;1075.172756243;370.889686871;1298.323544737;243.208623621;109.960811325;104.788567644;109.960811325;69.393655487;81.072288215;69.393655487;105.956942683;99.026525835;105.956942683;111.205153489;108.699885898;111.205153489;72.387646934;82.369427366;72.387646934;89.145742741;99.097517092;89.145742741;111.205153489;;111.205153489;108.699885898;;108.699885898;111.205153489;111;111.205153489;178.344589618;;89.172294809;181.395953201;;90.697976600;178.344589618;89;89.172294809;9084;;;268.500209553;;89.500069851;284.958372952;;94.986124317;268.500209553;89;89.500069851;289.549743107;;96.516581036;290.095839099;;96.698613033;289.549743107;96;96.516581036;Polygon;12710.4;1;2430.396724917;1194.868252242;36.109055949;845.886370032;288.442858313;0.344958226;0.187325128;0.491635065;0.225491044;0.076891275;12710.4;9084;558.049952660;;575.054212051;;558.049952660;93;0.313710150;0.329194524;0.313710150;0.269945611;0.231059381;0.269945611;0.463995141;0.496468053;0.463995141;0.202770319;0.207443681;0.202770319;0.106221542;0.093349289;0.106221542;14258;12826.153846154;14258
Saint-Denis;LA REUNION;CA Intercommunale du Nord de la Réunion (Cinor);LA REUNION;2614.174138392;93.361091837;88.658254644;93.361091837;Non;974111203;97411;69;249740119;-20.9054929376, 55.4166432663;"{""type"": ""Polygon"", ""coordinates"": [[[55.41828041548282, -20.921781292616878], [55.41807817611455, -20.921355764160673], [55.417874109985476, -20.920921185430675], [55.41637913212982, -20.918265130514875], [55.416016292880855, -20.917661964134734], [55.41567582987453, -20.9156159596444], [55.41555496579697, -20.914812694847214], [55.414913175587785, -20.913219163728087], [55.41390156336928, -20.91182679741275], [55.41234991691582, -20.910002139455134], [55.41057843574714, -20.908379572608577], [55.4091772568561, -20.907152476014844], [55.40785596816963, -20.90591798377431], [55.40684328259098, -20.9048226658637], [55.406603488555845, -20.903631764686356], [55.40674095341415, -20.902357568775894], [55.406901023131375, -20.90167344672005], [55.407176199796346, -20.89891819650676], [55.40663517414284, -20.895806657500458], [55.40654416933553, -20.895776902968073], [55.40646674474918, -20.89573553193972], [55.40638086054503, -20.895676015722895], [55.40613306791291, -20.895474072638788], [55.406076056798014, -20.895411212301642], [55.4060431986033, -20.89533683414072], [55.405764323866585, -20.89452847735739], [55.40566863667343, -20.893850099654838], [55.4055662113493, -20.89217169089905], [55.40563167594899, -20.89170709501678], [55.40590525147771, -20.891105329701173], [55.40592443807522, -20.891017887188834], [55.40603704038404, -20.891095718940235], [55.40748632513278, -20.891847235439844], [55.4079309847034, -20.892066366573758], [55.408560268804614, -20.892370320667645], [55.41164456616782, -20.89388270609621], [55.41422851014667, -20.894671357313737], [55.415797994908125, -20.895059885729246], [55.41683355314579, -20.895307054051294], [55.41875598260596, -20.895818966406022], [55.42113711550823, -20.896498596839784], [55.4220359569999, -20.897412023835063], [55.4216064198729, -20.897949144729637], [55.42108343220191, -20.898046388300763], [55.42057016920377, -20.898132880298146], [55.42045262246356, -20.899490383888267], [55.4213425979111, -20.901390156231344], [55.42197447822778, -20.903198564305747], [55.424272122866114, -20.904567070175187], [55.42634834612379, -20.90661506189954], [55.4273444857142, -20.90767819140677], [55.428843929012736, -20.909293792547736], [55.42934397976651, -20.909833156649768], [55.429312884292074, -20.91004966742883], [55.42931155184505, -20.910362203770344], [55.42930788892499, -20.910529284214935], [55.429287997404856, -20.91068537558196], [55.42926582415194, -20.910783633506355], [55.4292577953537, -20.910816079175458], [55.42919773758795, -20.91095192810415], [55.42912294081851, -20.911118354309405], [55.42888705851091, -20.911428733196463], [55.428850078625885, -20.911471752354778], [55.4288053144639, -20.91152373308809], [55.428602028107846, -20.91175040266523], [55.42676544907309, -20.913721699515406], [55.426588620230994, -20.91389983084542], [55.42647055199448, -20.913974621776287], [55.426242425990274, -20.914093564369214], [55.42607520939666, -20.914179645225726], [55.42605200658127, -20.91419207783776], [55.42499377872132, -20.914628560610197], [55.42387163739876, -20.91510870914659], [55.421783603029354, -20.91656996102735], [55.42021153965034, -20.918514716834252], [55.41963086435017, -20.92053096365587], [55.41924152323521, -20.921169616582443], [55.41857296600149, -20.92161734110105], [55.41830749382847, -20.921766187130327], [55.41828041548282, -20.921781292616878]]]}";9741112;97411;974;4;974111203;12eme Km-Le Ruisseau Blanc;Saint-Denis;LA REUNION;12eme Km-Le Ruisseau Blanc;LA REUNION;;4;;;;;;Iris d'habitat;24040;170.657871067;85.328935534;;152.144156544;;76.072078272;170.657871067;85;85.328935534;112.021905831;;112.021905831;101.053958010;;101.053958010;112.021905831;112;112.021905831;789.425139137;244.345481506;970.244386323;188.557849192;98.665379247;93.013444261;98.665379247;71.992491820;59.130712283;71.992491820;87.418977265;97.198883271;87.418977265;89.387568451;83.739188657;89.387568451;100.680228407;97.813341381;100.680228407;112.021905831;101.053958010;112.021905831;89.387568451;;89.387568451;83.739188657;;83.739188657;89.387568451;89;89.387568451;188.099205672;;94.049602836;195.012224652;;97.506112326;188.099205672;94;94.049602836;14838;;;282.679776898;;94.226592299;253.198114554;;84.399371518;282.679776898;94;94.226592299;277.486774123;;92.495591374;278.751413308;;92.917137769;277.486774123;92;92.495591374;Polygon;15972.083333333;1;1818.281968500;737.531180162;25.102275894;473.822872589;279.570477137;0.309523309;0.194340572;0.405619806;0.181251457;0.106944091;15972.083333333;14838;560.166551021;;531.949527863;;560.166551021;93;0.313710150;0.332772656;0.313710150;0.269945611;0.328662661;0.269945611;0.463995141;0.417309122;0.463995141;0.202770319;0.216447592;0.202770319;0.106221542;0.109334871;0.106221542;14258;15805.5;14258
Saint-Denis;LA REUNION;CA Intercommunale du Nord de la Réunion (Cinor);LA REUNION;2759.258137422;92.358894459;86.137044856;92.358894459;Non;974111201;97411;69;249740119;-20.8823852145, 55.4258281075;"{""type"": ""Polygon"", ""coordinates"": [[[55.41070298967145, -20.87801940354029], [55.411553147886245, -20.877696688029726], [55.412587792100986, -20.87728715544654], [55.41412755850266, -20.876643824912527], [55.414645939929905, -20.876429124556527], [55.41500287917962, -20.876303258311523], [55.416148597598614, -20.875931768442992], [55.4170072371186, -20.875714791299217], [55.42052168272027, -20.8747418874473], [55.422549593721214, -20.874287262002643], [55.425009629118165, -20.874236762857347], [55.4274566144059, -20.874516724271807], [55.42872124759649, -20.874813796486286], [55.42949131529731, -20.87497895057552], [55.43079014252763, -20.875223477436688], [55.4321205527974, -20.875388791660647], [55.43341147607891, -20.87565490633433], [55.43436278466641, -20.875860993561375], [55.43459957284982, -20.8759200703969], [55.436380313836594, -20.87640789526288], [55.43646560406644, -20.876432161449323], [55.43640204781529, -20.876722451136594], [55.436452657393104, -20.87991165129201], [55.436633731287756, -20.88080398515634], [55.43763957010129, -20.883268415567798], [55.43906456786418, -20.88554245366758], [55.439892771263, -20.886227507132823], [55.43989345240473, -20.886254613110427], [55.439856836811494, -20.886263312232828], [55.43981433321334, -20.886283700844608], [55.43978335362211, -20.88630509793832], [55.43976878760339, -20.886319418214697], [55.43975324180269, -20.88633553619874], [55.43973464465969, -20.886367886189966], [55.439722747300124, -20.886403007299183], [55.439715702169025, -20.8864336560639], [55.43971055126111, -20.886467032091524], [55.43970917947052, -20.886506765885905], [55.439711708136294, -20.88654111532555], [55.43972166437763, -20.88660082566098], [55.43973465330565, -20.88664611046833], [55.43974861268902, -20.88669050080624], [55.439770186335615, -20.88674218723497], [55.43981438811709, -20.88683653645583], [55.4398445185214, -20.886897334218393], [55.439874723611084, -20.88695090605549], [55.43990311847899, -20.886993621465002], [55.43994953194874, -20.887059987754117], [55.43998654892013, -20.8871054918062], [55.440031264190026, -20.887150162771427], [55.440069344975235, -20.887185739935738], [55.4401188565549, -20.887231357969956], [55.440164598338605, -20.887269714992303], [55.44020944434342, -20.887301740552818], [55.440247627847555, -20.88732738203881], [55.44046360932902, -20.887448591390953], [55.44083971596973, -20.88760829728574], [55.440897122095755, -20.887634113949314], [55.44095831676941, -20.88766538509808], [55.44100511329232, -20.887694718274687], [55.44108460718832, -20.887815585493414], [55.441332411801326, -20.888206275057513], [55.44119794169918, -20.888755174257724], [55.44095793248844, -20.889285044259584], [55.440335072387704, -20.88965604918049], [55.44029738286047, -20.88967557845495], [55.43968362770367, -20.889909358490446], [55.43967410970345, -20.889900238361985], [55.43856997096743, -20.889870283229424], [55.43852191423232, -20.889869844257408], [55.4379263644713, -20.889923119201214], [55.4372817124133, -20.889984073081916], [55.43389288920254, -20.889847370427923], [55.43446276601193, -20.888921148257786], [55.43486619801251, -20.887012622225466], [55.43384155683783, -20.886548866928383], [55.432512470675725, -20.88856103285836], [55.42926732666764, -20.88893864445821], [55.425874571327455, -20.88918294948634], [55.42250235061764, -20.890037116610998], [55.42111476896944, -20.891099706935297], [55.419472733704445, -20.891308102976648], [55.41877196202855, -20.89076098591049], [55.417747270613745, -20.88975469270666], [55.416865493156585, -20.888045581412616], [55.41606585407204, -20.88657816988348], [55.41488922797671, -20.88575903889401], [55.414135164633066, -20.883426004225285], [55.412657122262495, -20.88061336141167], [55.41074886461542, -20.8781354543947], [55.41070298967145, -20.87801940354029]]]}";9741112;97411;974;4;974111201;7eme Km-La Vigie-Les Brises;Saint-Denis;LA REUNION;7eme Km-La Vigie-Les Brises;LA REUNION;;4;;;;;;Iris d'habitat;24040;172.481909068;86.240954534;;148.608669379;;74.304334690;172.481909068;86;86.240954534;112.021905831;;112.021905831;101.053958010;;101.053958010;112.021905831;112;112.021905831;785.975773856;141.017412594;1162.903725162;361.919068037;57.191964102;53.915786933;57.191964102;115.289944966;94.692882446;115.289944966;54.502879602;60.600331851;54.502879602;70.893047526;66.413332235;70.893047526;144.253624727;140.145977657;144.253624727;112.021905831;101.053958010;112.021905831;70.893047526;;70.893047526;66.413332235;;66.413332235;70.893047526;70;70.893047526;198.756504329;;99.378252165;200.746309508;;100.373154754;198.756504329;99;99.378252165;33152;;;284.503814899;;94.834604966;249.662627390;;83.220875797;284.503814899;94;94.834604966;269.649551855;;89.883183952;267.159641743;;89.053213914;269.649551855;89;89.883183952;Polygon;15972.083333333;1;1929.872086276;488.046727578;58.133313520;396.643518440;422.796777277;0.179416996;0.311220147;0.252890713;0.143750058;0.153228425;15972.083333333;33152;554.153366754;;516.822269133;;554.153366754;92;0.313710150;0.332772656;0.313710150;0.269945611;0.328662661;0.269945611;0.463995141;0.417309122;0.463995141;0.202770319;0.216447592;0.202770319;0.106221542;0.109334871;0.106221542;14258;15805.5;14258
Saint-Denis;LA REUNION;CA Intercommunale du Nord de la Réunion (Cinor);LA REUNION;3892.797689957;79.574081037;74.364182231;79.574081037;Non;974111202;97411;69;249740119;-20.8941436979, 55.4234447063;"{""type"": ""Polygon"", ""coordinates"": [[[55.41070298967145, -20.87801940354029], [55.41074886461542, -20.8781354543947], [55.412657122262495, -20.88061336141167], [55.414135164633066, -20.883426004225285], [55.41488922797671, -20.88575903889401], [55.41606585407204, -20.88657816988348], [55.416865493156585, -20.888045581412616], [55.417747270613745, -20.88975469270666], [55.41877196202855, -20.89076098591049], [55.419472733704445, -20.891308102976648], [55.42111476896944, -20.891099706935297], [55.42250235061764, -20.890037116610998], [55.425874571327455, -20.88918294948634], [55.42926732666764, -20.88893864445821], [55.432512470675725, -20.88856103285836], [55.43384155683783, -20.886548866928383], [55.43486619801251, -20.887012622225466], [55.43446276601193, -20.888921148257786], [55.43389288920254, -20.889847370427923], [55.4372817124133, -20.889984073081916], [55.4379263644713, -20.889923119201214], [55.43852191423232, -20.889869844257408], [55.43856997096743, -20.889870283229424], [55.43967410970345, -20.889900238361985], [55.43968362770367, -20.889909358490446], [55.440225017528306, -20.890074187885816], [55.439479507771516, -20.89068616123907], [55.43876780940726, -20.892117755120584], [55.438606620091804, -20.892553491753123], [55.43831607528464, -20.893599596787176], [55.43755413770275, -20.89672445669276], [55.4378451421755, -20.898978199434698], [55.43802534154034, -20.90042155096381], [55.43800196413111, -20.900451146935538], [55.43798149837077, -20.900478059550277], [55.436241924816585, -20.902019476752457], [55.435326721642845, -20.904016473590573], [55.43529845310347, -20.90576865955801], [55.43418013701329, -20.907278703299927], [55.433381054937506, -20.90794706113132], [55.43210729325422, -20.90840826294263], [55.429800762487325, -20.90926555489608], [55.42978338467884, -20.909272621707302], [55.429622149845564, -20.909338888436714], [55.42951245581857, -20.909440858367518], [55.429475354351496, -20.909495619745677], [55.429430421714045, -20.909563858903763], [55.429358500356756, -20.909731215047316], [55.42934397976651, -20.909833156649768], [55.428843929012736, -20.909293792547736], [55.4273444857142, -20.90767819140677], [55.42634834612379, -20.90661506189954], [55.424272122866114, -20.904567070175187], [55.42197447822778, -20.903198564305747], [55.4213425979111, -20.901390156231344], [55.42045262246356, -20.899490383888267], [55.42057016920377, -20.898132880298146], [55.42108343220191, -20.898046388300763], [55.4216064198729, -20.897949144729637], [55.4220359569999, -20.897412023835063], [55.42113711550823, -20.896498596839784], [55.41875598260596, -20.895818966406022], [55.41683355314579, -20.895307054051294], [55.415797994908125, -20.895059885729246], [55.41422851014667, -20.894671357313737], [55.41164456616782, -20.89388270609621], [55.408560268804614, -20.892370320667645], [55.4079309847034, -20.892066366573758], [55.40748632513278, -20.891847235439844], [55.40603704038404, -20.891095718940235], [55.40592443807522, -20.891017887188834], [55.40598531550243, -20.890896507533725], [55.40601600691397, -20.890811882233148], [55.406040864778376, -20.89073352572409], [55.40608501394746, -20.890557791189234], [55.406097348509874, -20.890482027831336], [55.40610409751232, -20.890389049422915], [55.40610122574233, -20.890296884618127], [55.4060779538927, -20.889678800831195], [55.40607118996792, -20.889591116298746], [55.40605089411443, -20.889510532099937], [55.40599772212253, -20.88935737621522], [55.405955234836505, -20.889284714902463], [55.40591346074172, -20.889235546396417], [55.4062008641178, -20.886185023995345], [55.40659239271544, -20.88474246682928], [55.406641525499616, -20.8845496153704], [55.40663283103722, -20.88437158134111], [55.40641204686707, -20.883615707532158], [55.40533289519087, -20.880679358719252], [55.40521107064223, -20.880201272459875], [55.405204476753305, -20.8801885645593], [55.405174314200615, -20.880132277748444], [55.40467257621096, -20.879405849362293], [55.40464779872281, -20.879385745292968], [55.404679608842216, -20.87937700890213], [55.40566032641463, -20.879070898152598], [55.40887349198365, -20.878426950569956], [55.40934888706399, -20.878370850785213], [55.409878414327046, -20.878285443548855], [55.41025329803233, -20.878190467320227], [55.41070298967145, -20.87801940354029]]]}";9741112;97411;974;4;974111202;9eme Km-Moulin Cader-Colorado;Saint-Denis;LA REUNION;9eme Km-Moulin Cader-Colorado;LA REUNION;;4;;;;;;Iris d'habitat;24040;136.151052714;68.075526357;;119.015594827;;59.507797414;136.151052714;68;68.075526357;112.021905831;;112.021905831;101.053958010;;101.053958010;112.021905831;112;112.021905831;1163.880832393;216.253927818;1478.475683701;307.006155976;59.227979560;55.835171542;59.227979560;76.923073154;63.180423286;76.923073154;44.383057738;49.348365575;44.383057738;82.287107610;77.087404296;82.287107610;102.601362327;99.679770678;102.601362327;112.021905831;101.053958010;112.021905831;82.287107610;;82.287107610;77.087404296;;77.087404296;82.287107610;82;82.287107610;146.984420065;;73.492210033;149.028136253;;74.514068127;146.984420065;73;73.492210033;30288;;;248.172958544;;82.724319515;220.069552838;;73.356517613;248.172958544;82;82.724319515;229.271527675;;76.423842558;226.115540549;;75.371846850;229.271527675;76;76.423842558;Polygon;15972.083333333;1;2627.107863251;541.014065076;60.109770170;649.528205403;424.255579717;0.185804184;0.207650460;0.205935231;0.166853830;0.108984749;15972.083333333;30288;477.444486220;;446.185093387;;477.444486220;79;0.313710150;0.332772656;0.313710150;0.269945611;0.328662661;0.269945611;0.463995141;0.417309122;0.463995141;0.202770319;0.216447592;0.202770319;0.106221542;0.109334871;0.106221542;14258;15805.5;14258
Saint-Denis;LA REUNION;CA Intercommunale du Nord de la Réunion (Cinor);LA REUNION;1699.047975993;121.167748652;115.252832368;121.167748652;Non;974110704;97411;69;249740119;-20.8984998876, 55.4900309011;"{""type"": ""Polygon"", ""coordinates"": [[[55.49216487090701, -20.90071275640927], [55.49214757783047, -20.900711700467472], [55.49211296459783, -20.90071229836125], [55.49206860367889, -20.900726360333426], [55.49202998303864, -20.900743182974097], [55.491997066566164, -20.900766379330424], [55.49198248564429, -20.900782510776565], [55.4919455165998, -20.900826448186944], [55.49193465418898, -20.900855259213163], [55.491929495950906, -20.900890443965576], [55.49193190115056, -20.900938342237474], [55.491621401077914, -20.90103406564053], [55.4913067041476, -20.901068775934753], [55.49105458642563, -20.901094101547727], [55.49094490684591, -20.901103069674082], [55.49083042110839, -20.901111995279845], [55.49071209044292, -20.901120886845877], [55.49059377784146, -20.90112797180868], [55.49047355181161, -20.90113413644492], [55.490352382623115, -20.901138485983164], [55.490230261242075, -20.901141923681703], [55.49010526521117, -20.901144432550712], [55.48997933507225, -20.901144223053496], [55.48985053029167, -20.901143084717376], [55.48971982114334, -20.901140122772308], [55.489589130091424, -20.90113535420799], [55.4894584571406, -20.901128779024724], [55.48932780229554, -20.901120397222847], [55.489199069930244, -20.901112032320043], [55.48907132595078, -20.901100966042154], [55.488943600088675, -20.901088093150854], [55.488886941861445, -20.9010821720558], [55.4887302074372, -20.900702286641184], [55.487929472546114, -20.89887587730452], [55.48789870106029, -20.898685000404633], [55.48781939507618, -20.897869486469098], [55.489273974549675, -20.895646585016237], [55.48932583721492, -20.89545914869557], [55.489393883041515, -20.895479623635456], [55.49196119607727, -20.896275556141713], [55.49201483372335, -20.896294999593156], [55.491922585493, -20.896483887183713], [55.491871790674445, -20.896564739624107], [55.491823035550375, -20.896633866615165], [55.49175201023996, -20.896719057182167], [55.49168320829754, -20.89879387519284], [55.492026436403464, -20.900520929908513], [55.492082164835345, -20.9006198858272], [55.492121985749016, -20.900675341007723], [55.49216487090701, -20.90071275640927]]]}";9741107;97411;974;4;974110704;Bas du Moufia;Saint-Denis;LA REUNION;Bas du Moufia;LA REUNION;;4;;;;;;Iris d'habitat;24040;257.542490415;128.771245208;;228.388387604;;114.194193802;257.542490415;128;128.771245208;112.021905831;;112.021905831;101.053958010;;101.053958010;112.021905831;112;112.021905831;445.934804553;194.297434223;652.399457907;208.963883341;138.888767951;130.932681503;138.888767951;118.653722464;97.455706102;118.653722464;131.523692327;146.237766875;131.523692327;105.098612909;98.457455847;105.098612909;120.819790429;117.379425869;120.819790429;112.021905831;101.053958010;112.021905831;105.098612909;;105.098612909;98.457455847;;98.457455847;105.098612909;105;105.098612909;252.343482756;;126.171741378;263.617192744;;131.808596372;252.343482756;126;126.171741378;8108;;;369.564396246;;123.188132082;329.442345615;;109.814115205;369.564396246;123;123.188132082;357.442095665;;119.147365222;362.074648591;;120.691549530;357.442095665;119;119.147365222;Polygon;15972.083333333;1;1070.813527111;653.478454936;152.795031041;362.082062332;218.050115911;0.435708162;0.320300517;0.610263541;0.213108792;0.128336644;15972.083333333;8108;727.006491911;;691.516994206;;727.006491911;121;0.313710150;0.332772656;0.313710150;0.269945611;0.328662661;0.269945611;0.463995141;0.417309122;0.463995141;0.202770319;0.216447592;0.202770319;0.106221542;0.109334871;0.106221542;14258;15805.5;14258
Saint-Denis;LA REUNION;CA Intercommunale du Nord de la Réunion (Cinor);LA REUNION;4074.603354523;81.656000977;77.710892472;81.656000977;Non;974111003;97411;69;249740119;-20.9377784635, 55.4896020557;"{""type"": ""Polygon"", ""coordinates"": [[[55.47661101534441, -20.94340726109814], [55.47665669725537, -20.94326403933363], [55.47685043782633, -20.941079706646523], [55.47702593241064, -20.938987349927697], [55.477475866380225, -20.937472864037055], [55.477851560534184, -20.936357890338844], [55.47788013635917, -20.936289491972044], [55.477949184258584, -20.936212421284704], [55.47810998718207, -20.936075781373674], [55.478247883995294, -20.935960345571914], [55.47831177752602, -20.935917555394962], [55.478355343765514, -20.9358881339179], [55.47847502847105, -20.935843131181038], [55.47869115876275, -20.93576917825083], [55.47879141366992, -20.93574387537999], [55.47888774066174, -20.935726667430625], [55.478985817205036, -20.93572663834729], [55.481371387071846, -20.93453380522812], [55.483510261746645, -20.93329499273772], [55.48433347862311, -20.932133782433603], [55.485140405559065, -20.929530307613316], [55.48530179792869, -20.92705750349972], [55.48512929138789, -20.92633240067747], [55.485128231290645, -20.92624657436523], [55.485146227560975, -20.92608232694445], [55.48517265037393, -20.92584498408701], [55.48531603911029, -20.92525818474045], [55.485489742290646, -20.925098932091103], [55.48589432856122, -20.925213631397508], [55.486076979796195, -20.92559916922459], [55.486622372131926, -20.926724142249604], [55.48829949897243, -20.92640567178191], [55.48934805128276, -20.925967802485246], [55.490326466277665, -20.92571629701467], [55.491903321171186, -20.92542400342343], [55.49192258503708, -20.92542056025466], [55.49225420878052, -20.92542890961667], [55.49228014811508, -20.925430945395874], [55.49296689234061, -20.925597803692632], [55.49300997408757, -20.925616250789364], [55.49303579604172, -20.925630028818347], [55.493056774932406, -20.92564737744408], [55.493078651985165, -20.925671057364678], [55.493092874075145, -20.925691056355163], [55.4931061167156, -20.925712853375355], [55.49332165536035, -20.926080607957665], [55.493454090794266, -20.92649008579317], [55.493384963012666, -20.926961018308745], [55.493372559214485, -20.927047629309847], [55.49334651017511, -20.927248843834516], [55.4933036696096, -20.927590830900584], [55.493470469544306, -20.927736837278097], [55.49392253493666, -20.92810487199006], [55.49397595820606, -20.928146896927615], [55.49404389284754, -20.92818001649694], [55.49418859541249, -20.92822826671638], [55.49522073528525, -20.92856708774241], [55.49605988805783, -20.92839742922154], [55.496484297814845, -20.928454465198957], [55.497332157098164, -20.928568525580115], [55.49775552556702, -20.92863367933101], [55.498100511182884, -20.92855631803741], [55.498565605973155, -20.928679650690537], [55.49855116332074, -20.928874645036082], [55.498533649120745, -20.928991925137012], [55.49810117112997, -20.931672845115305], [55.496253574548824, -20.9345192560182], [55.49512001174737, -20.93667637123309], [55.49485242173586, -20.93732983429364], [55.4946336495066, -20.938053284477352], [55.494401648464596, -20.93894554159014], [55.4943955635338, -20.938977104705998], [55.49438639549091, -20.939028514038846], [55.49438701377255, -20.939062846318624], [55.49439704810176, -20.939117135114305], [55.494453914041486, -20.93939225150665], [55.49446138910046, -20.939413997567044], [55.494469897885665, -20.939428526049305], [55.49449184024302, -20.939445883082293], [55.494518617078285, -20.939460572759188], [55.49455226874135, -20.939460869693935], [55.49460425166301, -20.9394550050041], [55.494630256667854, -20.939450717766398], [55.49465627973136, -20.939444624008967], [55.49468424380455, -20.93943674069775], [55.49471223496387, -20.939426147608156], [55.49474125080127, -20.939409240191246], [55.49504820070991, -20.939099393169098], [55.49531996620671, -20.938727888921665], [55.49790043012187, -20.9363756682169], [55.500678301176755, -20.934929462061316], [55.50185212328227, -20.934274009729098], [55.50243440802642, -20.934024378668337], [55.502482623958265, -20.934010348337885], [55.502547049741864, -20.93401001034184], [55.50259895878413, -20.93401136917309], [55.5025827764585, -20.934091624482644], [55.502525045394144, -20.93419229202963], [55.50244614446243, -20.9342945804553], [55.50234311742603, -20.934405690506303], [55.502204444804015, -20.934523714346707], [55.50187238170792, -20.934799028252637], [55.50161080432441, -20.938233940149594], [55.50109194822559, -20.940223956510774], [55.500653945658456, -20.941335280128005], [55.499555508229506, -20.94271811965683], [55.49952174598469, -20.942825320003653], [55.49882360259262, -20.942635800213107], [55.49812736611057, -20.942448101113985], [55.49724465981057, -20.944275910389706], [55.49581529153026, -20.94614857728112], [55.49536700921445, -20.94828237041894], [55.49420403787205, -20.950146078192486], [55.49362895210319, -20.951494197006607], [55.49314519907254, -20.950826874681926], [55.49232766517829, -20.949689576143626], [55.491833609021576, -20.948995962747748], [55.491505548407986, -20.948531005260154], [55.49117315835632, -20.948066460590116], [55.49067479023458, -20.94737235445098], [55.49034188817476, -20.946911417177326], [55.48942720725062, -20.946643158422773], [55.487972626632214, -20.947137040928688], [55.48644950246556, -20.94710765481049], [55.48541276870466, -20.946521741785293], [55.48520119786268, -20.94564990565125], [55.48430861286897, -20.945112669792216], [55.481149688997995, -20.944359195083457], [55.47902199895442, -20.94385334089819], [55.47849247584145, -20.943727572213522], [55.47795430939617, -20.943600821476736], [55.47728795463489, -20.94350363816358], [55.47661101534441, -20.94340726109814]]]}";9741110;97411;974;4;974111003;Bellevue-l'Église;Saint-Denis;LA REUNION;Bellevue-l'Eglise;LA REUNION;;4;;;;;;Iris d'habitat;24040;122.582284792;61.291142396;;108.013080874;;54.006540437;122.582284792;61;61.291142396;112.021905831;;112.021905831;101.053958010;;101.053958010;112.021905831;112;112.021905831;1167.157556697;221.150609518;1423.437513461;238.939533777;60.399046693;56.939155415;60.399046693;62.183238099;51.073925459;62.183238099;86.620623606;96.311214637;86.620623606;86.995391540;81.498172852;86.995391540;81.715800091;79.388928461;81.715800091;112.021905831;101.053958010;112.021905831;86.995391540;;86.995391540;81.498172852;;81.498172852;86.995391540;86;86.995391540;168.336423697;;84.168211848;175.700143098;;87.850071549;168.336423697;84;84.168211848;16070;;;234.604190623;;78.201396874;209.067038885;;69.689012962;234.604190623;78;78.201396874;255.331815237;;85.110605079;257.198315950;;85.732771983;255.331815237;85;85.110605079;Polygon;15972.083333333;1;2753.879147820;1106.826671348;75.249215027;718.763424642;353.674686533;0.189477940;0.167860922;0.401915484;0.176400833;0.086799783;15972.083333333;16070;489.936005859;;466.265354835;;489.936005859;81;0.313710150;0.332772656;0.313710150;0.269945611;0.328662661;0.269945611;0.463995141;0.417309122;0.463995141;0.202770319;0.216447592;0.202770319;0.106221542;0.109334871;0.106221542;14258;15805.5;14258
Saint-Denis;LA REUNION;CA Intercommunale du Nord de la Réunion (Cinor);LA REUNION;3390.957546393;96.763073529;90.160026207;96.763073529;Non;974110901;97411;69;249740119;-20.9096757241, 55.4744126423;"{""type"": ""Polygon"", ""coordinates"": [[[55.479062133427554, -20.90606000803562], [55.479142396273716, -20.906108599396887], [55.48027079798582, -20.909278511072255], [55.48028499870212, -20.909300317478817], [55.48020314449077, -20.90931404258615], [55.48012396473643, -20.909348568176863], [55.480071509561476, -20.909402301585075], [55.479803316287615, -20.910448687778796], [55.479777599679636, -20.91061557600225], [55.479721956867486, -20.910985448376888], [55.47966629550764, -20.91135712721029], [55.47950895881115, -20.912468635969912], [55.47937559662105, -20.913395174057246], [55.47925537152112, -20.91416284185123], [55.47875463861716, -20.914719353322145], [55.478671177708236, -20.91470144648967], [55.47851085752408, -20.914678338208955], [55.478512001133765, -20.914660281699437], [55.47850290758021, -20.91460871059381], [55.478480346575566, -20.914557922837755], [55.47844611313936, -20.91452058110791], [55.4783993918111, -20.914482224773657], [55.47789715335525, -20.914139902026452], [55.47656453873355, -20.913890442881335], [55.475807803759274, -20.913783420826423], [55.47391649842127, -20.914378087855805], [55.47236424638669, -20.91476574144317], [55.47037148991278, -20.91488656573886], [55.469773375280795, -20.91470957432647], [55.46976029284314, -20.91467242048473], [55.46982545102925, -20.912467518562888], [55.46923233011542, -20.9108998904368], [55.46922543753472, -20.91082123874931], [55.46922441350346, -20.91073270300036], [55.46922275051472, -20.91051769499101], [55.46922211930356, -20.91048516936809], [55.46924288519717, -20.910333595629314], [55.46929509817438, -20.91020940367478], [55.469802932870465, -20.90787474011531], [55.47011715490562, -20.906362247197432], [55.47042550838985, -20.905105761826476], [55.470645580234695, -20.904638901999178], [55.471006495267254, -20.904123618973827], [55.47147997347862, -20.903694255483003], [55.47171107271303, -20.903561726116287], [55.4720900900647, -20.903156809085004], [55.47230779386534, -20.902922985619725], [55.47246498823569, -20.902541377395497], [55.472557779448415, -20.90215919323798], [55.472588297798175, -20.901898402451895], [55.47300225098955, -20.902125226043694], [55.473417267237494, -20.902342121510024], [55.473359087721626, -20.90277158889259], [55.472177133549664, -20.904528848443476], [55.47287399217195, -20.904966646704846], [55.474256226618635, -20.905220412770944], [55.475658809600446, -20.905462519679727], [55.47901038042786, -20.906044190563716], [55.479062133427554, -20.90606000803562]]]}";9741109;97411;974;4;974110901;Bois de Nefles-Finette;Saint-Denis;LA REUNION;Bois de Nefles-Finette;LA REUNION;;4;;;;;;Iris d'habitat;24040;214.196304396;107.098152198;;187.879575686;;93.939787843;214.196304396;107;107.098152198;112.021905831;;112.021905831;101.053958010;;101.053958010;112.021905831;112;112.021905831;966.710587969;298.602809213;1420.522228471;443.798928254;98.462043157;92.821756050;98.462043157;115.734261239;95.057819637;115.734261239;62.999329149;70.047312742;62.999329149;113.282497615;106.124202769;113.282497615;78.078404184;75.855108037;78.078404184;112.021905831;101.053958010;112.021905831;113.282497615;;113.282497615;106.124202769;;106.124202769;113.282497615;113;113.282497615;141.077733334;;70.538866667;145.902420779;;72.951210389;141.077733334;70;70.538866667;18500;;;326.218210227;;108.739403409;288.933533697;;96.311177899;326.218210227;108;108.739403409;254.360230949;;84.786743650;252.026623548;;84.008874516;254.360230949;84;84.786743650;Polygon;15972.083333333;1;2338.692988163;683.632294877;51.108626587;778.914075716;281.232742859;0.308885423;0.312419559;0.292313826;0.229703281;0.082936085;15972.083333333;18500;580.578441176;;540.960157245;;580.578441176;96;0.313710150;0.332772656;0.313710150;0.269945611;0.328662661;0.269945611;0.463995141;0.417309122;0.463995141;0.202770319;0.216447592;0.202770319;0.106221542;0.109334871;0.106221542;14258;15805.5;14258
Saint-Denis;LA REUNION;CA Intercommunale du Nord de la Réunion (Cinor);LA REUNION;2103.340159733;138.246900230;129.854190159;138.246900230;Non;974110109;97411;69;249740119;-20.8887785097, 55.4611165904;"{""type"": ""Polygon"", ""coordinates"": [[[55.45861862046499, -20.886828249240217], [55.459027946498686, -20.886748832697627], [55.4599660071079, -20.88656848896953], [55.45997948126126, -20.886566803679568], [55.460242217995464, -20.886534843558024], [55.46034324647518, -20.886524913437643], [55.46056104392625, -20.886563911329517], [55.46159190548444, -20.886803540291748], [55.46220393988273, -20.887017716385376], [55.46274672888467, -20.887235784403426], [55.46275602801514, -20.887644174354673], [55.46333641979742, -20.888832134237585], [55.464299689508685, -20.88982333706116], [55.46434852420624, -20.88984184242809], [55.46433467307782, -20.889880561310072], [55.46310419220342, -20.890929111760393], [55.463070561057236, -20.890927906044077], [55.462987929523244, -20.890924453063374], [55.461627596844686, -20.89075322943878], [55.46157480718728, -20.890745527685926], [55.46141649348886, -20.890717002837523], [55.46135423965329, -20.890694762522063], [55.461321845937825, -20.890666467648472], [55.46125378841209, -20.890647788383784], [55.46120003766845, -20.890640077866426], [55.461147192837196, -20.89063779547852], [55.46108657594027, -20.890643573089974], [55.46102304796612, -20.89065203446598], [55.460252380768544, -20.890910673732648], [55.46018387184768, -20.890936253217777], [55.45998175648005, -20.89105547880918], [55.45993947858367, -20.89086539831971], [55.45987473216156, -20.890616398844788], [55.459117327811654, -20.889481312391087], [55.458591097296214, -20.888488549767548], [55.458366785003726, -20.88758116343592], [55.45853513808973, -20.887096689279314], [55.45861862046499, -20.886828249240217]]]}";9741101;97411;974;4;974110109;Bouvet-Cgss;Saint-Denis;LA REUNION;Bouvet-Cgss;LA REUNION;;4;;;;;;Iris d'habitat;24040;324.113917545;162.056958772;;282.520425863;;141.260212931;324.113917545;162;162.056958772;112.021905831;;112.021905831;101.053958010;;101.053958010;112.021905831;112;112.021905831;480.897260997;202.742813369;1026.802015663;525.880102220;134.389269954;126.690932174;134.389269954;189.724647591;155.829493688;189.724647591;116.561080686;129.601228816;116.561080686;85.078979968;79.702858885;85.078979968;191.705517353;186.246669382;191.705517353;112.021905831;101.053958010;112.021905831;85.078979968;;85.078979968;79.702858885;;79.702858885;85.078979968;85;85.078979968;308.266598039;;154.133299019;315.847898199;;157.923949099;308.266598039;154;154.133299019;11332;;;436.135823375;;145.378607792;383.574383873;;127.858127958;436.135823375;145;145.378607792;393.345578007;;131.115192669;395.550757084;;131.850252361;393.345578007;131;131.115192669;Polygon;15972.083333333;1;1554.727754978;840.855461177;159.715512143;362.857556957;428.308534072;0.421592780;0.512153360;0.540837750;0.172514919;0.203632557;15972.083333333;11332;829.481401383;;779.125140957;;829.481401383;138;0.313710150;0.332772656;0.313710150;0.269945611;0.328662661;0.269945611;0.463995141;0.417309122;0.463995141;0.202770319;0.216447592;0.202770319;0.106221542;0.109334871;0.106221542;14258;15805.5;14258
Saint-Denis;LA REUNION;CA Intercommunale du Nord de la Réunion (Cinor);LA REUNION;4031.215399241;108.107525123;100.068919336;108.107525123;Non;974110504;97411;69;249740119;-20.9061138295, 55.4670475949;"{""type"": ""Polygon"", ""coordinates"": [[[55.465688118238035, -20.897537621110494], [55.46570291269645, -20.897500717304204], [55.4667439783497, -20.89646038814353], [55.466973656778016, -20.896466965264985], [55.46699343805208, -20.896506889363813], [55.46708681812041, -20.896588123627406], [55.469532719848644, -20.89920170971569], [55.47087327057782, -20.89979781458377], [55.472017571091214, -20.899021599946373], [55.47311666193665, -20.898988967462913], [55.47323294988743, -20.89899181315983], [55.47325598878992, -20.89937503294492], [55.47318842085178, -20.900542440971513], [55.47273120502955, -20.9015509928355], [55.472588297798175, -20.901898402451895], [55.472557779448415, -20.90215919323798], [55.47246498823569, -20.902541377395497], [55.47230779386534, -20.902922985619725], [55.4720900900647, -20.903156809085004], [55.47171107271303, -20.903561726116287], [55.47147997347862, -20.903694255483003], [55.471006495267254, -20.904123618973827], [55.470645580234695, -20.904638901999178], [55.47042550838985, -20.905105761826476], [55.47011715490562, -20.906362247197432], [55.469802932870465, -20.90787474011531], [55.46929509817438, -20.91020940367478], [55.46924288519717, -20.910333595629314], [55.46922211930356, -20.91048516936809], [55.46922275051472, -20.91051769499101], [55.46903603746047, -20.91082225119893], [55.46763420811033, -20.91192529518231], [55.466550274734765, -20.912963431157262], [55.465446712957544, -20.91418114580838], [55.465038246779244, -20.915302121697295], [55.46506636877094, -20.915372834250466], [55.46510559430941, -20.915486103136466], [55.46512140323739, -20.915538638400562], [55.46516094648621, -20.915715143273378], [55.465171976479375, -20.9157649255901], [55.46518473600127, -20.91583369339292], [55.46519564646964, -20.915895217931702], [55.46522255486377, -20.9160851591935], [55.46530964265276, -20.916879969436504], [55.4653139435191, -20.916929691268187], [55.465310599806, -20.91697482774319], [55.465295646690016, -20.917027086523976], [55.465283687867036, -20.917068532247846], [55.46517043733495, -20.91742703988994], [55.46466592713729, -20.917404437866523], [55.46316227832352, -20.917310515263466], [55.46240820967933, -20.91715377427759], [55.461665678642746, -20.916997133977453], [55.461682260688015, -20.91697379679509], [55.46269143091121, -20.91424602145613], [55.46236806281307, -20.913360331157158], [55.46253581614979, -20.912559684337065], [55.463574990961995, -20.91011378348193], [55.464489084685695, -20.906824844888853], [55.46524796186723, -20.90593736619049], [55.46523868785989, -20.904770178406846], [55.465228173018055, -20.904669814129473], [55.46513289093147, -20.904208258978844], [55.46510678500036, -20.904128531254635], [55.46506241558972, -20.90404863944505], [55.46497705311466, -20.90393495604823], [55.46496757861507, -20.903921320947347], [55.46469772153797, -20.903516461904253], [55.46453764236026, -20.90323499053371], [55.46438511521625, -20.902872738734242], [55.464001217059995, -20.901300200994285], [55.46424240167618, -20.90064926009507], [55.46566840758748, -20.897585320765824], [55.465688118238035, -20.897537621110494]]]}";9741105;97411;974;4;974110504;Ces Montgaillard;Saint-Denis;LA REUNION;Ces Montgaillard;LA REUNION;;4;;;;;;Iris d'habitat;24040;259.834850053;129.917425027;;226.265544833;;113.132772417;259.834850053;129;129.917425027;112.021905831;;112.021905831;101.053958010;;101.053958010;112.021905831;112;112.021905831;1066.224930082;354.170733787;1902.678964404;790.715932179;105.885201630;99.819687261;105.885201630;153.949648423;126.445857573;153.949648423;58.513576207;65.059720914;58.513576207;115.948722889;108.621949885;115.948722889;102.326095757;99.412342372;102.326095757;112.021905831;101.053958010;112.021905831;115.948722889;;115.948722889;108.621949885;;108.621949885;115.948722889;115;115.948722889;160.839671964;;80.419835982;164.472063286;;82.236031643;160.839671964;80;80.419835982;16540;;;371.856755884;;123.952251961;327.319502844;;109.106500948;371.856755884;123;123.952251961;276.788394854;;92.262798285;273.094013171;;91.031337724;276.788394854;92;92.262798285;Polygon;15972.083333333;1;2790.176861995;757.533437078;188.688029417;947.777419680;438.162302315;0.332172625;0.415580320;0.271500150;0.235109595;0.108692357;15972.083333333;16540;648.645150738;;600.413516014;;648.645150738;108;0.313710150;0.332772656;0.313710150;0.269945611;0.328662661;0.269945611;0.463995141;0.417309122;0.463995141;0.202770319;0.216447592;0.202770319;0.106221542;0.109334871;0.106221542;14258;15805.5;14258
Saint-Denis;LA REUNION;CA Intercommunale du Nord de la Réunion (Cinor);LA REUNION;4506.735397346;118.008995812;108.518796424;118.008995812;Non;974110606;97411;69;249740119;-20.9020163952, 55.4778476619;"{""type"": ""Polygon"", ""coordinates"": [[[55.473417267237494, -20.902342121510024], [55.473854915370715, -20.90165227016733], [55.474643921885864, -20.901484972021056], [55.47570767818605, -20.89995608492258], [55.47668716118264, -20.89810756101236], [55.47672941386218, -20.898016700717495], [55.47675107092987, -20.89796630694758], [55.4767621729809, -20.897914012419264], [55.47676274737771, -20.897857107370985], [55.47674877221848, -20.897717869056812], [55.476728150725584, -20.897570441473512], [55.47672276645376, -20.8975324533669], [55.47669645074053, -20.89737774833498], [55.47674523488285, -20.897401669916068], [55.47910978078274, -20.898424982041835], [55.481158806458275, -20.899234077903216], [55.48252019017183, -20.89945484385909], [55.48299971743779, -20.89956659877806], [55.48347050376314, -20.899687308190302], [55.4831199694105, -20.9002271028835], [55.482927057967565, -20.90057859530741], [55.48194086516274, -20.90286069991731], [55.481685020926086, -20.903638006408237], [55.48187297670792, -20.903779693859068], [55.48136053949994, -20.904262038294615], [55.48127578885036, -20.90418179129923], [55.48099874954024, -20.903912844048023], [55.480848355708645, -20.90376426297023], [55.480610383097705, -20.903529989310048], [55.480295545248005, -20.90338717200163], [55.479637114402344, -20.903141026654467], [55.479264625040955, -20.90371087847885], [55.47897555023333, -20.905589502490905], [55.47897553201765, -20.905591309000602], [55.479062133427554, -20.90606000803562], [55.47901038042786, -20.906044190563716], [55.475658809600446, -20.905462519679727], [55.474256226618635, -20.905220412770944], [55.47287399217195, -20.904966646704846], [55.472177133549664, -20.904528848443476], [55.473359087721626, -20.90277158889259], [55.473417267237494, -20.902342121510024]]]}";9741106;97411;974;4;974110606;Clinique Ste-Clotilde;Saint-Denis;LA REUNION;Clinique Ste-Clotilde;LA REUNION;;4;;;;;;Iris d'habitat;24040;300.320729436;150.160364718;;259.726071190;;129.863035595;300.320729436;150;150.160364718;112.021905831;;112.021905831;101.053958010;;101.053958010;112.021905831;112;112.021905831;1095.143578177;369.653989386;2407.831592441;1252.679658880;107.595910807;101.432400391;107.595910807;192.724818630;158.293670799;192.724818630;62.399541862;69.380424884;62.399541862;164.653491103;154.249075050;164.653491103;68.658306638;66.703249407;68.658306638;112.021905831;101.053958010;112.021905831;164.653491103;;164.653491103;154.249075050;;154.249075050;164.653491103;164;164.653491103;131.057848500;;65.528924250;136.083674291;;68.041837146;131.057848500;65;65.528924250;14372;;;412.342635267;;137.447545089;360.780029201;;120.260009734;412.342635267;137;137.447545089;295.711339603;;98.570446534;290.332749341;;96.777583114;295.711339603;98;98.570446534;Polygon;15972.083333333;1;2786.486914821;806.773902643;266.622881761;1504.656575499;328.675815942;0.337539293;0.520252190;0.289530842;0.333868409;0.072929912;15972.083333333;14372;708.053974870;;651.112778542;;708.053974870;118;0.313710150;0.332772656;0.313710150;0.269945611;0.328662661;0.269945611;0.463995141;0.417309122;0.463995141;0.202770319;0.216447592;0.202770319;0.106221542;0.109334871;0.106221542;14258;15805.5;14258
Saint-Denis;LA REUNION;CA Intercommunale du Nord de la Réunion (Cinor);LA REUNION;1318.758574223;121.897760285;115.992591110;121.897760285;Non;974110708;97411;69;249740119;-20.8989833797, 55.5024729059;"{""type"": ""Polygon"", ""coordinates"": [[[55.5048552077471, -20.896538802157924], [55.5048651546206, -20.896602123321767], [55.50487789563819, -20.896674502378616], [55.50500446147318, -20.897386542028737], [55.505172962640856, -20.898329301348685], [55.50520116776626, -20.898490343444813], [55.50529760829221, -20.899041323999466], [55.50552589452822, -20.900354073933723], [55.50562740963041, -20.90126643656968], [55.50570432397409, -20.902721494060405], [55.50580418669331, -20.904480275788078], [55.505805067430984, -20.904488413590457], [55.50585693364953, -20.904784260814083], [55.50568660274787, -20.904801741317275], [55.505628873462335, -20.90480665643927], [55.50539604272507, -20.90482539664509], [55.5050901024842, -20.90484891689582], [55.504918863925376, -20.90486096861773], [55.5047418756972, -20.904871163156507], [55.50463123230627, -20.904880131538043], [55.50456684579476, -20.90487776127613], [55.504478454653295, -20.90487247083086], [55.50441238742246, -20.904845695512165], [55.504374151965145, -20.904823680538005], [55.50413632101237, -20.904668029877055], [55.504051476636725, -20.90459592282693], [55.503733200144445, -20.904215537975496], [55.50360025506751, -20.90404996505], [55.50352271351778, -20.90392010772497], [55.50344021998804, -20.90370800271254], [55.503256875454035, -20.90309934964941], [55.503148379543426, -20.902698217888542], [55.50310776063302, -20.902528936750006], [55.503093823602825, -20.902383376301888], [55.501730425412106, -20.90143917581924], [55.50014457248824, -20.90068113395318], [55.498533856734106, -20.899911567870998], [55.498354000282895, -20.899824169871387], [55.49837161694881, -20.899792707692818], [55.499253329154556, -20.89716359552094], [55.499386460226326, -20.896729353175296], [55.499421566371375, -20.896582416487142], [55.499476210584405, -20.896307376592144], [55.499495029962574, -20.896154876814336], [55.49952135867684, -20.89582719435861], [55.49976337609353, -20.894399326313682], [55.500646820921865, -20.893815388447393], [55.50137701407754, -20.893562532636277], [55.50188681248632, -20.8936266225009], [55.50194594188365, -20.89377077250048], [55.50201259057363, -20.893932151926467], [55.502094555691066, -20.89409998897422], [55.50216147357663, -20.894234270382682], [55.50227580583321, -20.894434008057715], [55.50238656248073, -20.894606614006907], [55.50248037634948, -20.89474293766998], [55.50249934034386, -20.894769300815927], [55.502634028799534, -20.894952053098294], [55.50279184902734, -20.895128684518237], [55.50297829950514, -20.89532634351058], [55.503184055087125, -20.895516041296638], [55.5033489094924, -20.895662020147252], [55.50358261250689, -20.895844735476828], [55.50380982049289, -20.896003906690787], [55.503923532117426, -20.896072652999024], [55.504024837729865, -20.896132257195713], [55.50418923377278, -20.8962276439856], [55.50421409081011, -20.896241411714158], [55.50439197978166, -20.896333303034858], [55.50449054536089, -20.896378429476503], [55.50472692508145, -20.89648528580953], [55.5048552077471, -20.896538802157924]]]}";9741107;97411;974;4;974110708;Commune Prima;Saint-Denis;LA REUNION;Commune Prima;LA REUNION;;4;;;;;;Iris d'habitat;24040;274.257757360;137.128878680;;244.421099589;;122.210549794;274.257757360;137;137.128878680;112.021905831;;112.021905831;101.053958010;;101.053958010;112.021905831;112;112.021905831;329.701908738;163.285737650;462.266910746;145.237331891;157.869495331;148.826119319;157.869495331;116.388262029;95.594980270;116.388262029;136.286724742;151.533658525;136.286724742;113.126840920;105.978381985;113.126840920;95.693332859;92.968448552;95.693332859;112.021905831;101.053958010;112.021905831;113.126840920;;113.126840920;105.978381985;;105.978381985;113.126840920;113;113.126840920;231.980057601;;115.990028801;244.502107076;;122.251053538;231.980057601;115;115.990028801;6770;;;386.279663190;;128.759887730;345.475057599;;115.158352533;386.279663190;128;128.759887730;345.106898521;;115.035632840;350.480489061;;116.826829687;345.106898521;115;115.035632840;Polygon;15972.083333333;1;794.601263013;502.477058330;25.422822938;302.506938024;134.047765394;0.495252631;0.314185005;0.632363780;0.229387656;0.101646934;15972.083333333;6770;731.386561711;;695.955546661;;731.386561711;121;0.313710150;0.332772656;0.313710150;0.269945611;0.328662661;0.269945611;0.463995141;0.417309122;0.463995141;0.202770319;0.216447592;0.202770319;0.106221542;0.109334871;0.106221542;14258;15805.5;14258
Saint-Denis;LA REUNION;CA Intercommunale du Nord de la Réunion (Cinor);LA REUNION;1685.216583324;129.695659859;119.462909839;129.695659859;Non;974110806;97411;69;249740119;-20.9024504853, 55.4922787751;"{""type"": ""Polygon"", ""coordinates"": [[[55.49216487090701, -20.90071275640927], [55.49218888355332, -20.900714774985012], [55.49408345921323, -20.90063572847972], [55.49557165118999, -20.90094006911292], [55.49691491068793, -20.901562194197112], [55.49721043000596, -20.901715651696627], [55.497074964599776, -20.901900548647347], [55.496312588048, -20.90298790000209], [55.49563125991133, -20.903905005060913], [55.494812548033266, -20.90464124386881], [55.49467156497713, -20.904704138927], [55.494530500680625, -20.90477516321428], [55.49441254244401, -20.904842777640695], [55.49428875346038, -20.904916663976753], [55.494176481399215, -20.904992458408792], [55.49403219018566, -20.90509778076011], [55.49398082876207, -20.90513888167597], [55.49385871834887, -20.905237172668222], [55.49385774807276, -20.905238067454896], [55.49360424545649, -20.90501632063002], [55.493406925361235, -20.904848366007663], [55.49328933156422, -20.904783191789864], [55.49177643020953, -20.903989356728708], [55.491713294846875, -20.903958085810004], [55.49158389660755, -20.90391990647537], [55.49099148973802, -20.90375026730907], [55.490332830706436, -20.90357281403893], [55.489307478987534, -20.90329410407034], [55.48817307045202, -20.902962481176502], [55.486711042529535, -20.902468510320237], [55.48668238663251, -20.902450189742073], [55.48701886411281, -20.90081902963188], [55.4870926068335, -20.900846782741713], [55.48881972821678, -20.90107435091066], [55.488886941861445, -20.9010821720558], [55.488943600088675, -20.901088093150854], [55.48907132595078, -20.901100966042154], [55.489199069930244, -20.901112032320043], [55.48932780229554, -20.901120397222847], [55.4894584571406, -20.901128779024724], [55.489589130091424, -20.90113535420799], [55.48971982114334, -20.901140122772308], [55.48985053029167, -20.901143084717376], [55.48997933507225, -20.901144223053496], [55.49010526521117, -20.901144432550712], [55.490230261242075, -20.901141923681703], [55.490352382623115, -20.901138485983164], [55.49047355181161, -20.90113413644492], [55.49059377784146, -20.90112797180868], [55.49071209044292, -20.901120886845877], [55.49083042110839, -20.901111995279845], [55.49094490684591, -20.901103069674082], [55.49105458642563, -20.901094101547727], [55.4913067041476, -20.901068775934753], [55.491621401077914, -20.90103406564053], [55.49193190115056, -20.900938342237474], [55.491929495950906, -20.900890443965576], [55.49193465418898, -20.900855259213163], [55.4919455165998, -20.900826448186944], [55.49198248564429, -20.900782510776565], [55.491997066566164, -20.900766379330424], [55.49202998303864, -20.900743182974097], [55.49206860367889, -20.900726360333426], [55.49211296459783, -20.90071229836125], [55.49214757783047, -20.900711700467472], [55.49216487090701, -20.90071275640927]]]}";9741108;97411;974;4;974110806;Ddass-Foucherolles;Saint-Denis;LA REUNION;Ddass-Foucherolles;LA REUNION;;4;;;;;;Iris d'habitat;24040;321.730923783;160.865461892;;277.498622665;;138.749311332;321.730923783;160;160.865461892;112.021905831;;112.021905831;101.053958010;;101.053958010;112.021905831;112;112.021905831;390.677344162;133.761147212;952.032701930;546.352894166;109.139808565;102.887857707;109.139808565;212.591115218;174.610764957;212.591115218;76.232172854;84.760566898;76.232172854;204.176889669;191.274999194;204.176889669;64.012067015;62.189312267;64.012067015;112.021905831;101.053958010;112.021905831;204.176889669;;204.176889669;191.274999194;;191.274999194;204.176889669;204;204.176889669;140.244239869;;70.122119935;146.949879165;;73.474939583;140.244239869;70;70.122119935;14068;;;433.752829614;;144.584276538;378.552580675;;126.184193558;433.752829614;144;144.584276538;344.421129539;;114.807043180;338.224878359;;112.741626120;344.421129539;114;114.807043180;Polygon;15972.083333333;1;904.708928738;320.007831878;62.924830481;697.696736622;114.585635300;0.342382657;0.573880386;0.353713578;0.414010130;0.067994605;15972.083333333;14068;778.173959152;;716.777459034;;778.173959152;129;0.313710150;0.332772656;0.313710150;0.269945611;0.328662661;0.269945611;0.463995141;0.417309122;0.463995141;0.202770319;0.216447592;0.202770319;0.106221542;0.109334871;0.106221542;14258;15805.5;14258
Saint-Denis;LA REUNION;CA Intercommunale du Nord de la Réunion (Cinor);LA REUNION;4040.601834155;97.232689949;91.981744963;97.232689949;Non;974111101;97411;69;249740119;-20.9226034988, 55.5040860097;"{""type"": ""Polygon"", ""coordinates"": [[[55.50259895878413, -20.93401136917309], [55.502547049741864, -20.93401001034184], [55.502482623958265, -20.934010348337885], [55.50243440802642, -20.934024378668337], [55.50185212328227, -20.934274009729098], [55.500678301176755, -20.934929462061316], [55.49790043012187, -20.9363756682169], [55.49531996620671, -20.938727888921665], [55.49504820070991, -20.939099393169098], [55.49474125080127, -20.939409240191246], [55.49471223496387, -20.939426147608156], [55.49468424380455, -20.93943674069775], [55.49465627973136, -20.939444624008967], [55.494630256667854, -20.939450717766398], [55.49460425166301, -20.9394550050041], [55.49455226874135, -20.939460869693935], [55.494518617078285, -20.939460572759188], [55.49449184024302, -20.939445883082293], [55.494469897885665, -20.939428526049305], [55.49446138910046, -20.939413997567044], [55.494453914041486, -20.93939225150665], [55.49439704810176, -20.939117135114305], [55.49438701377255, -20.939062846318624], [55.49438639549091, -20.939028514038846], [55.4943955635338, -20.938977104705998], [55.494401648464596, -20.93894554159014], [55.4946336495066, -20.938053284477352], [55.49485242173586, -20.93732983429364], [55.49512001174737, -20.93667637123309], [55.496253574548824, -20.9345192560182], [55.49810117112997, -20.931672845115305], [55.498533649120745, -20.928991925137012], [55.49855116332074, -20.928874645036082], [55.498565605973155, -20.928679650690537], [55.498100511182884, -20.92855631803741], [55.49775552556702, -20.92863367933101], [55.497908614252964, -20.92822671712344], [55.49815301679034, -20.927629501817204], [55.49833807958213, -20.92584703368323], [55.498337343298786, -20.92457015603847], [55.498450158274686, -20.92289725890985], [55.49868013185685, -20.921720422125464], [55.4994855754628, -20.91962091193859], [55.50022310706891, -20.918063708018785], [55.50110458589551, -20.915854647282433], [55.50114179641781, -20.915303031998885], [55.50120844488031, -20.914207863131875], [55.501236041060636, -20.913656163314016], [55.50117845198177, -20.913646624500625], [55.50097701599175, -20.91360059281943], [55.50094825739315, -20.913592210319788], [55.500456764826815, -20.913130804626256], [55.499696451590175, -20.91234273676495], [55.499757669851604, -20.91227733056126], [55.499966219376866, -20.912091267201188], [55.50069519103485, -20.911487008631706], [55.50232242642794, -20.910316099298722], [55.50409970887402, -20.908941428118116], [55.50416854246452, -20.90888331357488], [55.50425313279885, -20.908787396546092], [55.504321336405596, -20.908695852706604], [55.50436341508143, -20.90862124362393], [55.50478707378784, -20.90758520386255], [55.50498222703942, -20.906651950961468], [55.504848176019955, -20.905009401776745], [55.5047418756972, -20.904871163156507], [55.504918863925376, -20.90486096861773], [55.5050901024842, -20.90484891689582], [55.50539604272507, -20.90482539664509], [55.505628873462335, -20.90480665643927], [55.50568660274787, -20.904801741317275], [55.50585693364953, -20.904784260814083], [55.50597152184034, -20.905444704323735], [55.506035151483225, -20.905814728606227], [55.50608662231921, -20.906732976529668], [55.505974254807214, -20.907012933902877], [55.505920413398584, -20.907207585359288], [55.50584959483749, -20.9074662257304], [55.50573744945375, -20.908402915927464], [55.50573740845295, -20.90850409009603], [55.50574415908011, -20.908599000265816], [55.50577096245962, -20.908707636005463], [55.505822807822824, -20.908908631875434], [55.50598363042008, -20.909366227265938], [55.506119250594004, -20.909747721225475], [55.50622126685082, -20.910027746698677], [55.50632026133592, -20.910224638049765], [55.506709280500125, -20.910841410106897], [55.507089163645965, -20.911410224306916], [55.50724146099321, -20.911564220575254], [55.507447918266145, -20.91178282745087], [55.50782216774877, -20.91224138299481], [55.50801343460925, -20.912635105339064], [55.508270653966164, -20.913164905209328], [55.50894309484544, -20.91467755571432], [55.50962639968037, -20.916454075396608], [55.50979724680717, -20.916872008159554], [55.510065265052866, -20.917477780945234], [55.51035610800682, -20.917768485274504], [55.51078330924763, -20.91817329649857], [55.51115542926772, -20.918655314136178], [55.51187583323475, -20.919648498233176], [55.51288639186435, -20.922124789423584], [55.51305584336363, -20.922880558271235], [55.5128156070117, -20.923452089647984], [55.51083193203388, -20.925999391514324], [55.50877154209813, -20.92833903077022], [55.50715190096524, -20.929538161561563], [55.50563617187217, -20.930645041497634], [55.505579196925424, -20.930669836202792], [55.50548654170587, -20.930705158555277], [55.5053543067011, -20.930756394395143], [55.50512044072965, -20.93087539395793], [55.504860275223486, -20.931028489765325], [55.50468908057582, -20.93112997087682], [55.50454377252573, -20.931238905362214], [55.50441946325025, -20.93136338052898], [55.50432010609473, -20.931492590973587], [55.503345493443454, -20.932811054805043], [55.50259897674362, -20.934009562649663], [55.50259895878413, -20.93401136917309]]]}";9741111;97411;974;4;974111101;Domenjod;Saint-Denis;LA REUNION;Domenjod;LA REUNION;;4;;;;;;Iris d'habitat;24040;190.424656395;95.212328197;;167.590805688;;83.795402844;190.424656395;95;95.212328197;112.021905831;;112.021905831;101.053958010;;101.053958010;112.021905831;112;112.021905831;905.717454407;261.876644374;1284.519209652;340.708735398;92.167001695;86.887318938;92.167001695;98.257654700;80.703486750;98.257654700;103.938441825;115.566445528;103.938441825;123.620978899;115.809397810;123.620978899;53.390156747;51.869862742;53.390156747;112.021905831;101.053958010;112.021905831;123.620978899;;123.620978899;115.809397810;;115.809397810;123.620978899;123;123.620978899;157.328598572;;78.664299286;167.436308270;;83.718154135;157.328598572;78;78.664299286;12730;;;302.446562225;;100.815520742;268.644763699;;89.548254566;302.446562225;100;100.815520742;280.949577471;;93.649859157;283.245706079;;94.415235360;280.949577471;93;93.649859157;Polygon;15972.083333333;1;2710.870501580;1307.369671432;94.252784711;1012.844137528;229.149996066;0.289137239;0.265242227;0.482269319;0.250666653;0.056711848;15972.083333333;12730;583.396139696;;551.890469778;;583.396139696;97;0.313710150;0.332772656;0.313710150;0.269945611;0.328662661;0.269945611;0.463995141;0.417309122;0.463995141;0.202770319;0.216447592;0.202770319;0.106221542;0.109334871;0.106221542;14258;15805.5;14258
Saint-Denis;LA REUNION;CA Intercommunale du Nord de la Réunion (Cinor);LA REUNION;1979.951444902;124.336698501;118.598464617;124.336698501;Non;974110701;97411;69;249740119;-20.889261624, 55.4866215515;"{""type"": ""Polygon"", ""coordinates"": [[[55.487172081509975, -20.89291887678802], [55.48716700404545, -20.892945932040345], [55.487038984910555, -20.893442539069085], [55.487000658333514, -20.893621964391617], [55.486895724449205, -20.89411696889539], [55.48689066499057, -20.894142217611595], [55.4868613146584, -20.89428920211473], [55.48637630390032, -20.89405455598669], [55.48575737272315, -20.89375458505318], [55.48564545830949, -20.893699393161448], [55.48519493610368, -20.893476792834704], [55.484969149601824, -20.8933700042876], [55.484736598924464, -20.89326676884704], [55.484644724905294, -20.893226207420085], [55.48456037767631, -20.892435941353508], [55.48415518778369, -20.889518176827707], [55.48430611657979, -20.886356924050272], [55.484261178841095, -20.885758514891766], [55.484346701212786, -20.885761079745603], [55.48479914844742, -20.885789480250978], [55.485291818427484, -20.88583268936101], [55.485687496117045, -20.885866907955467], [55.48605744085953, -20.88587921761669], [55.48834098955476, -20.885909359942993], [55.488873520041054, -20.8859077441745], [55.488986071941376, -20.885898802179923], [55.488991326636004, -20.886334258978035], [55.489401955548885, -20.88679588154434], [55.48970786556287, -20.88744447311209], [55.489848869419816, -20.8878585455938], [55.49009532208348, -20.888589718746], [55.49022113009112, -20.888985589940894], [55.49006847305707, -20.88906373566234], [55.48985093071437, -20.889190088470546], [55.48971556503351, -20.88926928994535], [55.48840864470768, -20.89009694190579], [55.487961343519125, -20.890896958785124], [55.487292435738034, -20.892323737707414], [55.487172081509975, -20.89291887678802]]]}";9741107;97411;974;4;974110701;Église-Piscine du Chaudron;Saint-Denis;LA REUNION;Eglise-Piscine du Chaudron;LA REUNION;;4;;;;;;Iris d'habitat;24040;245.554160048;122.777080024;;216.447164750;;108.223582375;245.554160048;122;122.777080024;112.021905831;;112.021905831;101.053958010;;101.053958010;112.021905831;112;112.021905831;504.061319525;192.333082162;795.662538011;266.170456112;121.630375868;114.662916948;121.630375868;123.923784180;101.784247803;123.923784180;142.465418033;158.403586620;142.465418033;94.725065726;88.739410713;94.725065726;151.253641371;146.946667609;151.253641371;112.021905831;101.053958010;112.021905831;94.725065726;;94.725065726;88.739410713;;88.739410713;94.725065726;94;94.725065726;293.719059404;;146.859529702;305.350254229;;152.675127115;293.719059404;146;146.859529702;8984;;;357.576065878;;119.192021959;317.501122761;;105.833707587;357.576065878;119;119.192021959;388.444125130;;129.481375043;394.089664942;;131.363221647;388.444125130;129;129.481375043;Polygon;15972.083333333;1;1420.507345545;939.001687661;61.260152955;380.297822815;318.106820244;0.381566835;0.334526817;0.661032617;0.192074318;0.160663950;15972.083333333;8984;746.020191008;;711.590787703;;746.020191008;124;0.313710150;0.332772656;0.313710150;0.269945611;0.328662661;0.269945611;0.463995141;0.417309122;0.463995141;0.202770319;0.216447592;0.202770319;0.106221542;0.109334871;0.106221542;14258;15805.5;14258
Saint-Denis;LA REUNION;CA Intercommunale du Nord de la Réunion (Cinor);LA REUNION;2161.832682701;121.120823341;113.644151036;121.120823341;Non;974110705;97411;69;249740119;-20.8982341504, 55.4944415055;"{""type"": ""Polygon"", ""coordinates"": [[[55.49721043000596, -20.901715651696627], [55.49691491068793, -20.901562194197112], [55.49557165118999, -20.90094006911292], [55.49408345921323, -20.90063572847972], [55.49218888355332, -20.900714774985012], [55.49216487090701, -20.90071275640927], [55.492121985749016, -20.900675341007723], [55.492082164835345, -20.9006198858272], [55.492026436403464, -20.900520929908513], [55.49168320829754, -20.89879387519284], [55.49175201023996, -20.896719057182167], [55.491823035550375, -20.896633866615165], [55.491871790674445, -20.896564739624107], [55.491922585493, -20.896483887183713], [55.49201483372335, -20.896294999593156], [55.49204431953047, -20.89623021921702], [55.49205933317598, -20.896170731186487], [55.49207538923115, -20.89610312228238], [55.49208863387408, -20.896028261842005], [55.49216678336636, -20.895326152021607], [55.492100771578706, -20.894620963568766], [55.49200799634695, -20.89438166296807], [55.49256454120593, -20.89419235413549], [55.49312099459995, -20.894012076020957], [55.49418437826565, -20.894953696720215], [55.494761798082536, -20.895466461283107], [55.495145755596205, -20.89581130576873], [55.49566781044297, -20.896285639672875], [55.49584117365045, -20.896445250456573], [55.4959781915286, -20.896586474379916], [55.49604748623928, -20.896674708391487], [55.49624395338403, -20.896927566369342], [55.49633387294452, -20.897068375606644], [55.49639038439399, -20.897185403970393], [55.49642571334936, -20.897305859319825], [55.49644861863401, -20.897418978620742], [55.49646558570228, -20.89754920917585], [55.49646915884016, -20.897672998492745], [55.496468788137875, -20.897806689873576], [55.49646286614249, -20.897918652199092], [55.49832817305663, -20.899811296108677], [55.498354000282895, -20.899824169871387], [55.49827368755323, -20.899973418937872], [55.49802796020455, -20.900419317065555], [55.49770608613176, -20.90098197977213], [55.4975232055779, -20.90129473486188], [55.49751345831491, -20.901308199284355], [55.497455001685225, -20.901386276015792], [55.497380958331206, -20.901484992521368], [55.49721043000596, -20.901715651696627]]]}";9741107;97411;974;4;974110705;Eudoxie Nonge;Saint-Denis;LA REUNION;Eudoxie Nonge;LA REUNION;;4;;;;;;Iris d'habitat;24040;303.627693464;151.813846732;;267.027996124;;133.513998062;303.627693464;151;151.813846732;112.021905831;;112.021905831;101.053958010;;101.053958010;112.021905831;112;112.021905831;544.921962092;248.521968178;955.385683191;408.126623918;145.379075308;137.051198922;145.379075308;158.248618156;129.976797202;158.248618156;110.435391689;122.790234815;110.435391689;113.323354086;106.162477529;113.323354086;87.316594978;84.830239739;87.316594978;112.021905831;101.053958010;112.021905831;113.323354086;;113.323354086;106.162477529;;106.162477529;113.323354086;113;113.323354086;197.751986666;;98.875993333;207.620474554;;103.810237277;197.751986666;98;98.875993333;9398;;;415.649599295;;138.549866432;368.081954134;;122.693984711;415.649599295;138;138.549866432;311.075340752;;103.691780251;313.782952083;;104.594317361;311.075340752;103;103.691780251;Polygon;15972.083333333;1;1420.835022048;728.056966016;87.817069838;496.759157783;200.507892084;0.456068915;0.427185200;0.512414851;0.229786126;0.092749034;15972.083333333;9398;726.724940047;;681.864906217;;726.724940047;121;0.313710150;0.332772656;0.313710150;0.269945611;0.328662661;0.269945611;0.463995141;0.417309122;0.463995141;0.202770319;0.216447592;0.202770319;0.106221542;0.109334871;0.106221542;14258;15805.5;14258
Saint-Denis;LA REUNION;CA Intercommunale du Nord de la Réunion (Cinor);LA REUNION;3892.500941156;84.942956599;79.571144055;84.942956599;Non;974111001;97411;69;249740119;-20.9092758822, 55.497058715;"{""type"": ""Polygon"", ""coordinates"": [[[55.49721043000596, -20.901715651696627], [55.497380958331206, -20.901484992521368], [55.497455001685225, -20.901386276015792], [55.49751345831491, -20.901308199284355], [55.4975232055779, -20.90129473486188], [55.49770608613176, -20.90098197977213], [55.49802796020455, -20.900419317065555], [55.49827368755323, -20.899973418937872], [55.498354000282895, -20.899824169871387], [55.498533856734106, -20.899911567870998], [55.50014457248824, -20.90068113395318], [55.501730425412106, -20.90143917581924], [55.503093823602825, -20.902383376301888], [55.50310776063302, -20.902528936750006], [55.503148379543426, -20.902698217888542], [55.503256875454035, -20.90309934964941], [55.50344021998804, -20.90370800271254], [55.50352271351778, -20.90392010772497], [55.50360025506751, -20.90404996505], [55.503733200144445, -20.904215537975496], [55.504051476636725, -20.90459592282693], [55.50413632101237, -20.904668029877055], [55.504374151965145, -20.904823680538005], [55.50441238742246, -20.904845695512165], [55.504478454653295, -20.90487247083086], [55.50456684579476, -20.90487776127613], [55.50463123230627, -20.904880131538043], [55.5047418756972, -20.904871163156507], [55.504848176019955, -20.905009401776745], [55.50498222703942, -20.906651950961468], [55.50478707378784, -20.90758520386255], [55.50436341508143, -20.90862124362393], [55.504321336405596, -20.908695852706604], [55.50425313279885, -20.908787396546092], [55.50416854246452, -20.90888331357488], [55.50409970887402, -20.908941428118116], [55.50232242642794, -20.910316099298722], [55.50069519103485, -20.911487008631706], [55.499966219376866, -20.912091267201188], [55.499757669851604, -20.91227733056126], [55.499696451590175, -20.91234273676495], [55.49957110402477, -20.91247623354833], [55.499440239598194, -20.91268104574511], [55.4990888718699, -20.913982835050884], [55.4989147544092, -20.915683199679684], [55.49833865754666, -20.917104058484263], [55.49750202058466, -20.9178478268683], [55.496801819026686, -20.918406703714112], [55.49343193473166, -20.917116394493238], [55.49201315858484, -20.9166562669063], [55.49051708283072, -20.91493935240094], [55.49050982361945, -20.914800174086803], [55.48972818033953, -20.914706542943094], [55.48969832302033, -20.914615945058113], [55.48950623669949, -20.911237566837357], [55.489597557293585, -20.91114262050758], [55.48969201494527, -20.911022408375775], [55.48977872783468, -20.91090754773729], [55.48986064317829, -20.910791741290986], [55.48992702398584, -20.910691154219634], [55.49010609636233, -20.910377471996934], [55.4901697738079, -20.910258794131913], [55.490216048509836, -20.91014989914323], [55.49024803043662, -20.910028231060416], [55.490256001042674, -20.91000029800059], [55.49026706971515, -20.90985495824629], [55.49025772532731, -20.909732021542357], [55.49024290259806, -20.909580129565427], [55.49091072657059, -20.908363812802307], [55.492327472910375, -20.906662687100397], [55.493300144158056, -20.90572185787956], [55.49385774807276, -20.905238067454896], [55.49385871834887, -20.905237172668222], [55.49398082876207, -20.90513888167597], [55.49403219018566, -20.90509778076011], [55.494176481399215, -20.904992458408792], [55.49428875346038, -20.904916663976753], [55.49441254244401, -20.904842777640695], [55.494530500680625, -20.90477516321428], [55.49467156497713, -20.904704138927], [55.494812548033266, -20.90464124386881], [55.49563125991133, -20.903905005060913], [55.496312588048, -20.90298790000209], [55.497074964599776, -20.901900548647347], [55.49721043000596, -20.901715651696627]]]}";9741110;97411;974;4;974111001;Grand Canal-Le Stade;Saint-Denis;LA REUNION;Grand Canal-Le Stade;LA REUNION;;4;;;;;;Iris d'habitat;24040;163.460009038;81.730004519;;143.591370020;;71.795685010;163.460009038;81;81.730004519;112.021905831;;112.021905831;101.053958010;;101.053958010;112.021905831;112;112.021905831;1158.644181049;279.539542739;1505.589445520;351.775944022;76.906774116;72.501256288;76.906774116;86.553234922;71.090113732;86.553234922;59.251371602;65.880056392;59.251371602;87.627955344;82.090765095;87.627955344;87.296497780;84.810714813;87.296497780;112.021905831;101.053958010;112.021905831;87.627955344;;87.627955344;82.090765095;;82.090765095;87.627955344;87;87.627955344;146.547869383;;73.273934691;150.690771205;;75.345385603;146.547869383;73;73.273934691;23800;;;275.481914869;;91.827304956;244.645328031;;81.548442677;275.481914869;91;91.827304956;234.175824726;;78.058608242;232.781536301;;77.593845434;234.175824726;78;78.058608242;Polygon;15972.083333333;1;2686.365287147;738.544906640;75.127271188;691.633130006;360.942605136;0.241264356;0.233646659;0.274923485;0.177683484;0.092727686;15972.083333333;23800;509.657739596;;477.426864332;;509.657739596;84;0.313710150;0.332772656;0.313710150;0.269945611;0.328662661;0.269945611;0.463995141;0.417309122;0.463995141;0.202770319;0.216447592;0.202770319;0.106221542;0.109334871;0.106221542;14258;15805.5;14258
Saint-Denis;LA REUNION;CA Intercommunale du Nord de la Réunion (Cinor);LA REUNION;3031.286968641;102.547414852;95.967517346;102.547414852;Non;974110202;97411;69;249740119;-20.9020878663, 55.4443635238;"{""type"": ""Polygon"", ""coordinates"": [[[55.440690734045006, -20.89709907819939], [55.44137437722989, -20.897174870725113], [55.44252379807518, -20.896781112122017], [55.44344953665923, -20.89626516597484], [55.443471727588154, -20.896257238158757], [55.44354792145242, -20.89623263899042], [55.44360278309115, -20.89622591202554], [55.44365950187834, -20.896225525234875], [55.44371134026384, -20.89623232058738], [55.44376604355992, -20.89624094866408], [55.44458600974045, -20.896520314543647], [55.4451808672115, -20.896816598578756], [55.445586671576244, -20.897082254732503], [55.448395707225814, -20.898933405907787], [55.44903481228561, -20.899509207173907], [55.44949181718598, -20.899938821650412], [55.44941564276008, -20.900335594354967], [55.44918700363996, -20.902565640176118], [55.449198946789124, -20.904489834449794], [55.449113681270376, -20.90530295766121], [55.44862417178238, -20.906349984965853], [55.44807690422418, -20.90693669274327], [55.44745244250317, -20.90727066904564], [55.44720321373872, -20.907667673699972], [55.446723192751094, -20.908444686119342], [55.446483572573364, -20.90884177683905], [55.44578608866517, -20.908424419073707], [55.445318674136836, -20.907977536342248], [55.444860791059774, -20.90753886915382], [55.44464685698591, -20.907309283551264], [55.44209049684945, -20.90583570206624], [55.441524463010474, -20.905631356304667], [55.440742709379705, -20.905185207506232], [55.43957288371782, -20.90405982525397], [55.43908014792245, -20.903461840654206], [55.438468836095424, -20.901596311739283], [55.43843734990186, -20.901573440895746], [55.43882838663359, -20.90085074206453], [55.44047344866617, -20.89793989719132], [55.440375380907184, -20.89756954250076], [55.440690734045006, -20.89709907819939]]]}";9741102;97411;974;4;974110202;Hauts de Bellepierre;Saint-Denis;LA REUNION;Hauts de Bellepierre;LA REUNION;;4;;;;;;Iris d'habitat;24040;214.576694935;107.288347467;;187.180265993;;93.590132996;214.576694935;107;107.288347467;112.021905831;;112.021905831;101.053958010;;101.053958010;112.021905831;112;112.021905831;817.409991243;231.110114560;1246.376246148;418.718849220;90.126071398;84.963301032;90.126071398;124.450623536;102.216964960;124.450623536;72.608456567;80.731451169;72.608456567;88.872141881;83.256331773;88.872141881;127.205289901;123.583097132;127.205289901;112.021905831;101.053958010;112.021905831;88.872141881;;88.872141881;83.256331773;;83.256331773;88.872141881;88;88.872141881;199.813746468;;99.906873234;204.314548301;;102.157274150;199.813746468;99;99.906873234;19704;;;326.598600765;;108.866200255;288.234224003;;96.078074668;326.598600765;108;108.866200255;288.685888349;;96.228629450;287.570880074;;95.856960025;288.685888349;96;96.228629450;Polygon;15972.083333333;1;2065.905451621;696.002947805;129.653790294;546.257085680;409.585738269;0.282734634;0.335948997;0.336899710;0.180206325;0.135119420;15972.083333333;19704;615.284489114;;575.805104077;;615.284489114;102;0.313710150;0.332772656;0.313710150;0.269945611;0.328662661;0.269945611;0.463995141;0.417309122;0.463995141;0.202770319;0.216447592;0.202770319;0.106221542;0.109334871;0.106221542;14258;15805.5;14258
Saint-Denis;LA REUNION;CA Intercommunale du Nord de la Réunion (Cinor);LA REUNION;3084.252886700;118.896565938;111.884357615;118.896565938;Non;974110603;97411;69;249740119;-20.8933998501, 55.479423202;"{""type"": ""Polygon"", ""coordinates"": [[[55.47740757824086, -20.89587551401586], [55.47740686309021, -20.895851117561612], [55.47723035922371, -20.894492394933508], [55.47728406088519, -20.892301717529193], [55.47764371621831, -20.890190209409234], [55.47876047976108, -20.89040069225725], [55.48002513560379, -20.891007241659448], [55.48008921507709, -20.89103942826743], [55.48021736501579, -20.891104704672912], [55.480553050783705, -20.89127480642376], [55.48096237430652, -20.891482598823142], [55.48110295655325, -20.891554308449084], [55.48158120396981, -20.89179071536595], [55.482002109861135, -20.89199409160726], [55.48195203888008, -20.892480546210237], [55.48194022150754, -20.89260419858317], [55.48178093330673, -20.89429654258117], [55.48107367352147, -20.89618365421743], [55.481053033897176, -20.896228637652477], [55.48094664133775, -20.896197881879086], [55.47758031009351, -20.895905056242288], [55.47740757824086, -20.89587551401586]]]}";9741106;97411;974;4;974110603;La Mairie de Sainte-Clotilde;Saint-Denis;LA REUNION;La Mairie de Sainte-Clotilde;LA REUNION;;4;;;;;;Iris d'habitat;24040;274.910806330;137.455403165;;242.507795663;;121.253897832;274.910806330;137;137.455403165;112.021905831;;112.021905831;101.053958010;;101.053958010;112.021905831;112;112.021905831;794.547284900;343.192744279;1298.864365176;481.141373782;137.685998705;129.798811537;137.685998705;137.224807625;112.708984127;137.224807625;104.581419983;116.281356190;104.581419983;117.661625714;110.226614775;117.661625714;104.203637772;101.236421051;104.203637772;112.021905831;101.053958010;112.021905831;117.661625714;;117.661625714;110.226614775;;110.226614775;117.661625714;117;117.661625714;208.785057755;;104.392528877;217.517777241;;108.758888621;208.785057755;104;104.392528877;8450;;;386.932712161;;128.977570720;343.561753673;;114.520584558;386.932712161;128;128.977570720;326.446683468;;108.815561156;327.744392016;;109.248130672;326.446683468;108;108.815561156;Polygon;15972.083333333;1;2012.662948630;976.650143458;239.834919660;735.849854525;341.385807398;0.431934953;0.370432346;0.485252707;0.238582853;0.110686711;15972.083333333;8450;713.379395629;;671.306145690;;713.379395629;118;0.313710150;0.332772656;0.313710150;0.269945611;0.328662661;0.269945611;0.463995141;0.417309122;0.463995141;0.202770319;0.216447592;0.202770319;0.106221542;0.109334871;0.106221542;14258;15805.5;14258
Saint-Denis;LA REUNION;CA Intercommunale du Nord de la Réunion (Cinor);LA REUNION;2185.505659364;110.222996722;102.173985472;110.222996722;Non;974110505;97411;69;249740119;-20.8954316321, 55.4694449784;"{""type"": ""Polygon"", ""coordinates"": [[[55.47323294988743, -20.89899181315983], [55.47311666193665, -20.898988967462913], [55.472017571091214, -20.899021599946373], [55.47087327057782, -20.89979781458377], [55.469532719848644, -20.89920170971569], [55.46708681812041, -20.896588123627406], [55.46699343805208, -20.896506889363813], [55.466973656778016, -20.896466965264985], [55.46697366595332, -20.896466062014234], [55.46747439683223, -20.89524472977754], [55.46762317387895, -20.89450894373384], [55.467130253563845, -20.89325792352306], [55.46636680198579, -20.892522085024307], [55.465944935086625, -20.89213167270105], [55.46460404904548, -20.89118107039481], [55.46332712511718, -20.891125332496987], [55.463070561057236, -20.890927906044077], [55.46310419220342, -20.890929111760393], [55.46433467307782, -20.889880561310072], [55.46434852420624, -20.88984184242809], [55.464400233168334, -20.889861276934468], [55.466343552308224, -20.89102595644817], [55.466854942660895, -20.891403620708527], [55.467377531976965, -20.891719957284124], [55.46760596543898, -20.891848472066354], [55.47029686047065, -20.893330556781475], [55.47077343762117, -20.893635631804845], [55.47152528108412, -20.894191584526887], [55.471609233572565, -20.894254665385102], [55.47208907593717, -20.89461757962964], [55.47291911736001, -20.895331406037624], [55.47297342055094, -20.895379767995607], [55.47298389306359, -20.89538979825152], [55.4730429565331, -20.895442719396875], [55.47304471441196, -20.895458995133886], [55.473049989692996, -20.895602672540978], [55.473122039562966, -20.897032392241506], [55.47313343094724, -20.89723664771332], [55.47323046838073, -20.89895204425802], [55.47323294988743, -20.89899181315983]]]}";9741105;97411;974;4;974110505;La Mediatheque;Saint-Denis;LA REUNION;La Mediatheque;LA REUNION;;4;;;;;;Iris d'habitat;24040;296.352851142;148.176425571;;261.482994923;;130.741497461;296.352851142;148;148.176425571;112.021905831;;112.021905831;101.053958010;;101.053958010;112.021905831;112;112.021905831;581.472939408;271.656795675;986.892886259;392.763382071;148.923246385;140.392346155;148.923246385;147.429604757;121.090648768;147.429604757;61.788107155;68.700586563;61.788107155;113.064783811;105.920246250;113.064783811;78.110332395;75.886127086;78.110332395;112.021905831;101.053958010;112.021905831;113.064783811;;113.064783811;105.920246250;;105.920246250;113.064783811;113;113.064783811;139.898439550;;69.949219775;144.586713649;;72.293356824;139.898439550;69;69.949219775;12108;;;408.374756972;;136.124918991;362.536952933;;120.845650978;408.374756972;136;136.124918991;252.963223361;;84.321074454;250.506959899;;83.502319966;252.963223361;84;84.321074454;Polygon;15972.083333333;1;1455.478667707;417.276731403;130.723213900;501.053010531;181.331403483;0.467187340;0.397979748;0.286693815;0.229261822;0.082970000;15972.083333333;12108;661.337980334;;613.043912832;;661.337980334;110;0.313710150;0.332772656;0.313710150;0.269945611;0.328662661;0.269945611;0.463995141;0.417309122;0.463995141;0.202770319;0.216447592;0.202770319;0.106221542;0.109334871;0.106221542;14258;15805.5;14258
Saint-Denis;LA REUNION;CA Intercommunale du Nord de la Réunion (Cinor);LA REUNION;2064.681862178;97.671866726;92.551428856;97.671866726;Non;974110101;97411;69;249740119;-20.8811466758, 55.4404401218;"{""type"": ""Polygon"", ""coordinates"": [[[55.43646560406644, -20.876432161449323], [55.436563359913826, -20.876459251522522], [55.4367667003102, -20.876499953181753], [55.437019949976715, -20.876547433992393], [55.43746523226824, -20.87661383214854], [55.43863332782893, -20.876676892847165], [55.43885816706077, -20.87668346194128], [55.43902844107732, -20.876668756236764], [55.43951566590334, -20.87658286978712], [55.43980746126106, -20.876527719008543], [55.4409901481871, -20.876294605556627], [55.441554314896706, -20.876157021533615], [55.4418276479509, -20.876074599178693], [55.44209588125391, -20.875974063375203], [55.44212157384745, -20.876278718635188], [55.44216034104716, -20.876713572076156], [55.442261033306266, -20.877015297131674], [55.442302183467234, -20.877125877831016], [55.442437854281735, -20.877297842281102], [55.44269480688427, -20.877545887197336], [55.443722603895395, -20.879099932880294], [55.444416061281345, -20.881014973089673], [55.444426065707816, -20.881070167068597], [55.444441148233025, -20.881192253466466], [55.44445523538826, -20.881410986833952], [55.44445941691627, -20.881751579274393], [55.444378362123466, -20.88215553251666], [55.44434624895028, -20.882287126136575], [55.44385424357275, -20.883954707496397], [55.44380954207252, -20.88409521964238], [55.44374358455325, -20.88424637822043], [55.443673109955796, -20.88436949251602], [55.44327073904368, -20.884986414866695], [55.44189962166199, -20.887079578318463], [55.44187237479124, -20.88711184972721], [55.441836393948336, -20.887152171461132], [55.44179857474042, -20.887184346497264], [55.44175887988624, -20.887211987798562], [55.44171346491106, -20.88723506032164], [55.44165942781387, -20.887255344261188], [55.441610261559234, -20.887269349302546], [55.44155150274606, -20.887281460232636], [55.44150051679134, -20.887285512069095], [55.44143997558052, -20.88728405682426], [55.44138428658977, -20.88727812916649], [55.44132389457469, -20.887262222028752], [55.44096287695539, -20.88713065791092], [55.4408950106232, -20.887093905976233], [55.44084154243896, -20.887059091979424], [55.44080055948181, -20.887025295161486], [55.440758690046074, -20.886984263644614], [55.440719769278495, -20.88693693573325], [55.44069227932872, -20.88689964865455], [55.440662045963364, -20.886848786665542], [55.440646098765534, -20.886810701535932], [55.44062833195358, -20.88676266322668], [55.44061150761099, -20.886716440163603], [55.44060237220005, -20.886670287232253], [55.44059707192534, -20.88662507260753], [55.440590987776574, -20.886562687646368], [55.44058678854608, -20.886503933180173], [55.440583513117794, -20.88644880044236], [55.44057632793805, -20.88639995532143], [55.44056043677226, -20.886356450743147], [55.44053875095139, -20.8863156032845], [55.44050930161041, -20.886281911612112], [55.44047979630933, -20.88625363937829], [55.440438757670755, -20.88622526193227], [55.440391924386844, -20.886199541593186], [55.44035072717738, -20.88618651921539], [55.440302736882686, -20.886179758134592], [55.440257555288, -20.886180249268865], [55.44021330681464, -20.886183458880904], [55.44017670058314, -20.88619125483379], [55.440045681413665, -20.886219869157035], [55.43992525310075, -20.88624677336904], [55.43989345240473, -20.886254613110427], [55.439892771263, -20.886227507132823], [55.43906456786418, -20.88554245366758], [55.43763957010129, -20.883268415567798], [55.436633731287756, -20.88080398515634], [55.436452657393104, -20.87991165129201], [55.43640204781529, -20.876722451136594], [55.43646560406644, -20.876432161449323]]]}";9741101;97411;974;4;974110101;La Petite Ile-La Redoute;Saint-Denis;LA REUNION;La Petite Ile-La Redoute;LA REUNION;;4;;;;;;Iris d'habitat;24040;186.930816556;93.465408278;;165.643355228;;82.821677614;186.930816556;93;93.465408278;112.021905831;;112.021905831;101.053958010;;101.053958010;112.021905831;112;112.021905831;535.717757565;167.665514444;707.112591144;166.383396173;99.765212757;94.050275048;99.765212757;87.165603800;71.593080180;87.165603800;96.400377310;107.185067985;96.400377310;110.106906367;103.149276399;110.106906367;80.571194294;78.276915514;80.571194294;112.021905831;101.053958010;112.021905831;110.106906367;;110.106906367;103.149276399;;103.149276399;110.106906367;110;110.106906367;176.971571604;;88.485785802;185.461983499;;92.730991750;176.971571604;88;88.485785802;16264;;;298.952722387;;99.650907462;266.697313239;;88.899104413;298.952722387;99;99.650907462;287.078477971;;95.692825990;288.611259898;;96.203753299;287.078477971;95;95.692825990;Polygon;15972.083333333;1;1371.426898867;613.429742701;75.663680238;460.969389303;176.703660153;0.312973599;0.235299722;0.447293066;0.223264125;0.085583965;15972.083333333;16264;586.031200358;;555.308573137;;586.031200358;97;0.313710150;0.332772656;0.313710150;0.269945611;0.328662661;0.269945611;0.463995141;0.417309122;0.463995141;0.202770319;0.216447592;0.202770319;0.106221542;0.109334871;0.106221542;14258;15805.5;14258
Saint-Denis;LA REUNION;CA Intercommunale du Nord de la Réunion (Cinor);LA REUNION;1421.389845887;114.153131328;105.972948231;114.153131328;Non;974110115;97411;69;249740119;-20.8925840349, 55.4579836897;"{""type"": ""Polygon"", ""coordinates"": [[[55.4575551737138, -20.8953289354755], [55.45752874075174, -20.895281723744294], [55.45748847172449, -20.89517747733293], [55.457469885157806, -20.895114979798525], [55.45744121494276, -20.895004514752205], [55.456549562976086, -20.893508228567462], [55.4548957604704, -20.891626555524326], [55.45491337590163, -20.89150205525768], [55.454926804626936, -20.89141094034154], [55.45525229821197, -20.891118041686745], [55.45598385826472, -20.89106548319189], [55.45610312404307, -20.891058430484605], [55.45619917441448, -20.89106562130647], [55.456302803163986, -20.891083720477162], [55.45637558275904, -20.891110574306847], [55.45647886061761, -20.8911629967537], [55.45669494496961, -20.891276057474897], [55.45757874484633, -20.89142314768382], [55.45899990511316, -20.891332534361784], [55.45963784444549, -20.891223109624292], [55.45971497630389, -20.891200318066357], [55.4599256687126, -20.89108839674203], [55.45998175648005, -20.89105547880918], [55.46018387184768, -20.890936253217777], [55.460252380768544, -20.890910673732648], [55.46102304796612, -20.89065203446598], [55.46108657594027, -20.890643573089974], [55.461147192837196, -20.89063779547852], [55.46120003766845, -20.890640077866426], [55.46125378841209, -20.890647788383784], [55.461321845937825, -20.890666467648472], [55.46135423965329, -20.890694762522063], [55.46132021272391, -20.89073239617032], [55.46083640591074, -20.89132785272436], [55.46083255544083, -20.89142266787099], [55.46082498006669, -20.891505706164313], [55.46081452121361, -20.891588718491207], [55.46080957728698, -20.891602223946048], [55.46078679837208, -20.891667962030002], [55.46073940105632, -20.891791291635457], [55.4607147734465, -20.8918497864052], [55.4606426069575, -20.891951212960432], [55.460588063622865, -20.89202118159656], [55.46052688424217, -20.892082057129738], [55.45841042611337, -20.894697094111386], [55.458254331531194, -20.89492151869601], [55.45813879817622, -20.8950333927435], [55.45798394867014, -20.895135878672015], [55.457764552377746, -20.895252235282857], [55.45759564473558, -20.89531936409433], [55.4575551737138, -20.8953289354755]]]}";9741101;97411;974;4;974110115;La Providence-Jacques Coeur;Saint-Denis;LA REUNION;La Providence-Jacques Coeur;LA REUNION;;4;;;;;;Iris d'habitat;24040;277.545661922;138.772830961;;239.720966796;;119.860483398;277.545661922;138;138.772830961;112.021905831;;112.021905831;101.053958010;;101.053958010;112.021905831;112;112.021905831;372.990806161;113.376572300;742.828956002;362.249000867;96.893942094;91.343481887;96.893942094;180.651719828;148.377484909;180.651719828;78.188187881;86.935409046;78.188187881;82.153390271;76.962136524;82.153390271;135.009642067;131.165219012;135.009642067;112.021905831;101.053958010;112.021905831;82.153390271;;82.153390271;76.962136524;;76.962136524;82.153390271;82;82.153390271;213.197829947;;106.598914974;218.100628058;;109.050314029;213.197829947;106;106.598914974;16101;;;389.567567753;;129.855855918;340.774924807;;113.591641602;389.567567753;129;129.855855918;295.351220218;;98.450406739;295.062764582;;98.354254861;295.351220218;98;98.450406739;Polygon;15972.083333333;1;1070.285775608;388.288326101;70.635944040;236.778945899;203.840556387;0.303966131;0.487661390;0.362789392;0.166582691;0.143409324;15972.083333333;16101;684.918787970;;635.837689389;;684.918787970;114;0.313710150;0.332772656;0.313710150;0.269945611;0.328662661;0.269945611;0.463995141;0.417309122;0.463995141;0.202770319;0.216447592;0.202770319;0.106221542;0.109334871;0.106221542;14258;15805.5;14258
Saint-Denis;LA REUNION;CA Intercommunale du Nord de la Réunion (Cinor);LA REUNION;2109.952521088;95.567340912;87.854022613;95.567340912;Non;974110116;97411;69;249740119;-20.9049010328, 55.452591537;"{""type"": ""Polygon"", ""coordinates"": [[[55.4575551737138, -20.8953289354755], [55.45756994331557, -20.895388688563692], [55.457831068646016, -20.89598633965138], [55.45791287334316, -20.896165033867337], [55.45794712524511, -20.896199669477728], [55.45791769904942, -20.89625721709163], [55.45787803336683, -20.89637609875438], [55.45786686039756, -20.89643471439444], [55.45785390477077, -20.89657371032991], [55.45784263466306, -20.897676574667116], [55.45841582037689, -20.900567885868945], [55.458609213213975, -20.90083340288858], [55.45948120638987, -20.90192428363028], [55.46005700187618, -20.902522134874506], [55.46013365096697, -20.902547215612994], [55.4601813342569, -20.902584681896915], [55.460314864188945, -20.902687961582952], [55.46020502496424, -20.90426644461135], [55.45994851051248, -20.907122720047045], [55.45991159758333, -20.90725427340888], [55.459889785920204, -20.907319116505793], [55.45977882322901, -20.907641508096717], [55.45956971374648, -20.90816084371792], [55.45916207022519, -20.909010813440545], [55.45913564540113, -20.909056644868926], [55.459099663265704, -20.909096970100826], [55.459032819055864, -20.909146953532357], [55.45882944851252, -20.90929236140281], [55.458774259342306, -20.909330706601327], [55.458738470892, -20.909352063582215], [55.45861569749376, -20.90941870542436], [55.458494883457895, -20.909481751538028], [55.458440803129044, -20.909505653361524], [55.45824699713656, -20.909561717225213], [55.45815357858133, -20.909578037247726], [55.457826656091086, -20.909772011619175], [55.45714267723413, -20.910474044490677], [55.4569602942779, -20.910822888404837], [55.45691667664139, -20.911327454945486], [55.45692004114224, -20.91137445841878], [55.4569330462221, -20.911512785156837], [55.456945441255606, -20.91161677990323], [55.45699418949338, -20.911832212464187], [55.457013849623294, -20.911883879794377], [55.45704114458182, -20.911941036065976], [55.45705247665915, -20.911961011663667], [55.4563707977234, -20.911779606411802], [55.45558450564685, -20.91125263298091], [55.4548285783106, -20.911046612247713], [55.452443009756294, -20.91052547442328], [55.45164764476338, -20.91065015195455], [55.45087915913056, -20.910965671390386], [55.449438673477346, -20.91221635357104], [55.44844390096384, -20.913406935861744], [55.448948655882326, -20.914712309584907], [55.448961461285506, -20.91616163555744], [55.4488250500756, -20.917460045884557], [55.44824332110449, -20.918603749871526], [55.44823683721013, -20.9186732469649], [55.44758219489443, -20.918385459059788], [55.446609951926774, -20.917943924585757], [55.445638666958494, -20.91750329689841], [55.44369411775453, -20.916629234331914], [55.44326938787776, -20.91530560714314], [55.44349956940536, -20.91349654105225], [55.44365194085858, -20.91289179928762], [55.44380614959134, -20.91229520393935], [55.444645759689905, -20.911377396212448], [55.445044240093175, -20.91091174732049], [55.44534218842874, -20.910545903045318], [55.445629570661346, -20.91017905867977], [55.44606142177528, -20.90950639758036], [55.446483572573364, -20.90884177683905], [55.446723192751094, -20.908444686119342], [55.44720321373872, -20.907667673699972], [55.44745244250317, -20.90727066904564], [55.44807690422418, -20.90693669274327], [55.44862417178238, -20.906349984965853], [55.449113681270376, -20.90530295766121], [55.449198946789124, -20.904489834449794], [55.44918700363996, -20.902565640176118], [55.44941564276008, -20.900335594354967], [55.44949181718598, -20.899938821650412], [55.44951129186238, -20.89991460852842], [55.44954540733542, -20.89986884839741], [55.449577748877395, -20.899808618927715], [55.44965078969521, -20.899623196233875], [55.44967070047964, -20.89955653066594], [55.44967712658903, -20.899492452734037], [55.44969325607866, -20.899232440818913], [55.44969208536314, -20.899159260687764], [55.45005370690703, -20.897551004893643], [55.450451132924464, -20.896199617384887], [55.45047204107832, -20.896129347387497], [55.45049961255179, -20.896065461095194], [55.45052421700105, -20.89600967784695], [55.45055562386979, -20.89594672964384], [55.450601522572306, -20.8958766861938], [55.4509931605285, -20.895462898785393], [55.45283576955337, -20.89266301031902], [55.45276222838489, -20.892335339554297], [55.45277594381261, -20.892310170497066], [55.45278261217465, -20.892034715527046], [55.45278519348379, -20.89187665632131], [55.452812133054266, -20.89084258841294], [55.452816764512264, -20.890765847359873], [55.45290400672357, -20.890788316887377], [55.454127719939976, -20.891158009832953], [55.45489625081355, -20.89148473719489], [55.45491337590163, -20.89150205525768], [55.4548957604704, -20.891626555524326], [55.456549562976086, -20.893508228567462], [55.45744121494276, -20.895004514752205], [55.457469885157806, -20.895114979798525], [55.45748847172449, -20.89517747733293], [55.45752874075174, -20.895281723744294], [55.4575551737138, -20.8953289354755]]]}";9741101;97411;974;4;974110116;La Providence-Onf;Saint-Denis;LA REUNION;La Providence-Onf;LA REUNION;;4;;;;;;Iris d'habitat;24040;207.275744019;103.637872010;;177.304919058;;88.652459529;207.275744019;103;103.637872010;112.021905831;;112.021905831;101.053958010;;101.053958010;112.021905831;112;112.021905831;575.625442607;105.039901503;976.097210625;392.888131430;58.168217279;54.836116548;58.168217279;149.107526740;122.468802510;149.107526740;36.095661426;40.133825529;36.095661426;91.356604604;85.583801870;91.356604604;126.654129593;123.047631210;126.654129593;112.021905831;101.053958010;112.021905831;91.356604604;;91.356604604;85.583801870;;85.583801870;91.356604604;91;91.356604604;162.749791018;;81.374895509;163.181456739;;81.590728369;162.749791018;81;81.374895509;29496;;;319.297649850;;106.432549950;278.358877068;;92.786292356;319.297649850;106;106.432549950;254.106395622;;84.702131874;248.765258609;;82.921752870;254.106395622;84;84.702131874;Polygon;15972.083333333;1;1589.471631886;266.208070609;69.765917945;390.856210078;283.860287954;0.182479602;0.402509225;0.167482115;0.185244078;0.134533969;15972.083333333;29496;573.404045472;;527.124135677;;573.404045472;95;0.313710150;0.332772656;0.313710150;0.269945611;0.328662661;0.269945611;0.463995141;0.417309122;0.463995141;0.202770319;0.216447592;0.202770319;0.106221542;0.109334871;0.106221542;14258;15805.5;14258
Saint-Denis;LA REUNION;CA Intercommunale du Nord de la Réunion (Cinor);LA REUNION;1789.647533560;129.546332267;122.988295580;129.546332267;Non;974110113;97411;69;249740119;-20.8904025698, 55.4493747069;"{""type"": ""Polygon"", ""coordinates"": [[[55.45276222838489, -20.892335339554297], [55.452726313754596, -20.892369340946104], [55.45268861567566, -20.892389776251], [55.45264619513191, -20.892402038835385], [55.45196871611638, -20.892476300648813], [55.451893699519914, -20.892480137864354], [55.451832250293506, -20.89247325799179], [55.44955427348481, -20.89217528811917], [55.44773935162463, -20.89134311099329], [55.44591675919409, -20.89069783450769], [55.44555759535602, -20.890571716310212], [55.44557131786971, -20.89045260195874], [55.445576737404075, -20.89039303167129], [55.4455781542631, -20.890348781541014], [55.445570874352285, -20.89030896896084], [55.44556068312196, -20.89027183988672], [55.44554282137519, -20.89023283440578], [55.44551919279729, -20.890193776481247], [55.44541751347577, -20.89007993595458], [55.44526458397381, -20.88990239637935], [55.445108994684574, -20.889703152647957], [55.44504588237078, -20.88957791947967], [55.44503761357961, -20.889540807868023], [55.445039889371216, -20.88950650215344], [55.445051869543455, -20.889463251444784], [55.44531691035221, -20.888928182632128], [55.44549969243151, -20.888633553602695], [55.447744398986096, -20.888748800098167], [55.45076504342719, -20.889123079718885], [55.45257980201184, -20.889407805415406], [55.45308378879422, -20.889471986572733], [55.453072855318254, -20.889507117476104], [55.452953362732934, -20.88991163094468], [55.45294339958599, -20.889945867287167], [55.45286962771033, -20.89020355176857], [55.452842704870505, -20.890298157657238], [55.45281744508408, -20.890418071807346], [55.452810069071376, -20.89048123808548], [55.452809706439055, -20.89061041086818], [55.452816764512264, -20.890765847359873], [55.452812133054266, -20.89084258841294], [55.45278519348379, -20.89187665632131], [55.45278261217465, -20.892034715527046], [55.45277594381261, -20.892310170497066], [55.45276222838489, -20.892335339554297]]]}";9741101;97411;974;4;974110113;La Source-Ruisseau des Noirs;Saint-Denis;LA REUNION;La Source-Ruisseau des Noirs;LA REUNION;;4;;;;;;Iris d'habitat;24040;268.407770005;134.203885003;;236.620810970;;118.310405485;268.407770005;134;134.203885003;112.021905831;;112.021905831;101.053958010;;101.053958010;112.021905831;112;112.021905831;474.938498901;198.443042745;783.801110728;286.099815089;133.189482575;125.559873262;133.189482575;135.218287431;111.060937708;135.218287431;124.146584302;138.035352660;124.146584302;78.262538076;73.317146381;78.262538076;194.439195385;188.902505456;194.439195385;112.021905831;101.053958010;112.021905831;78.262538076;;78.262538076;73.317146381;;73.317146381;78.262538076;78;78.262538076;318.585779687;;159.292889844;326.937858117;;163.468929058;318.585779687;159;159.292889844;12726;;;380.429675836;;126.809891945;337.674768980;;112.558256327;380.429675836;126;126.809891945;396.848317764;;132.282772588;400.255004498;;133.418334833;396.848317764;132;132.282772588;Polygon;15972.083333333;1;1319.170968641;759.887485902;55.273872314;284.004890204;369.627200523;0.417828926;0.365015833;0.576034118;0.158693198;0.206536312;15972.083333333;12726;777.277993600;;737.929773478;;777.277993600;129;0.313710150;0.332772656;0.313710150;0.269945611;0.328662661;0.269945611;0.463995141;0.417309122;0.463995141;0.202770319;0.216447592;0.202770319;0.106221542;0.109334871;0.106221542;14258;15805.5;14258
Saint-Denis;LA REUNION;CA Intercommunale du Nord de la Réunion (Cinor);LA REUNION;1948.973838322;131.640098845;124.413335803;131.640098845;Non;974110502;97411;69;249740119;-20.8938422027, 55.4646634188;"{""type"": ""Polygon"", ""coordinates"": [[[55.465688118238035, -20.897537621110494], [55.46522338636023, -20.897485571369636], [55.465264068889724, -20.89745522343179], [55.46528562854784, -20.897414767092922], [55.46529568141514, -20.897371497416703], [55.46530100178978, -20.89732095857991], [55.4653047671985, -20.89723427248039], [55.46530428365873, -20.897187294850582], [55.46529702583768, -20.89714477304701], [55.465271551283244, -20.897097570985324], [55.46523375577435, -20.897033094952793], [55.46515126196612, -20.896921244187418], [55.46510171177318, -20.896878342536194], [55.464984951730024, -20.89682761053714], [55.46482220163142, -20.896762012018446], [55.46470448059278, -20.896711271203987], [55.464557128171606, -20.896644004108122], [55.46433232397685, -20.896536294319773], [55.464232847496, -20.896487523803113], [55.46410768558226, -20.896412325762554], [55.464011350228446, -20.896338290054516], [55.46390834182293, -20.89625877432501], [55.463764572563555, -20.89612288555327], [55.46371983816264, -20.89607912348922], [55.46366102621832, -20.896001811577722], [55.4635407028649, -20.895829096792227], [55.46330973763067, -20.89538258086893], [55.463245683300954, -20.89525373177425], [55.46300506428426, -20.89476422043247], [55.4625555744631, -20.893830197419387], [55.462514563003175, -20.893326672623324], [55.462542032575776, -20.893177869946715], [55.46257845179995, -20.89290539127772], [55.462438444948255, -20.892494922490137], [55.46093218162513, -20.891644881178284], [55.46080957728698, -20.891602223946048], [55.46081452121361, -20.891588718491207], [55.46082498006669, -20.891505706164313], [55.46083255544083, -20.89142266787099], [55.46083640591074, -20.89132785272436], [55.46132021272391, -20.89073239617032], [55.46135423965329, -20.890694762522063], [55.46141649348886, -20.890717002837523], [55.46157480718728, -20.890745527685926], [55.461627596844686, -20.89075322943878], [55.462987929523244, -20.890924453063374], [55.463070561057236, -20.890927906044077], [55.46332712511718, -20.891125332496987], [55.46460404904548, -20.89118107039481], [55.465944935086625, -20.89213167270105], [55.46636680198579, -20.892522085024307], [55.467130253563845, -20.89325792352306], [55.46762317387895, -20.89450894373384], [55.46747439683223, -20.89524472977754], [55.46697366595332, -20.896466062014234], [55.466973656778016, -20.896466965264985], [55.4667439783497, -20.89646038814353], [55.46570291269645, -20.897500717304204], [55.465688118238035, -20.897537621110494]]]}";9741105;97411;974;4;974110502;La Trinite-Chateau Morange;Saint-Denis;LA REUNION;La Trinite-Chateau Morange;LA REUNION;;4;;;;;;Iris d'habitat;24040;295.006135127;147.503067564;;258.689782295;;129.344891147;295.006135127;147;147.503067564;112.021905831;;112.021905831;101.053958010;;101.053958010;112.021905831;112;112.021905831;473.731337034;200.663373383;860.254926760;371.516340712;135.022897835;127.288263396;135.022897835;159.983237293;131.401518899;159.983237293;124.953540492;138.932586224;124.953540492;78.144167042;73.206255185;78.144167042;179.714844578;174.597433101;179.714844578;112.021905831;101.053958010;112.021905831;78.144167042;;78.144167042;73.206255185;;73.206255185;78.144167042;78;78.144167042;304.668385071;;152.334192535;313.530019326;;156.765009663;304.668385071;152;152.334192535;11224;;;407.028040958;;135.676013653;359.743740305;;119.914580102;407.028040958;135;135.676013653;382.812552113;;127.604184038;386.736274511;;128.912091504;382.812552113;127;127.604184038;Polygon;15972.083333333;1;1391.337298190;806.667251219;103.936453149;308.821095737;372.051074132;0.423580535;0.431867728;0.579778356;0.158453177;0.190895879;15972.083333333;11224;789.840593071;;746.480014816;;789.840593071;131;0.313710150;0.332772656;0.313710150;0.269945611;0.328662661;0.269945611;0.463995141;0.417309122;0.463995141;0.202770319;0.216447592;0.202770319;0.106221542;0.109334871;0.106221542;14258;15805.5;14258
Saint-Denis;LA REUNION;CA Intercommunale du Nord de la Réunion (Cinor);LA REUNION;2228.920736479;96.228588764;88.563776991;96.228588764;Non;974110103;97411;69;249740119;-20.8752457325, 55.4504087698;"{""type"": ""Polygon"", ""coordinates"": [[[55.44711048966532, -20.87883895512394], [55.44703956104541, -20.878539309335036], [55.446979148660574, -20.878245178990827], [55.44544485520017, -20.875284582919495], [55.445349830670615, -20.874991944202478], [55.44548434501707, -20.874902833967788], [55.44559953614628, -20.87482348462468], [55.445717777536764, -20.874727903003638], [55.44585197148193, -20.874576459877815], [55.44596891288872, -20.874420343239496], [55.44631759554751, -20.873879707004374], [55.44676326093332, -20.87306714524814], [55.44686860280635, -20.872917245829665], [55.44710579556379, -20.872656530563333], [55.44741359725863, -20.872352192673794], [55.44758977553699, -20.872230035532514], [55.447845737246084, -20.872106795486143], [55.448189778957534, -20.872016873948887], [55.448523109921496, -20.871940404496705], [55.44918359694957, -20.87182715411633], [55.44985761828418, -20.871799840126425], [55.45052266617575, -20.871804058741994], [55.45096251950259, -20.871836948925843], [55.45099705161424, -20.871843584937338], [55.45104689533132, -20.871856682900763], [55.45133714197158, -20.871951450523706], [55.451565679635884, -20.87206553236834], [55.453256361552135, -20.87318469850751], [55.45348535521952, -20.87334846527671], [55.4539051243422, -20.873653972574083], [55.454079312463, -20.873819953217648], [55.45504172557192, -20.874869286482394], [55.45571547226659, -20.87557545280594], [55.45673596873022, -20.876633431959846], [55.457089931035455, -20.87698440826914], [55.45663546398973, -20.87725130724271], [55.45654753663883, -20.877296583664315], [55.45633355306018, -20.87735607894529], [55.456115770196405, -20.877317076521514], [55.454072589316375, -20.877013167572997], [55.45369477212679, -20.87711544174472], [55.45240245575193, -20.877448824827393], [55.45106674753003, -20.877795354774747], [55.44980520272709, -20.878126286272753], [55.44804388770767, -20.87859404450548], [55.447264622723445, -20.878805124835797], [55.44711048966532, -20.87883895512394]]]}";9741101;97411;974;4;974110103;Le Barachois-Gare Routiere;Saint-Denis;LA REUNION;Le Barachois-Gare Routiere;LA REUNION;;4;;;;;;Iris d'habitat;24040;221.876940553;110.938470276;;190.221155325;;95.110577663;221.876940553;110;110.938470276;112.021905831;;112.021905831;101.053958010;;101.053958010;112.021905831;112;112.021905831;560.625715885;115.686454365;1034.499507899;435.919608994;65.778039501;62.010018686;65.778039501;156.098901051;128.211136640;156.098901051;46.523793545;51.728593946;46.523793545;85.318120652;79.926888324;85.318120652;111.630772004;108.452066343;111.630772004;112.021905831;101.053958010;112.021905831;85.318120652;;85.318120652;79.926888324;;79.926888324;85.318120652;85;85.318120652;158.154565549;;79.077282775;160.180660289;;80.090330144;158.154565549;79;79.077282775;25007;;;333.898846383;;111.299615461;291.275113336;;97.091704445;333.898846383;111;111.299615461;243.472686201;;81.157562067;240.107548613;;80.035849538;243.472686201;81;81.157562067;Polygon;15972.083333333;1;1586.551083686;342.485833462;203.267696970;385.602897727;264.296343286;0.206352386;0.421382133;0.215868141;0.172999825;0.118575927;15972.083333333;25007;577.371532584;;531.382661948;;577.371532584;96;0.313710150;0.332772656;0.313710150;0.269945611;0.328662661;0.269945611;0.463995141;0.417309122;0.463995141;0.202770319;0.216447592;0.202770319;0.106221542;0.109334871;0.106221542;14258;15805.5;14258
Saint-Denis;LA REUNION;CA Intercommunale du Nord de la Réunion (Cinor);LA REUNION;3060.987271847;112.921537119;105.633548141;112.921537119;Non;974110102;97411;69;249740119;-20.8872320083, 55.4427197399;"{""type"": ""Polygon"", ""coordinates"": [[[55.43968362770367, -20.889909358490446], [55.44029738286047, -20.88967557845495], [55.440335072387704, -20.88965604918049], [55.44095793248844, -20.889285044259584], [55.44119794169918, -20.888755174257724], [55.441332411801326, -20.888206275057513], [55.44108460718832, -20.887815585493414], [55.44100511329232, -20.887694718274687], [55.44095831676941, -20.88766538509808], [55.440897122095755, -20.887634113949314], [55.44083971596973, -20.88760829728574], [55.44046360932902, -20.887448591390953], [55.440247627847555, -20.88732738203881], [55.44020944434342, -20.887301740552818], [55.440164598338605, -20.887269714992303], [55.4401188565549, -20.887231357969956], [55.440069344975235, -20.887185739935738], [55.440031264190026, -20.887150162771427], [55.43998654892013, -20.8871054918062], [55.43994953194874, -20.887059987754117], [55.43990311847899, -20.886993621465002], [55.439874723611084, -20.88695090605549], [55.4398445185214, -20.886897334218393], [55.43981438811709, -20.88683653645583], [55.439770186335615, -20.88674218723497], [55.43974861268902, -20.88669050080624], [55.43973465330565, -20.88664611046833], [55.43972166437763, -20.88660082566098], [55.439711708136294, -20.88654111532555], [55.43970917947052, -20.886506765885905], [55.43971055126111, -20.886467032091524], [55.439715702169025, -20.8864336560639], [55.439722747300124, -20.886403007299183], [55.43973464465969, -20.886367886189966], [55.43975324180269, -20.88633553619874], [55.43976878760339, -20.886319418214697], [55.43978335362211, -20.88630509793832], [55.43981433321334, -20.886283700844608], [55.439856836811494, -20.886263312232828], [55.43989345240473, -20.886254613110427], [55.43992525310075, -20.88624677336904], [55.440045681413665, -20.886219869157035], [55.44017670058314, -20.88619125483379], [55.44021330681464, -20.886183458880904], [55.440257555288, -20.886180249268865], [55.440302736882686, -20.886179758134592], [55.44035072717738, -20.88618651921539], [55.440391924386844, -20.886199541593186], [55.440438757670755, -20.88622526193227], [55.44047979630933, -20.88625363937829], [55.44050930161041, -20.886281911612112], [55.44053875095139, -20.8863156032845], [55.44056043677226, -20.886356450743147], [55.44057632793805, -20.88639995532143], [55.440583513117794, -20.88644880044236], [55.44058678854608, -20.886503933180173], [55.440590987776574, -20.886562687646368], [55.44059707192534, -20.88662507260753], [55.44060237220005, -20.886670287232253], [55.44061150761099, -20.886716440163603], [55.44062833195358, -20.88676266322668], [55.440646098765534, -20.886810701535932], [55.440662045963364, -20.886848786665542], [55.44069227932872, -20.88689964865455], [55.440719769278495, -20.88693693573325], [55.440758690046074, -20.886984263644614], [55.44080055948181, -20.887025295161486], [55.44084154243896, -20.887059091979424], [55.4408950106232, -20.887093905976233], [55.44096287695539, -20.88713065791092], [55.44132389457469, -20.887262222028752], [55.44138428658977, -20.88727812916649], [55.44143997558052, -20.88728405682426], [55.44150051679134, -20.887285512069095], [55.44155150274606, -20.887281460232636], [55.441610261559234, -20.887269349302546], [55.44165942781387, -20.887255344261188], [55.44171346491106, -20.88723506032164], [55.44175887988624, -20.887211987798562], [55.44179857474042, -20.887184346497264], [55.441836393948336, -20.887152171461132], [55.44187237479124, -20.88711184972721], [55.44189962166199, -20.887079578318463], [55.44327073904368, -20.884986414866695], [55.443673109955796, -20.88436949251602], [55.44374358455325, -20.88424637822043], [55.44380954207252, -20.88409521964238], [55.44385424357275, -20.883954707496397], [55.44434624895028, -20.882287126136575], [55.444378362123466, -20.88215553251666], [55.44445941691627, -20.881751579274393], [55.44445523538826, -20.881410986833952], [55.444441148233025, -20.881192253466466], [55.444426065707816, -20.881070167068597], [55.444416061281345, -20.881014973089673], [55.443722603895395, -20.879099932880294], [55.44269480688427, -20.877545887197336], [55.442437854281735, -20.877297842281102], [55.442302183467234, -20.877125877831016], [55.442261033306266, -20.877015297131674], [55.44216034104716, -20.876713572076156], [55.44212157384745, -20.876278718635188], [55.44209588125391, -20.875974063375203], [55.44212193200206, -20.875964364064295], [55.44500876968287, -20.87516499282522], [55.44528499463713, -20.87503471462769], [55.445349830670615, -20.874991944202478], [55.44544485520017, -20.875284582919495], [55.446979148660574, -20.878245178990827], [55.44703956104541, -20.878539309335036], [55.44711048966532, -20.87883895512394], [55.44719429322862, -20.879288670314462], [55.44728789836227, -20.879813450722423], [55.447307686409374, -20.879945516338687], [55.447376740721054, -20.88061460632252], [55.44753966748691, -20.88225020648431], [55.447569271367215, -20.882549476907624], [55.447575005557134, -20.88264618508877], [55.447572651758726, -20.882781662950684], [55.44753433836621, -20.883142646366043], [55.44748856808322, -20.88348097883874], [55.44747109655811, -20.883591026227403], [55.44746599391905, -20.883619886394385], [55.447431385058, -20.883807464380176], [55.4474043395733, -20.88391381150661], [55.44737734047802, -20.884015642406613], [55.44711055718504, -20.884441397055124], [55.44685692630965, -20.884803134391955], [55.44666287361744, -20.885166315895283], [55.44659202915932, -20.885325561233362], [55.44645881320485, -20.88566129200389], [55.446449912293744, -20.885685600968447], [55.445519952233155, -20.88643232972566], [55.44460461387957, -20.88715840937731], [55.44392170175029, -20.888135014155022], [55.443269413670215, -20.889496711461646], [55.443365182534414, -20.889531006640077], [55.44341545230602, -20.890062620193323], [55.44192200430684, -20.893106771226257], [55.44174039583104, -20.893565811519085], [55.441550238290255, -20.894014837006477], [55.4412830743834, -20.8944739998141], [55.44094156789247, -20.89515063689717], [55.44058313835027, -20.89672050673742], [55.440690734045006, -20.89709907819939], [55.440375380907184, -20.89756954250076], [55.44047344866617, -20.89793989719132], [55.43882838663359, -20.90085074206453], [55.43843734990186, -20.901573440895746], [55.43842507854967, -20.901551648981968], [55.438379130938976, -20.90134707795169], [55.43805827109698, -20.90058354686942], [55.43800196413111, -20.900451146935538], [55.43802534154034, -20.90042155096381], [55.4378451421755, -20.898978199434698], [55.43755413770275, -20.89672445669276], [55.43831607528464, -20.893599596787176], [55.438606620091804, -20.892553491753123], [55.43876780940726, -20.892117755120584], [55.439479507771516, -20.89068616123907], [55.440225017528306, -20.890074187885816], [55.43968362770367, -20.889909358490446]]]}";9741101;97411;974;4;974110102;Le Bas de la Riviere;Saint-Denis;LA REUNION;Le Bas de la Riviere;LA REUNION;;4;;;;;;Iris d'habitat;24040;288.166675875;144.083337938;;254.566545116;;127.283272558;288.166675875;144;144.083337938;112.021905831;;112.021905831;101.053958010;;101.053958010;112.021905831;112;112.021905831;782.728794022;361.780946490;1287.299867633;489.391549974;147.334960081;138.895043041;147.334960081;140.831715795;115.671502075;140.831715795;92.762021259;103.139674684;92.762021259;123.337184387;115.543536208;123.337184387;61.241435361;59.497574830;61.241435361;112.021905831;101.053958010;112.021905831;123.337184387;;123.337184387;115.543536208;;115.543536208;123.337184387;123;123.337184387;154.003456620;;77.001728310;162.637249514;;81.318624757;154.003456620;77;77.001728310;11502;;;400.188581706;;133.396193902;355.620503126;;118.540167709;400.188581706;133;133.396193902;277.340641008;;92.446880336;278.180785722;;92.726928574;277.340641008;92;92.446880336;Polygon;15972.083333333;1;1908.223701573;821.320988664;191.311532488;765.525985755;199.122110322;0.462204724;0.380169036;0.430411271;0.250091202;0.065051597;15972.083333333;11502;677.529222713;;633.801288849;;677.529222713;112;0.313710150;0.332772656;0.313710150;0.269945611;0.328662661;0.269945611;0.463995141;0.417309122;0.463995141;0.202770319;0.216447592;0.202770319;0.106221542;0.109334871;0.106221542;14258;15805.5;14258
Saint-Denis;LA REUNION;CA Intercommunale du Nord de la Réunion (Cinor);LA REUNION;3426.613311560;116.389247250;107.637677341;116.389247250;Non;974110503;97411;69;249740119;-20.8997193093, 55.4615003981;"{""type"": ""Polygon"", ""coordinates"": [[[55.465688118238035, -20.897537621110494], [55.46566840758748, -20.897585320765824], [55.46424240167618, -20.90064926009507], [55.464001217059995, -20.901300200994285], [55.46438511521625, -20.902872738734242], [55.46453764236026, -20.90323499053371], [55.46469772153797, -20.903516461904253], [55.46496757861507, -20.903921320947347], [55.46497705311466, -20.90393495604823], [55.46441050212321, -20.903684158655956], [55.46312475510695, -20.902974322653186], [55.46074956326641, -20.902481402338626], [55.4601813342569, -20.902584681896915], [55.46013365096697, -20.902547215612994], [55.46005700187618, -20.902522134874506], [55.45948120638987, -20.90192428363028], [55.458609213213975, -20.90083340288858], [55.45841582037689, -20.900567885868945], [55.45784263466306, -20.897676574667116], [55.45785390477077, -20.89657371032991], [55.45786686039756, -20.89643471439444], [55.45787803336683, -20.89637609875438], [55.45791769904942, -20.89625721709163], [55.45794712524511, -20.896199669477728], [55.457996903770784, -20.896219991893435], [55.46138755808537, -20.897398233948653], [55.4620851452733, -20.897545884550762], [55.46507131538413, -20.897504078867158], [55.465139597005326, -20.897501078821193], [55.46522338636023, -20.897485571369636], [55.465688118238035, -20.897537621110494]]]}";9741105;97411;974;4;974110503;Le Bas des Rampes-La Chaumiere;Saint-Denis;LA REUNION;Le Bas des Rampes-La Chaumiere;LA REUNION;;4;;;;;;Iris d'habitat;24040;286.940024607;143.470012304;;249.646739072;;124.823369536;286.940024607;143;143.470012304;112.021905831;;112.021905831;101.053958010;;101.053958010;112.021905831;112;112.021905831;817.224754955;295.085400142;1608.447212245;746.115151437;115.100613505;108.507204659;115.100613505;171.839411102;141.139534414;171.839411102;61.150996992;67.992200372;61.150996992;124.038916476;116.200926008;124.038916476;114.183639594;110.932240584;114.183639594;112.021905831;101.053958010;112.021905831;124.038916476;;124.038916476;116.200926008;;116.200926008;124.038916476;124;124.038916476;175.334636587;;87.667318293;178.924440956;;89.462220478;175.334636587;87;87.667318293;18096;;;398.961930438;;132.987310146;350.700697083;;116.900232361;398.961930438;132;132.987310146;299.373553063;;99.791184354;295.125366965;;98.375122322;299.373553063;99;99.791184354;Polygon;15972.083333333;1;2235.412376950;634.270664603;164.857055102;861.841584599;415.605782316;0.361082307;0.463872949;0.283737654;0.251514106;0.121287623;15972.083333333;18096;698.335483501;;645.826064047;;698.335483501;116;0.313710150;0.332772656;0.313710150;0.269945611;0.328662661;0.269945611;0.463995141;0.417309122;0.463995141;0.202770319;0.216447592;0.202770319;0.106221542;0.109334871;0.106221542;14258;15805.5;14258
Saint-Denis;LA REUNION;CA Intercommunale du Nord de la Réunion (Cinor);LA REUNION;1642.839339521;99.554579689;94.278467036;99.554579689;Non;974110301;97411;69;249740119;-20.9224914759, 55.4360644045;"{""type"": ""Polygon"", ""coordinates"": [[[55.42607520939666, -20.914179645225726], [55.426242425990274, -20.914093564369214], [55.42647055199448, -20.913974621776287], [55.426588620230994, -20.91389983084542], [55.42676544907309, -20.913721699515406], [55.428602028107846, -20.91175040266523], [55.4288053144639, -20.91152373308809], [55.428850078625885, -20.911471752354778], [55.42888705851091, -20.911428733196463], [55.42912294081851, -20.911118354309405], [55.42919773758795, -20.91095192810415], [55.4292577953537, -20.910816079175458], [55.42926582415194, -20.910783633506355], [55.429287997404856, -20.91068537558196], [55.42930788892499, -20.910529284214935], [55.42931155184505, -20.910362203770344], [55.429312884292074, -20.91004966742883], [55.42934397976651, -20.909833156649768], [55.429358500356756, -20.909731215047316], [55.429430421714045, -20.909563858903763], [55.429475354351496, -20.909495619745677], [55.42951245581857, -20.909440858367518], [55.429622149845564, -20.909338888436714], [55.42978338467884, -20.909272621707302], [55.429800762487325, -20.90926555489608], [55.43210729325422, -20.90840826294263], [55.433381054937506, -20.90794706113132], [55.43418013701329, -20.907278703299927], [55.43529845310347, -20.90576865955801], [55.435326721642845, -20.904016473590573], [55.436241924816585, -20.902019476752457], [55.43798149837077, -20.900478059550277], [55.43800196413111, -20.900451146935538], [55.43805827109698, -20.90058354686942], [55.438379130938976, -20.90134707795169], [55.43842507854967, -20.901551648981968], [55.43843734990186, -20.901573440895746], [55.438468836095424, -20.901596311739283], [55.43908014792245, -20.903461840654206], [55.43957288371782, -20.90405982525397], [55.440742709379705, -20.905185207506232], [55.441524463010474, -20.905631356304667], [55.44209049684945, -20.90583570206624], [55.44464685698591, -20.907309283551264], [55.444860791059774, -20.90753886915382], [55.445318674136836, -20.907977536342248], [55.44578608866517, -20.908424419073707], [55.446483572573364, -20.90884177683905], [55.44606142177528, -20.90950639758036], [55.445629570661346, -20.91017905867977], [55.44534218842874, -20.910545903045318], [55.445044240093175, -20.91091174732049], [55.444645759689905, -20.911377396212448], [55.44380614959134, -20.91229520393935], [55.44365194085858, -20.91289179928762], [55.44349956940536, -20.91349654105225], [55.44326938787776, -20.91530560714314], [55.44369411775453, -20.916629234331914], [55.445638666958494, -20.91750329689841], [55.446609951926774, -20.917943924585757], [55.44758219489443, -20.918385459059788], [55.44823683721013, -20.9186732469649], [55.44822932689639, -20.918749058003378], [55.44817184060264, -20.9189165539848], [55.44806403977884, -20.9191152089999], [55.44799587281427, -20.919199501940124], [55.4457708888393, -20.921276781651695], [55.44425486425804, -20.92349779586826], [55.443488892957696, -20.92542369888155], [55.44268116962609, -20.92724759232446], [55.44273012852922, -20.927859588173284], [55.44300560489383, -20.929021063723187], [55.44316678414882, -20.929729383612315], [55.443342801175895, -20.9307232885151], [55.443133500310644, -20.931670770849447], [55.442617788708645, -20.932262709575294], [55.441738851960096, -20.933622766725065], [55.44108185285156, -20.935230097630928], [55.440618230177435, -20.936106480219518], [55.44012977888767, -20.9369178331765], [55.439727222229294, -20.937443498298], [55.439725961322466, -20.93747239301844], [55.43972550276057, -20.937516651521427], [55.43900280399861, -20.939706915494206], [55.438837409127515, -20.940171515152546], [55.4388118119119, -20.940229093385085], [55.43879916314124, -20.940243430754293], [55.43876026472402, -20.940285530822795], [55.43873320346554, -20.940298832975415], [55.43859305565689, -20.940275870710284], [55.438514103859504, -20.940285987952084], [55.43789669176949, -20.94048087284044], [55.43753089107749, -20.940891243323097], [55.437257647044405, -20.94137020970533], [55.437012294324035, -20.941871562388407], [55.43683946489289, -20.94228731220235], [55.43672938446632, -20.94270228183041], [55.436590299723406, -20.94322493211032], [55.43640219707818, -20.94393050657842], [55.43588567120477, -20.94505672583295], [55.43528787189736, -20.94549025576432], [55.434799017035765, -20.945618558363428], [55.43461590216919, -20.945658430576618], [55.43444189763589, -20.945561985213356], [55.43442376088458, -20.945549172297362], [55.43439524505238, -20.945517294440005], [55.43436391992591, -20.94547816424999], [55.43378964163368, -20.9437891078843], [55.43164234404124, -20.94163122702905], [55.43117723001491, -20.938651423199143], [55.431225559537765, -20.937242692213648], [55.429501244875716, -20.93542742198944], [55.42864167030932, -20.934668375563163], [55.42756413206579, -20.933737543200397], [55.42679979931143, -20.931982580944354], [55.42686392156398, -20.930676072652727], [55.42696171794533, -20.929459302832967], [55.42619812368354, -20.928004246639112], [55.42565802110372, -20.927337134646006], [55.42610735390146, -20.925832739016883], [55.42630709565067, -20.92521129170691], [55.42736623757972, -20.922206681285516], [55.42836566075302, -20.919761568771516], [55.42852943039464, -20.91936109943273], [55.42870193567838, -20.918952580394873], [55.42902912662511, -20.918553614226443], [55.429149444648495, -20.91739914060932], [55.42871741909463, -20.916268059642555], [55.426816519558436, -20.914355396202286], [55.42607520939666, -20.914179645225726]]]}";9741103;97411;974;4;974110301;Le Brule;Saint-Denis;LA REUNION;Le Brule;LA REUNION;;4;;;;;;Iris d'habitat;24040;168.131007845;84.065503922;;145.803895078;;72.901947539;168.131007845;84;84.065503922;112.021905831;;112.021905831;101.053958010;;101.053958010;112.021905831;112;112.021905831;465.609968275;92.790893657;648.592721457;183.146655474;63.526439856;59.887399387;63.526439856;104.604567989;85.916495691;104.604567989;96.732452700;107.554293960;96.732452700;83.720668582;78.430378882;83.720668582;136.721443175;132.828276285;136.721443175;112.021905831;101.053958010;112.021905831;83.720668582;;83.720668582;78.430378882;;78.430378882;83.720668582;83;83.720668582;233.453895875;;116.726947937;240.382570245;;120.191285123;233.453895875;116;116.726947937;16064;;;280.152913675;;93.384304558;246.857853088;;82.285951029;280.152913675;93;93.384304558;317.174564457;;105.724854819;318.812949127;;106.270983042;317.174564457;105;105.724854819;Polygon;15972.083333333;1;1186.969748071;532.752237353;10.083638625;278.889501257;238.585655771;0.199288890;0.282375441;0.448833880;0.169760667;0.145227625;15972.083333333;16064;597.327478132;;565.670802215;;597.327478132;99;0.313710150;0.332772656;0.313710150;0.269945611;0.328662661;0.269945611;0.463995141;0.417309122;0.463995141;0.202770319;0.216447592;0.202770319;0.106221542;0.109334871;0.106221542;14258;15805.5;14258
Saint-Denis;LA REUNION;CA Intercommunale du Nord de la Réunion (Cinor);LA REUNION;2693.249816732;136.731473795;128.554659817;136.731473795;Non;974110107;97411;69;249740119;-20.8885583451, 55.4693899011;"{""type"": ""Polygon"", ""coordinates"": [[[55.47329393617041, -20.88440800611422], [55.47329488815443, -20.88440891795089], [55.47326605226976, -20.88488426697717], [55.473243090205735, -20.8852539780897], [55.47323731655697, -20.88534968016167], [55.47319566772327, -20.88614153397275], [55.47316365897237, -20.887025614042447], [55.473147302659285, -20.887502429324186], [55.473125505065816, -20.88823213000463], [55.47309768827913, -20.889176770750332], [55.473072171387706, -20.89027409563551], [55.47305306554758, -20.891117640365202], [55.47303481749487, -20.892826587949084], [55.47303474439648, -20.892833813978637], [55.47303540001529, -20.894669397031965], [55.473039934254714, -20.89536139223768], [55.4730429565331, -20.895442719396875], [55.47298389306359, -20.89538979825152], [55.47297342055094, -20.895379767995607], [55.47291911736001, -20.895331406037624], [55.47208907593717, -20.89461757962964], [55.471609233572565, -20.894254665385102], [55.47152528108412, -20.894191584526887], [55.47077343762117, -20.893635631804845], [55.47029686047065, -20.893330556781475], [55.46760596543898, -20.891848472066354], [55.467377531976965, -20.891719957284124], [55.466854942660895, -20.891403620708527], [55.466343552308224, -20.89102595644817], [55.464400233168334, -20.889861276934468], [55.46434852420624, -20.88984184242809], [55.4644101527437, -20.889453059569046], [55.46476272254398, -20.887204216774727], [55.46486412824381, -20.886589957383837], [55.4650083672501, -20.886111582437476], [55.46521469878123, -20.885765651402906], [55.466122280941626, -20.884610302247612], [55.46637699147842, -20.88432713356422], [55.466780078878834, -20.88400916165778], [55.46731130370832, -20.883661623992765], [55.46799087455836, -20.883376840508962], [55.46805110359643, -20.883408996855024], [55.468515710180796, -20.88365886593757], [55.46899306920221, -20.883883554641063], [55.46979619192999, -20.884211428028024], [55.47002890047404, -20.884296617352415], [55.47038642606285, -20.88439556974889], [55.4706876031221, -20.884458787342172], [55.47091126852375, -20.884487887823326], [55.47127562264711, -20.88448211255209], [55.471836528798306, -20.88443021654846], [55.472387255320825, -20.88433938428704], [55.47257606323949, -20.884298614286816], [55.472901212329795, -20.884272611889354], [55.473043238114435, -20.88429556039152], [55.4732461360803, -20.884382285877926], [55.47329393617041, -20.88440800611422]]]}";9741101;97411;974;4;974110107;Le Butor-Champ Fleuri;Saint-Denis;LA REUNION;Le Butor-Champ Fleuri;LA REUNION;;4;;;;;;Iris d'habitat;24040;333.243206924;166.621603462;;292.708052591;;146.354026295;333.243206924;166;166.621603462;112.021905831;;112.021905831;101.053958010;;101.053958010;112.021905831;112;112.021905831;655.408693696;321.874208945;1305.444812999;622.674999553;156.547238397;147.579606382;156.547238397;176.695968527;145.128446209;176.695968527;122.623173701;136.341512103;122.623173701;117.706193868;110.268366678;117.706193868;134.794362449;130.956069519;134.794362449;112.021905831;101.053958010;112.021905831;117.706193868;;117.706193868;110.268366678;;110.268366678;117.706193868;117;117.706193868;257.417536151;;128.708768075;267.297581622;;133.648790811;257.417536151;128;128.708768075;8328;;;445.265112754;;148.421704251;393.762010601;;131.254003534;445.265112754;148;148.421704251;375.123730018;;125.041243339;377.565948300;;125.855316100;375.123730018;125;125.041243339;Polygon;15972.083333333;1;1783.072199200;1014.506685199;189.420076852;642.806618024;385.621260132;0.491104576;0.476983012;0.568965567;0.238673224;0.143180650;15972.083333333;8328;820.388842772;;771.327958901;;820.388842772;136;0.313710150;0.332772656;0.313710150;0.269945611;0.328662661;0.269945611;0.463995141;0.417309122;0.463995141;0.202770319;0.216447592;0.202770319;0.106221542;0.109334871;0.106221542;14258;15805.5;14258
Saint-Denis;LA REUNION;CA Intercommunale du Nord de la Réunion (Cinor);LA REUNION;1589.101272496;122.889200029;114.652067297;122.889200029;Non;974110112;97411;69;249740119;-20.8874641205, 55.4491525778;"{""type"": ""Polygon"", ""coordinates"": [[[55.45420089763468, -20.8856068067764], [55.45420194092387, -20.88578657888806], [55.45391626731166, -20.887026074356392], [55.45379552311088, -20.887365537687483], [55.45366187662525, -20.887744630693874], [55.4536505641509, -20.887816794742733], [55.45360866205583, -20.88787242215757], [55.453510633001926, -20.888152470903783], [55.45322718998644, -20.88898548631283], [55.45318234714778, -20.889140453214388], [55.45308378879422, -20.889471986572733], [55.45257980201184, -20.889407805415406], [55.45076504342719, -20.889123079718885], [55.447744398986096, -20.888748800098167], [55.44549969243151, -20.888633553602695], [55.44531691035221, -20.888928182632128], [55.445051869543455, -20.889463251444784], [55.445039889371216, -20.88950650215344], [55.44503761357961, -20.889540807868023], [55.44504588237078, -20.88957791947967], [55.4450084073774, -20.889576675264806], [55.44496990612415, -20.889581744993095], [55.44493418593423, -20.88959677660545], [55.44485879864278, -20.889636740493202], [55.44483065586577, -20.88966268093717], [55.444808168241984, -20.889699512744844], [55.444788526797815, -20.889739983749546], [55.444779495068786, -20.889776937971586], [55.44433376517577, -20.889936384260526], [55.44388544238787, -20.8897877714525], [55.443365182534414, -20.889531006640077], [55.443269413670215, -20.889496711461646], [55.44392170175029, -20.888135014155022], [55.44460461387957, -20.88715840937731], [55.445519952233155, -20.88643232972566], [55.446449912293744, -20.885685600968447], [55.44645881320485, -20.88566129200389], [55.44671062444656, -20.885663579938825], [55.44709603955679, -20.885666177740845], [55.44821099463186, -20.885669977858324], [55.45136869618036, -20.88565524945826], [55.45185360690104, -20.885609957939103], [55.45239497318515, -20.885589565961507], [55.45402705609437, -20.88559349164034], [55.45420089763468, -20.8856068067764]]]}";9741101;97411;974;4;974110112;Le Jardin de l'Etat-Bertin;Saint-Denis;LA REUNION;Le Jardin de l'Etat-Bertin;LA REUNION;;4;;;;;;Iris d'habitat;24040;275.023619349;137.511809675;;240.390178127;;120.195089063;275.023619349;137;137.511809675;112.021905831;;112.021905831;101.053958010;;101.053958010;112.021905831;112;112.021905831;423.733749321;158.817652348;752.281351352;315.880375969;119.475029287;112.631036965;119.475029287;155.548590063;127.759141162;155.548590063;67.231535655;74.752992893;67.231535655;94.563534973;88.588087051;94.563534973;188.494604365;183.127187700;188.494604365;112.021905831;101.053958010;112.021905831;94.563534973;;94.563534973;88.588087051;;88.588087051;94.563534973;94;94.563534973;255.726140020;;127.863070010;257.880180593;;128.940090297;255.726140020;127;127.863070010;21810;;;387.045525180;;129.015175060;341.444136137;;113.814712046;387.045525180;129;129.015175060;350.289674993;;116.763224998;346.468267644;;115.489422548;350.289674993;116;116.763224998;Polygon;15972.083333333;1;1178.714769173;367.701319774;82.954153853;304.705054091;318.172836800;0.374805294;0.419896592;0.311951058;0.191746781;0.200221875;15972.083333333;21810;737.335200173;;687.912403781;;737.335200173;122;0.313710150;0.332772656;0.313710150;0.269945611;0.328662661;0.269945611;0.463995141;0.417309122;0.463995141;0.202770319;0.216447592;0.202770319;0.106221542;0.109334871;0.106221542;14258;15805.5;14258
Saint-Denis;LA REUNION;CA Intercommunale du Nord de la Réunion (Cinor);LA REUNION;1610.033212681;116.894755038;108.478669063;116.894755038;Non;974110111;97411;69;249740119;-20.8837136353, 55.4518688326;"{""type"": ""Polygon"", ""coordinates"": [[[55.447572651758726, -20.882781662950684], [55.4478955371829, -20.88269516465523], [55.44874285265369, -20.882458051749087], [55.4510632803988, -20.88178894361863], [55.4523367020139, -20.8814273987305], [55.45360810349066, -20.881074859043732], [55.454411978303, -20.880854487445458], [55.45478982313501, -20.88075040579105], [55.45505475161453, -20.88163083702042], [55.45532438670716, -20.882521247075683], [55.45585583212876, -20.883376081470328], [55.45683653411342, -20.883347898658595], [55.4571828089666, -20.88341786998551], [55.457153237679925, -20.88348986965467], [55.45687382504896, -20.884213626388807], [55.45481334964478, -20.88559066313057], [55.45420089763468, -20.8856068067764], [55.45402705609437, -20.88559349164034], [55.45239497318515, -20.885589565961507], [55.45185360690104, -20.885609957939103], [55.45136869618036, -20.88565524945826], [55.44821099463186, -20.885669977858324], [55.44709603955679, -20.885666177740845], [55.44671062444656, -20.885663579938825], [55.44645881320485, -20.88566129200389], [55.44659202915932, -20.885325561233362], [55.44666287361744, -20.885166315895283], [55.44685692630965, -20.884803134391955], [55.44711055718504, -20.884441397055124], [55.44737734047802, -20.884015642406613], [55.4474043395733, -20.88391381150661], [55.447431385058, -20.883807464380176], [55.44746599391905, -20.883619886394385], [55.44747109655811, -20.883591026227403], [55.44748856808322, -20.88348097883874], [55.44753433836621, -20.883142646366043], [55.447572651758726, -20.882781662950684]]]}";9741101;97411;974;4;974110111;Le Jardin de l'Etat-Joinville;Saint-Denis;LA REUNION;Le Jardin de l'Etat-Joinville;LA REUNION;;4;;;;;;Iris d'habitat;24040;257.225768940;128.612884470;;222.069050663;;111.034525332;257.225768940;128;128.612884470;112.021905831;;112.021905831;101.053958010;;101.053958010;112.021905831;112;112.021905831;422.411041820;117.892490525;796.853488295;361.939486190;88.965640513;83.869344122;88.965640513;168.260128427;138.199706541;168.260128427;55.658711768;61.885471523;55.658711768;78.534744891;73.572152510;78.534744891;197.927398799;192.291381671;197.927398799;112.021905831;101.053958010;112.021905831;78.534744891;;78.534744891;73.572152510;;73.572152510;78.534744891;78;78.534744891;253.586110567;;126.793055283;254.176853194;;127.088426597;253.586110567;126;126.793055283;31534;;;369.247674770;;123.082558257;323.123008674;;107.707669558;369.247674770;123;123.082558257;332.120855458;;110.706951819;327.749005704;;109.249668568;332.120855458;110;110.706951819;Polygon;15972.083333333;1;1168.820074278;301.852129761;85.958307759;256.389984516;338.495854011;0.279094244;0.454210832;0.258253718;0.159245153;0.210241535;15972.083333333;31534;701.368530229;;650.872014378;;701.368530229;116;0.313710150;0.332772656;0.313710150;0.269945611;0.328662661;0.269945611;0.463995141;0.417309122;0.463995141;0.202770319;0.216447592;0.202770319;0.106221542;0.109334871;0.106221542;14258;15805.5;14258
Saint-Denis;LA REUNION;CA Intercommunale du Nord de la Réunion (Cinor);LA REUNION;2135.901761020;134.833208908;126.307115144;134.833208908;Non;974110703;97411;69;249740119;-20.8978874245, 55.487324225;"{""type"": ""Polygon"", ""coordinates"": [[[55.4868613146584, -20.89428920211473], [55.486946452633696, -20.894330606116686], [55.488356509257216, -20.89501516805528], [55.48907988662814, -20.895349477045265], [55.48926934380832, -20.89543696916717], [55.48932583721492, -20.89545914869557], [55.489273974549675, -20.895646585016237], [55.48781939507618, -20.897869486469098], [55.48789870106029, -20.898685000404633], [55.487929472546114, -20.89887587730452], [55.4887302074372, -20.900702286641184], [55.488886941861445, -20.9010821720558], [55.48881972821678, -20.90107435091066], [55.4870926068335, -20.900846782741713], [55.48701886411281, -20.90081902963188], [55.487003547893885, -20.900812570640777], [55.48693457510735, -20.9007884730876], [55.48679554155746, -20.900752915010184], [55.486498413666936, -20.900713246552314], [55.48606974314771, -20.90065795874491], [55.48560314091717, -20.9005987203482], [55.485615328339854, -20.90053378798853], [55.48592228630149, -20.898971022218785], [55.4860375377135, -20.898406553233666], [55.48633289760966, -20.89694485714255], [55.48647359757077, -20.89623878871895], [55.48665600537623, -20.895303641182952], [55.48681684919236, -20.89450560992702], [55.4868613146584, -20.89428920211473]]]}";9741107;97411;974;4;974110703;Le Mail Est;Saint-Denis;LA REUNION;Le Mail Est;LA REUNION;;4;;;;;;Iris d'habitat;24040;308.978314737;154.489157369;;271.171737229;;135.585868614;308.978314737;154;154.489157369;112.021905831;;112.021905831;101.053958010;;101.053958010;112.021905831;112;112.021905831;369.790694252;166.251267776;687.363744451;307.396525813;143.311293972;135.101868108;143.311293972;165.667020765;136.069869121;165.667020765;115.843150703;128.802981173;115.843150703;218.702872377;204.883088412;218.702872377;53.453009799;51.930926042;53.453009799;112.021905831;101.053958010;112.021905831;218.702872377;;218.702872377;204.883088412;;204.883088412;218.702872377;218;218.702872377;169.296160502;;84.648080251;180.733907215;;90.366953607;169.296160502;84;84.648080251;8040;;;421.000220568;;140.333406856;372.225695239;;124.075231746;421.000220568;140;140.333406856;387.999032879;;129.333010960;385.616995626;;128.538998542;387.999032879;129;129.333010960;Polygon;15972.083333333;1;935.981944416;503.096463215;154.154975325;947.196630772;121.273535731;0.449582075;0.447210852;0.537506590;0.443464511;0.056778611;15972.083333333;8040;808.999253447;;757.842690866;;808.999253447;134;0.313710150;0.332772656;0.313710150;0.269945611;0.328662661;0.269945611;0.463995141;0.417309122;0.463995141;0.202770319;0.216447592;0.202770319;0.106221542;0.109334871;0.106221542;14258;15805.5;14258
Saint-Denis;LA REUNION;CA Intercommunale du Nord de la Réunion (Cinor);LA REUNION;1727.726967626;128.877303601;122.349839309;128.877303601;Non;974110702;97411;69;249740119;-20.897186279, 55.4851913422;"{""type"": ""Polygon"", ""coordinates"": [[[55.48347050376314, -20.899687308190302], [55.48359460458731, -20.8992954575038], [55.48384488988477, -20.898495514108728], [55.48396033769098, -20.89810358623212], [55.48404376500898, -20.897836938206243], [55.48424537712246, -20.89709708575163], [55.484424543561396, -20.89648621125812], [55.484665451034274, -20.89570324356813], [55.48474332723803, -20.893649844206895], [55.484644724905294, -20.893226207420085], [55.484736598924464, -20.89326676884704], [55.484969149601824, -20.8933700042876], [55.48519493610368, -20.893476792834704], [55.48564545830949, -20.893699393161448], [55.48575737272315, -20.89375458505318], [55.48637630390032, -20.89405455598669], [55.4868613146584, -20.89428920211473], [55.48681684919236, -20.89450560992702], [55.48665600537623, -20.895303641182952], [55.48647359757077, -20.89623878871895], [55.48633289760966, -20.89694485714255], [55.4860375377135, -20.898406553233666], [55.48592228630149, -20.898971022218785], [55.485615328339854, -20.90053378798853], [55.48560314091717, -20.9005987203482], [55.48538615811258, -20.90057150367104], [55.48476659063301, -20.90047612854235], [55.48425931469722, -20.90039891075214], [55.4838273818357, -20.900333651744862], [55.483262030348314, -20.900248237353196], [55.483121891852186, -20.900227119949292], [55.4831199694105, -20.9002271028835], [55.48347050376314, -20.899687308190302]]]}";9741107;97411;974;4;974110702;Le Mail Ouest;Saint-Denis;LA REUNION;Le Mail Ouest;LA REUNION;;4;;;;;;Iris d'habitat;24040;305.904223761;152.952111880;;272.276689014;;136.138344507;305.904223761;152;152.952111880;112.021905831;;112.021905831;101.053958010;;101.053958010;112.021905831;112;112.021905831;448.805316203;243.882467791;707.060973193;253.254790712;173.218398034;163.295777440;173.218398034;132.685825727;108.980911575;132.685825727;140.699391109;156.439987294;140.699391109;120.930012651;113.288473098;120.930012651;93.708288257;91.039928440;93.708288257;112.021905831;101.053958010;112.021905831;120.930012651;;120.930012651;113.288473098;;113.288473098;120.930012651;120;120.930012651;234.407679365;;117.203839683;247.479915733;;123.739957867;234.407679365;117;117.203839683;8038;;;417.926129592;;139.308709864;373.330647025;;124.443549008;417.926129592;139;139.308709864;355.337692017;;118.445897339;360.768388831;;120.256129610;355.337692017;118;118.445897339;Polygon;15972.083333333;1;1191.650999677;777.955457611;78.370961996;423.656227036;171.975158540;0.543403696;0.358179563;0.652838338;0.245210172;0.099538389;15972.083333333;8038;773.263821608;;734.099035856;;773.263821608;128;0.313710150;0.332772656;0.313710150;0.269945611;0.328662661;0.269945611;0.463995141;0.417309122;0.463995141;0.202770319;0.216447592;0.202770319;0.106221542;0.109334871;0.106221542;14258;15805.5;14258
Saint-Denis;LA REUNION;CA Intercommunale du Nord de la Réunion (Cinor);LA REUNION;2732.863862456;93.205689627;87.263372516;93.205689627;Non;974110803;97411;69;249740119;-20.9229253011, 55.4818639906;"{""type"": ""Polygon"", ""coordinates"": [[[55.4815592991484, -20.91058806427287], [55.481606517669775, -20.910672494306684], [55.483772654656065, -20.91295098215526], [55.483789196608825, -20.912931255601407], [55.48421719836422, -20.91329548610705], [55.48468400668827, -20.91381633724281], [55.48521728422699, -20.91441998048856], [55.48576978218884, -20.916723873023923], [55.48603213344458, -20.918769547380258], [55.487165115317616, -20.919012548593713], [55.488843497484986, -20.91904196573995], [55.488909258183185, -20.919003704195134], [55.488949654268204, -20.91909800880979], [55.48898169709573, -20.91916242935031], [55.4875299686295, -20.92212968555149], [55.485555624511285, -20.92504892975551], [55.485489742290646, -20.925098932091103], [55.48531603911029, -20.92525818474045], [55.48517265037393, -20.92584498408701], [55.485146227560975, -20.92608232694445], [55.485128231290645, -20.92624657436523], [55.48512929138789, -20.92633240067747], [55.48530179792869, -20.92705750349972], [55.485140405559065, -20.929530307613316], [55.48433347862311, -20.932133782433603], [55.483510261746645, -20.93329499273772], [55.481371387071846, -20.93453380522812], [55.478985817205036, -20.93572663834729], [55.47888774066174, -20.935726667430625], [55.47879141366992, -20.93574387537999], [55.47869115876275, -20.93576917825083], [55.47847502847105, -20.935843131181038], [55.478355343765514, -20.9358881339179], [55.47831177752602, -20.935917555394962], [55.478177771223066, -20.935667040484486], [55.47810510909618, -20.935530892532224], [55.477650322821376, -20.933816827052844], [55.47738564818968, -20.93289035636095], [55.477111376266336, -20.931963799695612], [55.476971893743254, -20.93149462862505], [55.476997934201975, -20.931486731013255], [55.47707515806691, -20.931456706814597], [55.477146722974034, -20.93141579209075], [55.47721360858938, -20.931362188923508], [55.47755759241433, -20.93100482792666], [55.47761007474458, -20.930949289434796], [55.477750170427235, -20.93078703575471], [55.47869049817159, -20.929646380005185], [55.47879567987717, -20.92951362412538], [55.47907910546164, -20.92915391316584], [55.47911419013309, -20.929107252445117], [55.47914446776797, -20.92906054888314], [55.47916616570317, -20.929006542197612], [55.47917723349101, -20.928957860794096], [55.479182642271674, -20.928898288962124], [55.479223270391195, -20.927778517065345], [55.478823154553695, -20.927173331482397], [55.477934798652605, -20.925679086434997], [55.47768891773872, -20.92478763707134], [55.477263649680026, -20.92193906204668], [55.477616491324206, -20.91929837576926], [55.4782669113776, -20.91655871426945], [55.478508588533415, -20.91471264472042], [55.47851085752408, -20.914678338208955], [55.478671177708236, -20.91470144648967], [55.47875463861716, -20.914719353322145], [55.47925537152112, -20.91416284185123], [55.47937559662105, -20.913395174057246], [55.47950895881115, -20.912468635969912], [55.47966629550764, -20.91135712721029], [55.479721956867486, -20.910985448376888], [55.479777599679636, -20.91061557600225], [55.479803316287615, -20.910448687778796], [55.480071509561476, -20.909402301585075], [55.48012396473643, -20.909348568176863], [55.48020314449077, -20.90931404258615], [55.48028499870212, -20.909300317478817], [55.48034362404691, -20.909397496004704], [55.48043381694412, -20.909510312056447], [55.48052507135859, -20.90961320081267], [55.48070096078488, -20.90980807928493], [55.48097717572229, -20.910064373349442], [55.48113349789468, -20.910197650549126], [55.48126503616798, -20.91030993052105], [55.481466093589084, -20.910487868675112], [55.48151937078431, -20.910543445833532], [55.4815592991484, -20.91058806427287]]]}";9741108;97411;974;4;974110803;Les Ananas-Hauts du Moufia;Saint-Denis;LA REUNION;Les Ananas-Hauts du Moufia;LA REUNION;;4;;;;;;Iris d'habitat;24040;161.867956147;80.933978073;;139.976425352;;69.988212676;161.867956147;80;80.933978073;112.021905831;;112.021905831;101.053958010;;101.053958010;112.021905831;112;112.021905831;748.631664122;135.971270208;1086.016975427;304.809205971;57.896244285;54.579723221;57.896244285;103.971711861;85.396702131;103.971711861;67.114630497;74.623009094;67.114630497;117.779727264;110.337253516;117.779727264;100.449918024;97.589589126;100.449918024;112.021905831;101.053958010;112.021905831;117.779727264;;117.779727264;110.337253516;;110.337253516;117.779727264;117;117.779727264;167.564548521;;83.782274261;172.212598220;;86.106299110;167.564548521;83;83.782274261;21972;;;273.889861977;;91.296620659;241.030383362;;80.343461121;273.889861977;91;91.296620659;285.344275785;;95.114758595;282.549851735;;94.183283912;285.344275785;95;95.114758595;Polygon;15972.083333333;1;1908.876235168;594.440522031;61.832934086;652.668910715;291.595076057;0.181626395;0.280667073;0.311408624;0.238822328;0.106699452;15972.083333333;21972;559.234137762;;523.580235097;;559.234137762;93;0.313710150;0.332772656;0.313710150;0.269945611;0.328662661;0.269945611;0.463995141;0.417309122;0.463995141;0.202770319;0.216447592;0.202770319;0.106221542;0.109334871;0.106221542;14258;15805.5;14258
Saint-Denis;LA REUNION;CA Intercommunale du Nord de la Réunion (Cinor);LA REUNION;2221.434185324;138.200429494;130.978602156;138.200429494;Non;974110501;97411;69;249740119;-20.8951599566, 55.4611979691;"{""type"": ""Polygon"", ""coordinates"": [[[55.4575551737138, -20.8953289354755], [55.45759564473558, -20.89531936409433], [55.457764552377746, -20.895252235282857], [55.45798394867014, -20.895135878672015], [55.45813879817622, -20.8950333927435], [55.458254331531194, -20.89492151869601], [55.45841042611337, -20.894697094111386], [55.46052688424217, -20.892082057129738], [55.460588063622865, -20.89202118159656], [55.4606426069575, -20.891951212960432], [55.4607147734465, -20.8918497864052], [55.46073940105632, -20.891791291635457], [55.46078679837208, -20.891667962030002], [55.46080957728698, -20.891602223946048], [55.46093218162513, -20.891644881178284], [55.462438444948255, -20.892494922490137], [55.46257845179995, -20.89290539127772], [55.462542032575776, -20.893177869946715], [55.462514563003175, -20.893326672623324], [55.4625555744631, -20.893830197419387], [55.46300506428426, -20.89476422043247], [55.463245683300954, -20.89525373177425], [55.46330973763067, -20.89538258086893], [55.4635407028649, -20.895829096792227], [55.46366102621832, -20.896001811577722], [55.46371983816264, -20.89607912348922], [55.463764572563555, -20.89612288555327], [55.46390834182293, -20.89625877432501], [55.464011350228446, -20.896338290054516], [55.46410768558226, -20.896412325762554], [55.464232847496, -20.896487523803113], [55.46433232397685, -20.896536294319773], [55.464557128171606, -20.896644004108122], [55.46470448059278, -20.896711271203987], [55.46482220163142, -20.896762012018446], [55.464984951730024, -20.89682761053714], [55.46510171177318, -20.896878342536194], [55.46515126196612, -20.896921244187418], [55.46523375577435, -20.897033094952793], [55.465271551283244, -20.897097570985324], [55.46529702583768, -20.89714477304701], [55.46530428365873, -20.897187294850582], [55.4653047671985, -20.89723427248039], [55.46530100178978, -20.89732095857991], [55.46529568141514, -20.897371497416703], [55.46528562854784, -20.897414767092922], [55.465264068889724, -20.89745522343179], [55.46522338636023, -20.897485571369636], [55.465139597005326, -20.897501078821193], [55.46507131538413, -20.897504078867158], [55.4620851452733, -20.897545884550762], [55.46138755808537, -20.897398233948653], [55.457996903770784, -20.896219991893435], [55.45794712524511, -20.896199669477728], [55.45791287334316, -20.896165033867337], [55.457831068646016, -20.89598633965138], [55.45756994331557, -20.895388688563692], [55.4575551737138, -20.8953289354755]]]}";9741105;97411;974;4;974110501;Les Camelias;Saint-Denis;LA REUNION;Les Camelias;LA REUNION;;4;;;;;;Iris d'habitat;24040;306.502123860;153.251061930;;270.259901087;;135.129950543;306.502123860;153;153.251061930;112.021905831;;112.021905831;101.053958010;;101.053958010;112.021905831;112;112.021905831;603.724571073;288.931726896;1063.524352090;441.971165796;152.555479466;143.816510860;152.555479466;153.946644394;126.443390227;153.946644394;131.680949158;146.412616648;131.680949158;83.767527001;78.474276328;83.767527001;195.230071115;189.670860862;195.230071115;112.021905831;101.053958010;112.021905831;83.767527001;;83.767527001;78.474276328;;78.474276328;83.767527001;83;83.767527001;326.911020273;;163.455510136;336.083477511;;168.041738755;326.911020273;163;163.455510136;10788;;;418.524029690;;139.508009897;371.313859097;;123.771286366;418.524029690;139;139.508009897;410.678547274;;136.892849091;414.557753838;;138.185917946;410.678547274;136;136.892849091;Polygon;15972.083333333;1;1670.670603996;1020.768387128;124.530618651;377.323217414;460.673006257;0.478582024;0.415572210;0.610993205;0.169855681;0.207376392;15972.083333333;10788;829.202576964;;785.871612935;;829.202576964;138;0.313710150;0.332772656;0.313710150;0.269945611;0.328662661;0.269945611;0.463995141;0.417309122;0.463995141;0.202770319;0.216447592;0.202770319;0.106221542;0.109334871;0.106221542;14258;15805.5;14258
Saint-Denis;LA REUNION;CA Intercommunale du Nord de la Réunion (Cinor);LA REUNION;3305.478749484;122.953002930;115.845537474;122.953002930;Non;974110601;97411;69;249740119;-20.891899622, 55.4756325778;"{""type"": ""Polygon"", ""coordinates"": [[[55.47329393617041, -20.88440800611422], [55.473425876194526, -20.884477837735822], [55.47374744191737, -20.884616208964793], [55.47407715356912, -20.884709485495286], [55.47459877008379, -20.884836090412584], [55.47483088652418, -20.884885134633322], [55.47529067912049, -20.884947049082218], [55.47649541800861, -20.885103225601803], [55.4772312365187, -20.8851495275121], [55.477831856056795, -20.88516300585131], [55.47807633624217, -20.88512995208694], [55.47885730802536, -20.884987851323665], [55.47919829114285, -20.884916810931813], [55.47929561911894, -20.88489238315147], [55.479318685873054, -20.885465304636863], [55.47955026680536, -20.887381537459145], [55.47983007277998, -20.88899558056004], [55.48003914205533, -20.89018894220548], [55.4800819519449, -20.890424190678836], [55.48016030108152, -20.89085306941447], [55.48021736501579, -20.891104704672912], [55.48008921507709, -20.89103942826743], [55.48002513560379, -20.891007241659448], [55.47876047976108, -20.89040069225725], [55.47764371621831, -20.890190209409234], [55.47728406088519, -20.892301717529193], [55.47723035922371, -20.894492394933508], [55.47740686309021, -20.895851117561612], [55.47740757824086, -20.89587551401586], [55.477409181681445, -20.89590714507513], [55.477403838081855, -20.895960394315814], [55.47738595342448, -20.89601804850661], [55.47732573505217, -20.89617469252042], [55.47719760834781, -20.8964879119352], [55.47710458131463, -20.896656910202616], [55.47701462907593, -20.896806965747082], [55.476924831623066, -20.89694166589732], [55.476843024434125, -20.897046627114243], [55.476802225639226, -20.89708872027432], [55.47676813697534, -20.897132679904754], [55.476739788130885, -20.897179400697016], [55.47671918356322, -20.89722077049656], [55.47669742631694, -20.89728110007508], [55.47669645074053, -20.89737774833498], [55.47672276645376, -20.8975324533669], [55.476728150725584, -20.897570441473512], [55.47674877221848, -20.897717869056812], [55.47676274737771, -20.897857107370985], [55.4767621729809, -20.897914012419264], [55.47675107092987, -20.89796630694758], [55.47672941386218, -20.898016700717495], [55.47668716118264, -20.89810756101236], [55.47570767818605, -20.89995608492258], [55.474643921885864, -20.901484972021056], [55.473854915370715, -20.90165227016733], [55.473417267237494, -20.902342121510024], [55.47300225098955, -20.902125226043694], [55.472588297798175, -20.901898402451895], [55.47273120502955, -20.9015509928355], [55.47318842085178, -20.900542440971513], [55.47325598878992, -20.89937503294492], [55.47323294988743, -20.89899181315983], [55.47323046838073, -20.89895204425802], [55.47313343094724, -20.89723664771332], [55.473122039562966, -20.897032392241506], [55.473049989692996, -20.895602672540978], [55.47304471441196, -20.895458995133886], [55.4730429565331, -20.895442719396875], [55.473039934254714, -20.89536139223768], [55.47303540001529, -20.894669397031965], [55.47303474439648, -20.892833813978637], [55.47303481749487, -20.892826587949084], [55.47305306554758, -20.891117640365202], [55.473072171387706, -20.89027409563551], [55.47309768827913, -20.889176770750332], [55.473125505065816, -20.88823213000463], [55.473147302659285, -20.887502429324186], [55.47316365897237, -20.887025614042447], [55.47319566772327, -20.88614153397275], [55.47323731655697, -20.88534968016167], [55.473243090205735, -20.8852539780897], [55.47326605226976, -20.88488426697717], [55.47329488815443, -20.88440891795089], [55.47329393617041, -20.88440800611422]]]}";9741106;97411;974;4;974110601;Les Deux Canons-Finette;Saint-Denis;LA REUNION;Les Deux Canons-Finette;LA REUNION;;4;;;;;;Iris d'habitat;24040;289.620884407;144.810442204;;256.975614136;;128.487807068;289.620884407;144;144.810442204;112.021905831;;112.021905831;101.053958010;;101.053958010;112.021905831;112;112.021905831;909.406718970;448.883552849;1445.255814172;516.070206041;157.342832470;148.329625746;157.342832470;132.278051937;108.645988390;132.278051937;101.168819382;112.486974492;101.168819382;105.452156882;98.788659458;105.452156882;129.454251076;125.768018747;129.454251076;112.021905831;101.053958010;112.021905831;105.452156882;;105.452156882;98.788659458;;98.788659458;105.452156882;105;105.452156882;230.623070459;;115.311535229;238.254993239;;119.127496619;230.623070459;115;115.311535229;10400;;;401.642790238;;133.880930079;358.029572146;;119.343190715;401.642790238;133;133.880930079;336.075227341;;112.025075780;337.043652697;;112.347884232;336.075227341;112;112.025075780;Polygon;15972.083333333;1;2286.888663740;1073.507630608;223.525953521;706.796223501;454.530768945;0.493600436;0.357078796;0.469418406;0.213825675;0.137508302;15972.083333333;10400;737.718017579;;695.073224843;;737.718017579;122;0.313710150;0.332772656;0.313710150;0.269945611;0.328662661;0.269945611;0.463995141;0.417309122;0.463995141;0.202770319;0.216447592;0.202770319;0.106221542;0.109334871;0.106221542;14258;15805.5;14258
Saint-Denis;LA REUNION;CA Intercommunale du Nord de la Réunion (Cinor);LA REUNION;1681.038903527;119.063010680;111.561752974;119.063010680;Non;974110801;97411;69;249740119;-20.9050168441, 55.4831081485;"{""type"": ""Polygon"", ""coordinates"": [[[55.48187297670792, -20.903779693859068], [55.48198842365286, -20.903866536666108], [55.48386317208721, -20.903372797811578], [55.4849647193602, -20.903098921122364], [55.48611872334905, -20.902866152137666], [55.486303380933045, -20.902857851474213], [55.486297414119264, -20.902877672058676], [55.48604291908099, -20.904480649418684], [55.48512179619297, -20.907847354467716], [55.48491181076563, -20.90827096416544], [55.48489665724101, -20.90824824632305], [55.484608177748726, -20.90796836280352], [55.482966046443934, -20.906452441221017], [55.48170171531811, -20.90572825048877], [55.479974268749835, -20.90550534780726], [55.479906019784025, -20.905504740555166], [55.479835748185536, -20.905514051976436], [55.47979043274883, -20.90552719878696], [55.479722935655296, -20.905547374883884], [55.47947419098583, -20.905714085001634], [55.4792185257559, -20.905899703174367], [55.47910896587575, -20.905991771443908], [55.479062133427554, -20.90606000803562], [55.47897553201765, -20.905591309000602], [55.47897555023333, -20.905589502490905], [55.479264625040955, -20.90371087847885], [55.479637114402344, -20.903141026654467], [55.480295545248005, -20.90338717200163], [55.480610383097705, -20.903529989310048], [55.480848355708645, -20.90376426297023], [55.48099874954024, -20.903912844048023], [55.48127578885036, -20.90418179129923], [55.48136053949994, -20.904262038294615], [55.48187297670792, -20.903779693859068]]]}";9741108;97411;974;4;974110801;Les Olympiades-G.brassens;Saint-Denis;LA REUNION;Les Olympiades-G.brassens;LA REUNION;;4;;;;;;Iris d'habitat;24040;297.184520590;148.592260295;;262.483723095;;131.241861548;297.184520590;148;148.592260295;112.021905831;;112.021905831;101.053958010;;101.053958010;112.021905831;112;112.021905831;406.299565728;193.153789514;714.899739017;281.070002348;151.540356446;142.859538018;151.540356446;145.644164144;119.624185078;145.644164144;103.633925243;115.227861475;103.633925243;149.617638692;140.163334678;149.617638692;51.920073722;50.441640587;51.920073722;112.021905831;101.053958010;112.021905831;149.617638692;;149.617638692;140.163334678;;140.163334678;149.617638692;149;149.617638692;155.553998966;;77.776999483;165.669502062;;82.834751031;155.553998966;77;77.776999483;6528;;;409.206426420;;136.402142140;363.537681106;;121.179227035;409.206426420;136;136.402142140;305.171637657;;101.723879219;305.832836739;;101.944278913;305.171637657;101;101.723879219;Polygon;15972.083333333;1;992.502432335;477.251123907;130.045912225;509.993856280;92.709804716;0.475397480;0.393160029;0.480856377;0.303380163;0.055150303;15972.083333333;6528;714.378064077;;669.370517845;;714.378064077;119;0.313710150;0.332772656;0.313710150;0.269945611;0.328662661;0.269945611;0.463995141;0.417309122;0.463995141;0.202770319;0.216447592;0.202770319;0.106221542;0.109334871;0.106221542;14258;15805.5;14258
Saint-Denis;LA REUNION;CA Intercommunale du Nord de la Réunion (Cinor);LA REUNION;2233.291048240;120.146252350;111.605936406;120.146252350;Non;974110605;97411;69;249740119;-20.897690379, 55.4804400261;"{""type"": ""Polygon"", ""coordinates"": [[[55.47740757824086, -20.89587551401586], [55.47758031009351, -20.895905056242288], [55.48094664133775, -20.896197881879086], [55.481053033897176, -20.896228637652477], [55.481019625993156, -20.89630060772405], [55.480985056848645, -20.89639244088988], [55.48083292297636, -20.896799397115483], [55.48081217407312, -20.896855219587327], [55.48099426536089, -20.896910135098963], [55.48119462866863, -20.896964309475393], [55.481545541493, -20.897055503196867], [55.48239170578758, -20.897299487987645], [55.483223832600586, -20.89754511119901], [55.48359554532575, -20.897671263966973], [55.48392117529329, -20.89779158710419], [55.48404376500898, -20.897836938206243], [55.48396033769098, -20.89810358623212], [55.48384488988477, -20.898495514108728], [55.48359460458731, -20.8992954575038], [55.48347050376314, -20.899687308190302], [55.48299971743779, -20.89956659877806], [55.48252019017183, -20.89945484385909], [55.481158806458275, -20.899234077903216], [55.47910978078274, -20.898424982041835], [55.47674523488285, -20.897401669916068], [55.47669645074053, -20.89737774833498], [55.47669742631694, -20.89728110007508], [55.47671918356322, -20.89722077049656], [55.476739788130885, -20.897179400697016], [55.47676813697534, -20.897132679904754], [55.476802225639226, -20.89708872027432], [55.476843024434125, -20.897046627114243], [55.476924831623066, -20.89694166589732], [55.47701462907593, -20.896806965747082], [55.47710458131463, -20.896656910202616], [55.47719760834781, -20.8964879119352], [55.47732573505217, -20.89617469252042], [55.47738595342448, -20.89601804850661], [55.477403838081855, -20.895960394315814], [55.477409181681445, -20.89590714507513], [55.47740757824086, -20.89587551401586]]]}";9741106;97411;974;4;974110605;Les Tamarins-Lory Les Hauts;Saint-Denis;LA REUNION;Les Tamarins-Lory Les Hauts;LA REUNION;;4;;;;;;Iris d'habitat;24040;304.981546619;152.490773309;;266.501181021;;133.250590511;304.981546619;152;152.490773309;112.021905831;;112.021905831;101.053958010;;101.053958010;112.021905831;112;112.021905831;508.251518080;210.268969245;1071.661080481;500.775489844;131.876657396;124.322251793;131.876657396;173.104889223;142.178929228;173.104889223;84.163173781;93.578840200;84.163173781;142.676096746;133.660427164;142.676096746;77.034791126;74.841212042;77.034791126;112.021905831;101.053958010;112.021905831;142.676096746;;142.676096746;133.660427164;;133.660427164;142.676096746;142;142.676096746;161.197964907;;80.598982453;168.420052242;;84.210026121;161.197964907;80;80.598982453;11190;;;417.003452449;;139.001150816;367.555139031;;122.518379677;417.003452449;139;139.001150816;303.874061653;;101.291353884;302.080479406;;100.693493135;303.874061653;101;101.291353884;Polygon;15972.083333333;1;1442.149342446;563.178118818;92.580791296;646.101766692;182.744719253;0.413710460;0.467289052;0.390513037;0.289304776;0.081827543;15972.083333333;11190;720.877514102;;669.635618437;;720.877514102;120;0.313710150;0.332772656;0.313710150;0.269945611;0.328662661;0.269945611;0.463995141;0.417309122;0.463995141;0.202770319;0.216447592;0.202770319;0.106221542;0.109334871;0.106221542;14258;15805.5;14258
Saint-Denis;LA REUNION;CA Intercommunale du Nord de la Réunion (Cinor);LA REUNION;4307.943361736;117.936202933;111.124895661;117.936202933;Non;974110602;97411;69;249740119;-20.8886748496, 55.4820696886;"{""type"": ""Polygon"", ""coordinates"": [[[55.48021736501579, -20.891104704672912], [55.48016030108152, -20.89085306941447], [55.4800819519449, -20.890424190678836], [55.48003914205533, -20.89018894220548], [55.47983007277998, -20.88899558056004], [55.47955026680536, -20.887381537459145], [55.479318685873054, -20.885465304636863], [55.47929561911894, -20.88489238315147], [55.479436315768154, -20.884856597618644], [55.48139040575755, -20.885243430475207], [55.481691952159686, -20.885366252630575], [55.48195156365422, -20.885453471732053], [55.48216264827701, -20.885491479353576], [55.48351082733264, -20.885722954167832], [55.484021893948274, -20.885752779993197], [55.484261178841095, -20.885758514891766], [55.48430611657979, -20.886356924050272], [55.48415518778369, -20.889518176827707], [55.48456037767631, -20.892435941353508], [55.484644724905294, -20.893226207420085], [55.48423798441096, -20.893047353122903], [55.4840149739601, -20.89295142806154], [55.48379579035968, -20.89285734334684], [55.483641694633874, -20.892790935964754], [55.48323117547527, -20.89260572249225], [55.48296425205868, -20.89247959626984], [55.482306162945136, -20.892155779129823], [55.482002109861135, -20.89199409160726], [55.48158120396981, -20.89179071536595], [55.48110295655325, -20.891554308449084], [55.48096237430652, -20.891482598823142], [55.480553050783705, -20.89127480642376], [55.48021736501579, -20.891104704672912]]]}";9741106;97411;974;4;974110602;Lory Les Bas;Saint-Denis;LA REUNION;Lory Les Bas;LA REUNION;;4;;;;;;Iris d'habitat;24040;297.048988549;148.524494275;;264.841139885;;132.420569943;297.048988549;148;148.524494275;112.021905831;;112.021905831;101.053958010;;101.053958010;112.021905831;112;112.021905831;1111.912462377;599.551668480;1728.800946178;584.137541560;171.880832129;162.034832489;171.880832129;125.168156421;102.806307397;125.168156421;102.026596644;113.440714681;102.026596644;101.116887164;94.727334432;101.116887164;95.402839411;92.686226955;95.402839411;112.021905831;101.053958010;112.021905831;101.116887164;;101.116887164;94.727334432;;94.727334432;101.116887164;101;101.116887164;197.429436055;;98.714718028;206.126941636;;103.063470818;197.429436055;98;98.714718028;;;;409.070894380;;136.356964793;365.895097896;;121.965032632;409.070894380;136;136.356964793;298.546323220;;99.515441073;300.854276068;;100.284758689;298.546323220;99;99.515441073;Polygon;15972.083333333;1;2679.260251488;1268.357651642;295.942635403;883.279315284;436.559945862;0.539207616;0.337885945;0.473398451;0.205035034;0.101338367;15972.083333333;15972.083333333;707.617217599;;666.749373964;;707.617217599;117;0.313710150;0.332772656;0.313710150;0.269945611;0.328662661;0.269945611;0.463995141;0.417309122;0.463995141;0.202770319;0.216447592;0.202770319;0.106221542;0.109334871;0.106221542;14258;15805.5;14258
Saint-Denis;LA REUNION;CA Intercommunale du Nord de la Réunion (Cinor);LA REUNION;4317.474454141;115.351453542;107.061207635;115.351453542;Non;974110201;97411;69;249740119;-20.8947845837, 55.4468735585;"{""type"": ""Polygon"", ""coordinates"": [[[55.441550238290255, -20.894014837006477], [55.44168184294922, -20.89402326357397], [55.4419054581756, -20.894057821966715], [55.44196014190002, -20.894068257048367], [55.443994358659914, -20.892556554495453], [55.44488638153845, -20.891811298475307], [55.445104556888204, -20.891627198034904], [55.44530338782017, -20.891454664584415], [55.44540848475596, -20.891330058050304], [55.44543485430446, -20.891289648173245], [55.44545746296533, -20.891241074147555], [55.44547532168752, -20.891187036959938], [55.44551970172021, -20.890891149391145], [55.44554279076142, -20.89070256406585], [55.44555759535602, -20.890571716310212], [55.44591675919409, -20.89069783450769], [55.44773935162463, -20.89134311099329], [55.44955427348481, -20.89217528811917], [55.451832250293506, -20.89247325799179], [55.451893699519914, -20.892480137864354], [55.45196871611638, -20.892476300648813], [55.45264619513191, -20.892402038835385], [55.45268861567566, -20.892389776251], [55.452726313754596, -20.892369340946104], [55.45276222838489, -20.892335339554297], [55.45283576955337, -20.89266301031902], [55.4509931605285, -20.895462898785393], [55.450601522572306, -20.8958766861938], [55.45055562386979, -20.89594672964384], [55.45052421700105, -20.89600967784695], [55.45049961255179, -20.896065461095194], [55.45047204107832, -20.896129347387497], [55.450451132924464, -20.896199617384887], [55.45005370690703, -20.897551004893643], [55.44969208536314, -20.899159260687764], [55.44969325607866, -20.899232440818913], [55.44967712658903, -20.899492452734037], [55.44967070047964, -20.89955653066594], [55.44965078969521, -20.899623196233875], [55.449577748877395, -20.899808618927715], [55.44954540733542, -20.89986884839741], [55.44951129186238, -20.89991460852842], [55.44949181718598, -20.899938821650412], [55.44903481228561, -20.899509207173907], [55.448395707225814, -20.898933405907787], [55.445586671576244, -20.897082254732503], [55.4451808672115, -20.896816598578756], [55.44458600974045, -20.896520314543647], [55.44376604355992, -20.89624094866408], [55.44371134026384, -20.89623232058738], [55.44365950187834, -20.896225525234875], [55.44360278309115, -20.89622591202554], [55.44354792145242, -20.89623263899042], [55.443471727588154, -20.896257238158757], [55.44344953665923, -20.89626516597484], [55.44252379807518, -20.896781112122017], [55.44137437722989, -20.897174870725113], [55.440690734045006, -20.89709907819939], [55.44058313835027, -20.89672050673742], [55.44094156789247, -20.89515063689717], [55.4412830743834, -20.8944739998141], [55.441550238290255, -20.894014837006477]]]}";9741102;97411;974;4;974110201;Mairie de Bellepierre-Les Saphirs;Saint-Denis;LA REUNION;Mairie de Bellepierre-Les Saphirs;LA REUNION;;4;;;;;;Iris d'habitat;24040;301.294208999;150.647104500;;264.822176732;;132.411088366;301.294208999;150;150.647104500;112.021905831;;112.021905831;101.053958010;;101.053958010;112.021905831;112;112.021905831;1142.900804282;512.697643395;2053.479467027;877.490342228;142.996106418;134.804735718;142.996106418;158.298102581;130.017441014;158.298102581;70.280768242;78.143355164;70.280768242;121.754881671;114.061218835;121.754881671;86.756956507;84.286537071;86.756956507;112.021905831;101.053958010;112.021905831;121.754881671;;121.754881671;114.061218835;;114.061218835;121.754881671;121;121.754881671;157.037724749;;78.518862375;162.429892236;;81.214946118;157.037724749;78;78.518862375;12990;;;413.316114830;;137.772038277;365.876134742;;121.958711581;413.316114830;137;137.772038277;278.792606420;;92.930868807;276.491111070;;92.163703690;278.792606420;92;92.930868807;Polygon;15972.083333333;1;2861.449083965;933.116684662;261.302230980;1065.910016457;397.875031891;0.448593300;0.427318781;0.326099349;0.246882762;0.092154577;15972.083333333;12990;692.108721250;;642.367245812;;692.108721250;115;0.313710150;0.332772656;0.313710150;0.269945611;0.328662661;0.269945611;0.463995141;0.417309122;0.463995141;0.202770319;0.216447592;0.202770319;0.106221542;0.109334871;0.106221542;14258;15805.5;14258
Saint-Denis;LA REUNION;CA Intercommunale du Nord de la Réunion (Cinor);LA REUNION;4287.004051387;91.312734847;85.550620999;91.312734847;Non;974111002;97411;69;249740119;-20.9216496866, 55.4938354157;"{""type"": ""Polygon"", ""coordinates"": [[[55.485489742290646, -20.925098932091103], [55.485555624511285, -20.92504892975551], [55.4875299686295, -20.92212968555149], [55.48898169709573, -20.91916242935031], [55.488949654268204, -20.91909800880979], [55.488909258183185, -20.919003704195134], [55.48886790080286, -20.918909391065178], [55.48884376612883, -20.91882336038909], [55.488798353710685, -20.91865403432633], [55.48877521666938, -20.918564399120662], [55.488755915955295, -20.918475701203405], [55.488749094557605, -20.91838892040782], [55.488751741664316, -20.918316676815977], [55.488770758680545, -20.918241868089094], [55.48880616369093, -20.918162687704786], [55.48886255509759, -20.918099953115313], [55.48893722091238, -20.918036476881895], [55.48930301049256, -20.91784775412903], [55.49011498788591, -20.916306162265396], [55.48973192607836, -20.914716512790843], [55.48972818033953, -20.914706542943094], [55.49050982361945, -20.914800174086803], [55.49051708283072, -20.91493935240094], [55.49201315858484, -20.9166562669063], [55.49343193473166, -20.917116394493238], [55.496801819026686, -20.918406703714112], [55.49750202058466, -20.9178478268683], [55.49833865754666, -20.917104058484263], [55.4989147544092, -20.915683199679684], [55.4990888718699, -20.913982835050884], [55.499440239598194, -20.91268104574511], [55.49957110402477, -20.91247623354833], [55.499696451590175, -20.91234273676495], [55.500456764826815, -20.913130804626256], [55.50094825739315, -20.913592210319788], [55.50097701599175, -20.91360059281943], [55.50117845198177, -20.913646624500625], [55.501236041060636, -20.913656163314016], [55.50120844488031, -20.914207863131875], [55.50114179641781, -20.915303031998885], [55.50110458589551, -20.915854647282433], [55.50022310706891, -20.918063708018785], [55.4994855754628, -20.91962091193859], [55.49868013185685, -20.921720422125464], [55.498450158274686, -20.92289725890985], [55.498337343298786, -20.92457015603847], [55.49833807958213, -20.92584703368323], [55.49815301679034, -20.927629501817204], [55.497908614252964, -20.92822671712344], [55.49775552556702, -20.92863367933101], [55.497332157098164, -20.928568525580115], [55.496484297814845, -20.928454465198957], [55.49605988805783, -20.92839742922154], [55.49522073528525, -20.92856708774241], [55.49418859541249, -20.92822826671638], [55.49404389284754, -20.92818001649694], [55.49397595820606, -20.928146896927615], [55.49392253493666, -20.92810487199006], [55.493470469544306, -20.927736837278097], [55.4933036696096, -20.927590830900584], [55.49334651017511, -20.927248843834516], [55.493372559214485, -20.927047629309847], [55.493384963012666, -20.926961018308745], [55.493454090794266, -20.92649008579317], [55.49332165536035, -20.926080607957665], [55.4931061167156, -20.925712853375355], [55.493092874075145, -20.925691056355163], [55.493078651985165, -20.925671057364678], [55.493056774932406, -20.92564737744408], [55.49303579604172, -20.925630028818347], [55.49300997408757, -20.925616250789364], [55.49296689234061, -20.925597803692632], [55.49228014811508, -20.925430945395874], [55.49225420878052, -20.92542890961667], [55.49192258503708, -20.92542056025466], [55.491903321171186, -20.92542400342343], [55.490326466277665, -20.92571629701467], [55.48934805128276, -20.925967802485246], [55.48829949897243, -20.92640567178191], [55.486622372131926, -20.926724142249604], [55.486076979796195, -20.92559916922459], [55.48589432856122, -20.925213631397508], [55.485489742290646, -20.925098932091103]]]}";9741110;97411;974;4;974111002;Mairie de la Bretagne-Centre;Saint-Denis;LA REUNION;Mairie de la Bretagne-Centre;LA REUNION;;4;;;;;;Iris d'habitat;24040;182.914145878;91.457072939;;160.386427725;;80.193213863;182.914145878;91;91.457072939;112.021905831;;112.021905831;101.053958010;;101.053958010;112.021905831;112;112.021905831;1178.574056471;309.220581145;1675.330761850;448.992593175;83.634014672;78.843134455;83.634014672;99.280131206;81.543293270;99.280131206;70.905308232;78.837764908;70.905308232;110.212839836;103.248515956;110.212839836;71.822209303;69.777059393;71.822209303;112.021905831;101.053958010;112.021905831;110.212839836;;110.212839836;103.248515956;;103.248515956;110.212839836;110;110.212839836;142.727517535;;71.363758768;148.614824301;;74.307412151;142.727517535;71;71.363758768;18200;;;294.936051708;;98.312017236;261.440385736;;87.146795245;294.936051708;98;98.312017236;252.940357372;;84.313452457;251.863340257;;83.954446752;252.940357372;84;84.313452457;Polygon;15972.083333333;1;2834.502867948;932.543463350;103.427009423;958.055063751;327.058360780;0.262368393;0.268002357;0.328997185;0.223478927;0.076290658;15972.083333333;18200;547.876409080;;513.303725993;;547.876409080;91;0.313710150;0.332772656;0.313710150;0.269945611;0.328662661;0.269945611;0.463995141;0.417309122;0.463995141;0.202770319;0.216447592;0.202770319;0.106221542;0.109334871;0.106221542;14258;15805.5;14258
Saint-Denis;LA REUNION;CA Intercommunale du Nord de la Réunion (Cinor);LA REUNION;3430.963918823;83.988232183;78.922128294;83.988232183;Non;974110902;97411;69;249740119;-20.9257203622, 55.4730884613;"{""type"": ""Polygon"", ""coordinates"": [[[55.46867621948874, -20.92220642412134], [55.46874215139226, -20.922151912281446], [55.46997284755378, -20.91921085819691], [55.470005959257236, -20.917464111070657], [55.46994943301655, -20.915360647606686], [55.46994634859555, -20.915285643403777], [55.46993390773503, -20.915185262070555], [55.46989118165151, -20.915037636117724], [55.469773375280795, -20.91470957432647], [55.47037148991278, -20.91488656573886], [55.47236424638669, -20.91476574144317], [55.47391649842127, -20.914378087855805], [55.475807803759274, -20.913783420826423], [55.47656453873355, -20.913890442881335], [55.47789715335525, -20.914139902026452], [55.4783993918111, -20.914482224773657], [55.47844611313936, -20.91452058110791], [55.478480346575566, -20.914557922837755], [55.47850290758021, -20.91460871059381], [55.478512001133765, -20.914660281699437], [55.47851085752408, -20.914678338208955], [55.478508588533415, -20.91471264472042], [55.4782669113776, -20.91655871426945], [55.477616491324206, -20.91929837576926], [55.477263649680026, -20.92193906204668], [55.47768891773872, -20.92478763707134], [55.477934798652605, -20.925679086434997], [55.478823154553695, -20.927173331482397], [55.479223270391195, -20.927778517065345], [55.479182642271674, -20.928898288962124], [55.47917723349101, -20.928957860794096], [55.47916616570317, -20.929006542197612], [55.47914446776797, -20.92906054888314], [55.47911419013309, -20.929107252445117], [55.47907910546164, -20.92915391316584], [55.47879567987717, -20.92951362412538], [55.47869049817159, -20.929646380005185], [55.477750170427235, -20.93078703575471], [55.47761007474458, -20.930949289434796], [55.47755759241433, -20.93100482792666], [55.47721360858938, -20.931362188923508], [55.477146722974034, -20.93141579209075], [55.47707515806691, -20.931456706814597], [55.476997934201975, -20.931486731013255], [55.476971893743254, -20.93149462862505], [55.476921735653335, -20.9315104409962], [55.47569123679922, -20.932426387091247], [55.474856512983905, -20.9331161888048], [55.47320619349435, -20.934574765409327], [55.47295001170808, -20.934900382339872], [55.47285836356711, -20.935025125205016], [55.472800741147246, -20.935113135960528], [55.47276506689336, -20.935217603088134], [55.472710126830854, -20.935420360854515], [55.47266776778607, -20.935615101220897], [55.472657420564616, -20.93568727508622], [55.4726438084748, -20.9358917577152], [55.47252197160343, -20.93662281681595], [55.472437934582985, -20.936945005275234], [55.47194962638157, -20.938540883119167], [55.471202978295246, -20.938304748691944], [55.4680760686298, -20.936788918846123], [55.466796340468946, -20.936167677523304], [55.466829905629396, -20.934617866226123], [55.466831578951464, -20.932469764018293], [55.46714413730201, -20.931160953912844], [55.467637123623476, -20.930031685058637], [55.46816297412572, -20.92947272742648], [55.46921372028519, -20.9283529913533], [55.46986262756929, -20.927226032833538], [55.47018033314708, -20.92614307652781], [55.47065729719608, -20.923861921905377], [55.47017287947795, -20.923183696396656], [55.46942887769399, -20.922694648923333], [55.46867621948874, -20.92220642412134]]]}";9741109;97411;974;4;974110902;Mairie et Hauts du Bois de Nefles;Saint-Denis;LA REUNION;Mairie et Hauts du Bois de Nefles;LA REUNION;;4;;;;;;Iris d'habitat;24040;153.230153853;76.615076926;;134.209541439;;67.104770720;153.230153853;76;76.615076926;112.021905831;;112.021905831;101.053958010;;101.053958010;112.021905831;112;112.021905831;994.027294790;214.655019404;1316.877944972;300.009735349;68.835768928;64.892589531;68.835768928;84.394384925;69.316951909;84.394384925;66.630284720;74.084477643;66.630284720;85.358517877;79.964732858;85.358517877;86.688530816;84.220059814;86.688530816;112.021905831;101.053958010;112.021905831;85.358517877;;85.358517877;79.964732858;;79.964732858;85.358517877;85;85.358517877;153.318815536;;76.659407768;158.304537457;;79.152268728;153.318815536;76;76.659407768;24814;;;265.252059684;;88.417353228;235.263499450;;78.421166483;265.252059684;88;88.417353228;238.677333413;;79.559111138;238.269270315;;79.423090105;238.677333413;79;79.559111138;Polygon;15972.083333333;1;2312.258376525;714.860766920;68.023866650;593.837200668;315.929656384;0.215944794;0.227818938;0.309161283;0.173081739;0.092081894;15972.083333333;24814;503.929393097;;473.532769765;;503.929393097;83;0.313710150;0.332772656;0.313710150;0.269945611;0.328662661;0.269945611;0.463995141;0.417309122;0.463995141;0.202770319;0.216447592;0.202770319;0.106221542;0.109334871;0.106221542;14258;15805.5;14258
Saint-Denis;LA REUNION;CA Intercommunale du Nord de la Réunion (Cinor);LA REUNION;2973.332603182;110.904683236;102.958062813;110.904683236;Non;974110802;97411;69;249740119;-20.9081640807, 55.4821865555;"{""type"": ""Polygon"", ""coordinates"": [[[55.485813856953484, -20.90986974019589], [55.485754094131806, -20.90988547048297], [55.48538198641943, -20.90998695847112], [55.48370905821458, -20.910288283899234], [55.48162046040531, -20.910528987783294], [55.4815592991484, -20.91058806427287], [55.48151937078431, -20.910543445833532], [55.481466093589084, -20.910487868675112], [55.48126503616798, -20.91030993052105], [55.48113349789468, -20.910197650549126], [55.48097717572229, -20.910064373349442], [55.48070096078488, -20.90980807928493], [55.48052507135859, -20.90961320081267], [55.48043381694412, -20.909510312056447], [55.48034362404691, -20.909397496004704], [55.48028499870212, -20.909300317478817], [55.48027079798582, -20.909278511072255], [55.479142396273716, -20.906108599396887], [55.479062133427554, -20.90606000803562], [55.47910896587575, -20.905991771443908], [55.4792185257559, -20.905899703174367], [55.47947419098583, -20.905714085001634], [55.479722935655296, -20.905547374883884], [55.47979043274883, -20.90552719878696], [55.479835748185536, -20.905514051976436], [55.479906019784025, -20.905504740555166], [55.479974268749835, -20.90550534780726], [55.48170171531811, -20.90572825048877], [55.482966046443934, -20.906452441221017], [55.484608177748726, -20.90796836280352], [55.48489665724101, -20.90824824632305], [55.48491181076563, -20.90827096416544], [55.484927916494236, -20.90829459378964], [55.48565841982211, -20.909360686465405], [55.48568588882114, -20.90940158018339], [55.485754992142354, -20.909508786638092], [55.48578933523951, -20.909631041671545], [55.485809848602585, -20.909790210948206], [55.485813856953484, -20.90986974019589]]]}";9741108;97411;974;4;974110802;Mairie-Pierre et Sable-Bancouliers;Saint-Denis;LA REUNION;Mairie-Pierre et Sable-Bancouliers;LA REUNION;;4;;;;;;Iris d'habitat;24040;298.580468227;149.290234114;;264.330874414;;132.165437207;298.580468227;149;149.290234114;112.021905831;;112.021905831;101.053958010;;101.053958010;112.021905831;112;112.021905831;766.369741225;378.208058520;1303.717002053;497.167353338;157.312726662;148.301244515;157.312726662;141.267741565;116.029629899;141.267741565;69.569134721;77.352108392;69.569134721;143.165747223;134.119136740;143.165747223;42.090843414;40.892299322;42.090843414;112.021905831;101.053958010;112.021905831;143.165747223;;143.165747223;134.119136740;;134.119136740;143.165747223;143;143.165747223;111.659978134;;55.829989067;118.244407714;;59.122203857;111.659978134;55;55.829989067;8406;;;410.602374058;;136.867458019;365.384832425;;121.794944142;410.602374058;136;136.867458019;254.825725358;;84.941908453;252.363544454;;84.121181485;254.825725358;84;84.941908453;Polygon;15972.083333333;1;1694.936739275;547.121180154;206.206158769;863.151443405;132.936341584;0.493505991;0.381346069;0.322797404;0.290297642;0.044709543;15972.083333333;8406;665.428099416;;617.748376879;;665.428099416;110;0.313710150;0.332772656;0.313710150;0.269945611;0.328662661;0.269945611;0.463995141;0.417309122;0.463995141;0.202770319;0.216447592;0.202770319;0.106221542;0.109334871;0.106221542;14258;15805.5;14258
Saint-Denis;LA REUNION;CA Intercommunale du Nord de la Réunion (Cinor);LA REUNION;2164.774827495;124.758122179;118.107309932;124.758122179;Non;974110106;97411;69;249740119;-20.8832907539, 55.4636442597;"{""type"": ""Polygon"", ""coordinates"": [[[55.46799087455836, -20.883376840508962], [55.46731130370832, -20.883661623992765], [55.466780078878834, -20.88400916165778], [55.46637699147842, -20.88432713356422], [55.466122280941626, -20.884610302247612], [55.46521469878123, -20.885765651402906], [55.4650083672501, -20.886111582437476], [55.464788512031646, -20.885991271706544], [55.464683449862115, -20.885925288266673], [55.4637477647299, -20.885495026616162], [55.4628130787682, -20.885156005703188], [55.46258509650564, -20.88507897919523], [55.462527613524436, -20.885060395639055], [55.4624720160014, -20.88504544235065], [55.46124159745171, -20.884864546622648], [55.46109279059938, -20.88484694733486], [55.460964944160324, -20.88484760324072], [55.4606058358925, -20.883773018343785], [55.46024612698476, -20.883606276311895], [55.46034492059962, -20.8834382428197], [55.461581647718035, -20.88183349756147], [55.46194410125575, -20.880253030247253], [55.462077636734215, -20.88007085461251], [55.46212071993732, -20.880087502062874], [55.462443752337805, -20.880221390117697], [55.46275312791121, -20.88037502815594], [55.463100163760416, -20.880558814141068], [55.463485414292286, -20.880765526173708], [55.463633528498455, -20.88085086697753], [55.46375191341758, -20.880929617246878], [55.46394718221332, -20.881103908108848], [55.46426335289641, -20.88139310466476], [55.4646496112334, -20.881690156678562], [55.465242256397566, -20.88210830050519], [55.466126473989085, -20.882588678272043], [55.46664761458082, -20.882855319305786], [55.46701227282392, -20.883008542507987], [55.46752642430904, -20.883206464922964], [55.46761744521515, -20.883235284045373], [55.46775281449743, -20.883250950522626], [55.46799087455836, -20.883376840508962]]]}";9741101;97411;974;4;974110106;Maréchal Leclerc-Le Butor;Saint-Denis;LA REUNION;Marechal Leclerc-Le Butor;LA REUNION;;4;;;;;;Iris d'habitat;24040;285.238893462;142.619446731;;251.658108173;;125.829054086;285.238893462;142;142.619446731;112.021905831;;112.021905831;101.053958010;;101.053958010;112.021905831;112;112.021905831;571.063077317;256.512985458;959.003378447;367.748048572;143.184729538;134.982553774;143.184729538;142.054163924;116.675554398;142.054163924;126.810663613;140.997473038;126.810663613;90.766447739;85.030936882;90.766447739;133.710822428;129.903383488;133.710822428;112.021905831;101.053958010;112.021905831;90.766447739;;90.766447739;85.030936882;;85.030936882;90.766447739;90;90.766447739;260.521486041;;130.260743020;270.900856526;;135.450428263;260.521486041;130;130.260743020;6654;;;397.260799293;;132.420266431;352.712066183;;117.570688728;397.260799293;132;132.420266431;351.287933780;;117.095977927;355.931793408;;118.643931136;351.287933780;117;117.095977927;Polygon;15972.083333333;1;1465.892507845;862.524286717;181.456674004;398.421211858;307.462313609;0.449185030;0.383468981;0.588395317;0.184047415;0.142029697;15972.083333333;6654;748.548733073;;708.643859591;;748.548733073;124;0.313710150;0.332772656;0.313710150;0.269945611;0.328662661;0.269945611;0.463995141;0.417309122;0.463995141;0.202770319;0.216447592;0.202770319;0.106221542;0.109334871;0.106221542;14258;15805.5;14258
Saint-Denis;LA REUNION;CA Intercommunale du Nord de la Réunion (Cinor);LA REUNION;4186.445455133;120.603987022;114.030044755;120.603987022;Non;974110105;97411;69;249740119;-20.8804479616, 55.4578345572;"{""type"": ""Polygon"", ""coordinates"": [[[55.4571828089666, -20.88341786998551], [55.45683653411342, -20.883347898658595], [55.45585583212876, -20.883376081470328], [55.45532438670716, -20.882521247075683], [55.45505475161453, -20.88163083702042], [55.45478982313501, -20.88075040579105], [55.45548958385152, -20.880559801366253], [55.45604091160108, -20.880409407115813], [55.45583119616694, -20.879721885206788], [55.45548399630275, -20.879508273605502], [55.455231491448856, -20.87938675318938], [55.45453509997848, -20.879060682099137], [55.45424419078886, -20.878935199910735], [55.454105492713964, -20.878494024152094], [55.453944515537415, -20.87797586378715], [55.45369477212679, -20.87711544174472], [55.454072589316375, -20.877013167572997], [55.456115770196405, -20.877317076521514], [55.45633355306018, -20.87735607894529], [55.45654753663883, -20.877296583664315], [55.45663546398973, -20.87725130724271], [55.457089931035455, -20.87698440826914], [55.45710230490646, -20.876996263211804], [55.45834400220587, -20.87794873256822], [55.45862924176895, -20.878159069996993], [55.459163499619635, -20.87852416866701], [55.459919804310935, -20.879034282628076], [55.460409650752176, -20.87935124636304], [55.4605863363033, -20.87946214019162], [55.46063409566915, -20.879491476751724], [55.46072207309774, -20.87953562863157], [55.460970748066174, -20.879656203378673], [55.461210911749184, -20.879763151203917], [55.46135543688778, -20.879823168255015], [55.46164383002292, -20.879913386107678], [55.461843987898334, -20.87998474320927], [55.46197997415355, -20.880033842953832], [55.462077636734215, -20.88007085461251], [55.46194410125575, -20.880253030247253], [55.461581647718035, -20.88183349756147], [55.46034492059962, -20.8834382428197], [55.46024612698476, -20.883606276311895], [55.46003752722058, -20.88351406448106], [55.45893839399584, -20.883326656983243], [55.45743693826462, -20.883475266040886], [55.4571828089666, -20.88341786998551]]]}";9741101;97411;974;4;974110105;Maréchal Leclerc-Le Petit Marche;Saint-Denis;LA REUNION;Marechal Leclerc-Le Petit Marche;LA REUNION;;4;;;;;;Iris d'habitat;24040;255.180818384;127.590409192;;225.532832330;;112.766416165;255.180818384;127;127.590409192;112.021905831;;112.021905831;101.053958010;;101.053958010;112.021905831;112;112.021905831;1094.713425415;451.062480242;1754.135376850;586.397173429;131.343228977;123.819380220;131.343228977;123.837589407;101.713452110;123.837589407;105.592016113;117.405011698;105.592016113;100.773485029;94.405631797;100.773485029;150.055696776;145.782834694;150.055696776;112.021905831;101.053958010;112.021905831;100.773485029;;100.773485029;94.405631797;;94.405631797;100.773485029;100;100.773485029;255.647712889;;127.823856444;263.187846393;;131.593923196;255.647712889;127;127.823856444;10164;;;367.202724214;;122.400908071;326.586790340;;108.862263447;367.202724214;122;122.400908071;356.421197917;;118.807065972;357.593478190;;119.197826063;356.421197917;118;118.807065972;Polygon;15972.083333333;1;2775.624582536;1359.894569642;399.126337912;855.452892153;667.283715803;0.412037041;0.334294138;0.489941824;0.204338717;0.159391475;15972.083333333;10164;723.623922132;;684.180268530;;723.623922132;120;0.313710150;0.332772656;0.313710150;0.269945611;0.328662661;0.269945611;0.463995141;0.417309122;0.463995141;0.202770319;0.216447592;0.202770319;0.106221542;0.109334871;0.106221542;14258;15805.5;14258
Saint-Denis;LA REUNION;CA Intercommunale du Nord de la Réunion (Cinor);LA REUNION;3987.985022483;114.943495168;107.425657472;114.943495168;Non;974110114;97411;69;249740119;-20.8894181154, 55.4563050169;"{""type"": ""Polygon"", ""coordinates"": [[[55.45861862046499, -20.886828249240217], [55.45853513808973, -20.887096689279314], [55.458366785003726, -20.88758116343592], [55.458591097296214, -20.888488549767548], [55.459117327811654, -20.889481312391087], [55.45987473216156, -20.890616398844788], [55.45993947858367, -20.89086539831971], [55.45998175648005, -20.89105547880918], [55.4599256687126, -20.89108839674203], [55.45971497630389, -20.891200318066357], [55.45963784444549, -20.891223109624292], [55.45899990511316, -20.891332534361784], [55.45757874484633, -20.89142314768382], [55.45669494496961, -20.891276057474897], [55.45647886061761, -20.8911629967537], [55.45637558275904, -20.891110574306847], [55.456302803163986, -20.891083720477162], [55.45619917441448, -20.89106562130647], [55.45610312404307, -20.891058430484605], [55.45598385826472, -20.89106548319189], [55.45525229821197, -20.891118041686745], [55.454926804626936, -20.89141094034154], [55.45491337590163, -20.89150205525768], [55.45489625081355, -20.89148473719489], [55.454127719939976, -20.891158009832953], [55.45290400672357, -20.890788316887377], [55.452816764512264, -20.890765847359873], [55.452809706439055, -20.89061041086818], [55.452810069071376, -20.89048123808548], [55.45281744508408, -20.890418071807346], [55.452842704870505, -20.890298157657238], [55.45286962771033, -20.89020355176857], [55.45294339958599, -20.889945867287167], [55.452953362732934, -20.88991163094468], [55.453072855318254, -20.889507117476104], [55.45308378879422, -20.889471986572733], [55.45318234714778, -20.889140453214388], [55.45322718998644, -20.88898548631283], [55.453510633001926, -20.888152470903783], [55.45360866205583, -20.88787242215757], [55.4536505641509, -20.887816794742733], [55.45373147470689, -20.887800363321713], [55.45562053547451, -20.887398293882335], [55.45799970429489, -20.886912097815667], [55.458350042521985, -20.88686738079468], [55.45861862046499, -20.886828249240217]]]}";9741101;97411;974;4;974110114;Mazagran-Bois de Nefles;Saint-Denis;LA REUNION;Mazagran-Bois de Nefles;LA REUNION;;4;;;;;;Iris d'habitat;24040;291.583612989;145.791806495;;257.450027348;;128.725013674;291.583612989;145;145.791806495;112.021905831;;112.021905831;101.053958010;;101.053958010;112.021905831;112;112.021905831;1022.688587926;474.726793069;1760.736499241;682.603035147;147.969349071;139.493091773;147.969349071;143.614263918;117.956935575;143.614263918;82.388193938;91.605286358;82.388193938;98.607646765;92.376652353;98.607646765;105.059611485;102.068020764;105.059611485;112.021905831;101.053958010;112.021905831;98.607646765;;98.607646765;92.376652353;;92.376652353;98.607646765;98;98.607646765;187.447805423;;93.723902712;193.673307121;;96.836653561;187.447805423;93;93.723902712;11858;;;403.605518820;;134.535172940;358.503985358;;119.501328453;403.605518820;134;134.535172940;286.055452188;;95.351817396;286.049959474;;95.349986491;286.055452188;95;95.351817396;Polygon;15972.083333333;1;2554.288861572;976.446435614;251.433805706;797.385799313;445.042934527;0.464194867;0.387680403;0.382277216;0.199947040;0.111595939;15972.083333333;11858;689.660971008;;644.553944833;;689.660971008;114;0.313710150;0.332772656;0.313710150;0.269945611;0.328662661;0.269945611;0.463995141;0.417309122;0.463995141;0.202770319;0.216447592;0.202770319;0.106221542;0.109334871;0.106221542;14258;15805.5;14258
Saint-Denis;LA REUNION;CA Intercommunale du Nord de la Réunion (Cinor);LA REUNION;1273.442625970;140.147118891;132.153163145;140.147118891;Non;974110706;97411;69;249740119;-20.8941496641, 55.4900151387;"{""type"": ""Polygon"", ""coordinates"": [[[55.49201483372335, -20.896294999593156], [55.49196119607727, -20.896275556141713], [55.489393883041515, -20.895479623635456], [55.48932583721492, -20.89545914869557], [55.48926934380832, -20.89543696916717], [55.48907988662814, -20.895349477045265], [55.488356509257216, -20.89501516805528], [55.486946452633696, -20.894330606116686], [55.4868613146584, -20.89428920211473], [55.48689066499057, -20.894142217611595], [55.486895724449205, -20.89411696889539], [55.487000658333514, -20.893621964391617], [55.487038984910555, -20.893442539069085], [55.48716700404545, -20.892945932040345], [55.487172081509975, -20.89291887678802], [55.48748487284287, -20.89297674871994], [55.4907589509322, -20.89254227612196], [55.491094471332495, -20.892490134562895], [55.4911483151979, -20.892488803195285], [55.491202104892814, -20.892492891378797], [55.49125292981273, -20.892505083445478], [55.49126810097193, -20.892525994203474], [55.49130531597848, -20.89255342292121], [55.492382490436604, -20.89336328776291], [55.492989505337526, -20.893895288992283], [55.49312099459995, -20.894012076020957], [55.49256454120593, -20.89419235413549], [55.49200799634695, -20.89438166296807], [55.492100771578706, -20.894620963568766], [55.49216678336636, -20.895326152021607], [55.49208863387408, -20.896028261842005], [55.49207538923115, -20.89610312228238], [55.49205933317598, -20.896170731186487], [55.49204431953047, -20.89623021921702], [55.49201483372335, -20.896294999593156]]]}";9741107;97411;974;4;974110706;Michel Debre-Damase Legros;Saint-Denis;LA REUNION;Michel Debre-Damase Legros;LA REUNION;;4;;;;;;Iris d'habitat;24040;322.783836696;161.391918348;;282.611764832;;141.305882416;322.783836696;161;161.391918348;112.021905831;;112.021905831;101.053958010;;101.053958010;112.021905831;112;112.021905831;315.227170462;142.542788414;633.006731867;305.257093120;144.142827202;135.885767895;144.142827202;178.641009494;146.725996938;178.641009494;127.301726008;141.543472522;127.301726008;90.085674472;84.393181520;90.085674472;188.689570338;183.316601983;188.689570338;112.021905831;101.053958010;112.021905831;90.085674472;;90.085674472;84.393181520;;84.393181520;90.085674472;90;90.085674472;315.991296346;;157.995648173;324.860074505;;162.430037252;315.991296346;157;157.995648173;8370;;;434.805742527;;144.935247509;383.665722843;;127.888574281;434.805742527;144;144.935247509;406.076970818;;135.358990273;409.253256025;;136.417752008;406.076970818;135;135.358990273;Polygon;15972.083333333;1;953.311896916;563.096382249;60.020671669;232.615955931;255.234795342;0.452190680;0.482233565;0.590673823;0.182667009;0.200428971;15972.083333333;8370;840.882713345;;792.918978867;;840.882713345;140;0.313710150;0.332772656;0.313710150;0.269945611;0.328662661;0.269945611;0.463995141;0.417309122;0.463995141;0.202770319;0.216447592;0.202770319;0.106221542;0.109334871;0.106221542;14258;15805.5;14258
Saint-Denis;LA REUNION;CA Intercommunale du Nord de la Réunion (Cinor);LA REUNION;1903.698459270;143.875047760;136.983724390;143.875047760;Non;974110707;97411;69;249740119;-20.8913306474, 55.4892931117;"{""type"": ""Polygon"", ""coordinates"": [[[55.49125292981273, -20.892505083445478], [55.491202104892814, -20.892492891378797], [55.4911483151979, -20.892488803195285], [55.491094471332495, -20.892490134562895], [55.4907589509322, -20.89254227612196], [55.48748487284287, -20.89297674871994], [55.487172081509975, -20.89291887678802], [55.487292435738034, -20.892323737707414], [55.487961343519125, -20.890896958785124], [55.48840864470768, -20.89009694190579], [55.48971556503351, -20.88926928994535], [55.48985093071437, -20.889190088470546], [55.49006847305707, -20.88906373566234], [55.49022113009112, -20.888985589940894], [55.49030313732286, -20.889243766400323], [55.49120580097554, -20.892411623309318], [55.49122077349648, -20.89245240582094], [55.49124249230773, -20.89249144119857], [55.49125292981273, -20.892505083445478]]]}";9741107;97411;974;4;974110707;Michel Debre-Mairie du Chaudron;Saint-Denis;LA REUNION;Michel Debre-Mairie du Chaudron;LA REUNION;;4;;;;;;Iris d'habitat;24040;340.968883308;170.484441654;;303.609132165;;151.804566082;340.968883308;170;170.484441654;112.021905831;;112.021905831;101.053958010;;101.053958010;112.021905831;112;112.021905831;496.125394369;302.068570233;871.968078995;345.747890454;194.082113253;182.964338260;194.082113253;146.886770056;120.644793905;146.886770056;155.560376889;172.963530206;155.560376889;91.338896631;85.567212860;91.338896631;163.360223903;158.708513096;163.360223903;112.021905831;101.053958010;112.021905831;91.338896631;;91.338896631;85.567212860;;85.567212860;91.338896631;91;91.338896631;318.920600792;;159.460300396;331.672043302;;165.836021651;318.920600792;159;159.460300396;7712;;;452.990789139;;150.996929713;404.663090175;;134.887696725;452.990789139;150;150.996929713;410.259497423;;136.753165808;417.239256162;;139.079752054;410.259497423;136;136.753165808;Polygon;15972.083333333;1;1357.940380186;980.151303333;57.683236048;352.580511322;330.336893229;0.608855289;0.396514389;0.721792589;0.185208172;0.173523749;15972.083333333;7712;863.250286562;;821.902346338;;863.250286562;143;0.313710150;0.332772656;0.313710150;0.269945611;0.328662661;0.269945611;0.463995141;0.417309122;0.463995141;0.202770319;0.216447592;0.202770319;0.106221542;0.109334871;0.106221542;14258;15805.5;14258
Saint-Denis;LA REUNION;CA Intercommunale du Nord de la Réunion (Cinor);LA REUNION;2769.359121237;125.357865190;117.582340796;125.357865190;Non;974110804;97411;69;249740119;-20.9137170017, 55.4869260333;"{""type"": ""Polygon"", ""coordinates"": [[[55.4815592991484, -20.91058806427287], [55.48162046040531, -20.910528987783294], [55.48370905821458, -20.910288283899234], [55.48538198641943, -20.90998695847112], [55.485754094131806, -20.90988547048297], [55.485813856953484, -20.90986974019589], [55.48596571254431, -20.909873796297344], [55.48679302834727, -20.909820152160894], [55.489592267978104, -20.909942939835705], [55.49024803043662, -20.910028231060416], [55.490216048509836, -20.91014989914323], [55.4901697738079, -20.910258794131913], [55.49010609636233, -20.910377471996934], [55.48992702398584, -20.910691154219634], [55.48986064317829, -20.910791741290986], [55.48977872783468, -20.91090754773729], [55.48969201494527, -20.911022408375775], [55.489597557293585, -20.91114262050758], [55.48950623669949, -20.911237566837357], [55.48969832302033, -20.914615945058113], [55.48972818033953, -20.914706542943094], [55.48973192607836, -20.914716512790843], [55.49011498788591, -20.916306162265396], [55.48930301049256, -20.91784775412903], [55.48893722091238, -20.918036476881895], [55.48886255509759, -20.918099953115313], [55.48880616369093, -20.918162687704786], [55.488770758680545, -20.918241868089094], [55.488751741664316, -20.918316676815977], [55.488749094557605, -20.91838892040782], [55.488755915955295, -20.918475701203405], [55.48877521666938, -20.918564399120662], [55.488798353710685, -20.91865403432633], [55.48884376612883, -20.91882336038909], [55.48886790080286, -20.918909391065178], [55.488909258183185, -20.919003704195134], [55.488843497484986, -20.91904196573995], [55.487165115317616, -20.919012548593713], [55.48603213344458, -20.918769547380258], [55.48576978218884, -20.916723873023923], [55.48521728422699, -20.91441998048856], [55.48468400668827, -20.91381633724281], [55.48421719836422, -20.91329548610705], [55.483789196608825, -20.912931255601407], [55.483772654656065, -20.91295098215526], [55.481606517669775, -20.910672494306684], [55.4815592991484, -20.91058806427287]]]}";9741108;97411;974;4;974110804;Moufia Est-Les Tulipiers;Saint-Denis;LA REUNION;Moufia Est-Les Tulipiers;LA REUNION;;4;;;;;;Iris d'habitat;24040;272.577705978;136.288852989;;238.497832772;;119.248916386;272.577705978;136;136.288852989;112.021905831;;112.021905831;101.053958010;;101.053958010;112.021905831;112;112.021905831;716.106069742;270.558444236;1249.407153994;513.132421749;120.435679608;113.536657516;120.435679608;152.142026370;124.961175256;152.142026370;102.711164414;114.201867749;102.711164414;160.012400657;149.901254037;160.012400657;104.824014259;101.839132209;104.824014259;112.021905831;101.053958010;112.021905831;160.012400657;;160.012400657;149.901254037;;149.901254037;160.012400657;160;160.012400657;207.535178673;;103.767589336;216.040999959;;108.020499979;207.535178673;103;103.767589336;12384;;;384.599611809;;128.199870603;339.551790782;;113.183930261;384.599611809;128;128.199870603;367.547579330;;122.515859777;365.942253996;;121.980751332;367.547579330;122;122.515859777;Polygon;15972.083333333;1;1793.129756216;854.560475966;55.026066211;898.539765775;308.356186428;0.377818951;0.410700723;0.476574812;0.324457655;0.111345684;15972.083333333;12384;752.147191138;;705.494044778;;752.147191138;125;0.313710150;0.332772656;0.313710150;0.269945611;0.328662661;0.269945611;0.463995141;0.417309122;0.463995141;0.202770319;0.216447592;0.202770319;0.106221542;0.109334871;0.106221542;14258;15805.5;14258
Saint-Denis;LA REUNION;CA Intercommunale du Nord de la Réunion (Cinor);LA REUNION;4011.232518549;98.121181561;93.694325924;98.121181561;Non;974111301;97411;69;249740119;-20.9055528688, 55.3957679321;"{""type"": ""Polygon"", ""coordinates"": [[[55.41828041548282, -20.921781292616878], [55.41826590076041, -20.921790191292647], [55.41805090254164, -20.92193905284856], [55.41799559478487, -20.92198731935877], [55.41795084266127, -20.922037490293555], [55.41791080234375, -20.922096738026035], [55.41788230744549, -20.922155189424547], [55.41787730167319, -20.922174112645465], [55.41787110700342, -20.92221470440229], [55.41655064916332, -20.92472541896811], [55.416489647723566, -20.92476640556763], [55.41623691794615, -20.92475412456874], [55.41616860537614, -20.924758910660444], [55.41608008553679, -20.924765315859485], [55.41594810570697, -20.92479028732958], [55.41584877365185, -20.924819174922213], [55.414470893020294, -20.92467224070085], [55.41404099008008, -20.924434289110785], [55.41207402399399, -20.923189756946485], [55.41188259466617, -20.92292601558502], [55.41122610538777, -20.92145112110592], [55.41057877354346, -20.920157423984065], [55.41023770212149, -20.91963439224298], [55.410029286536755, -20.91931832467166], [55.409590212369146, -20.918858288531663], [55.40941126436739, -20.91868815389187], [55.409264643656606, -20.918552194465338], [55.409008758808625, -20.918384504255815], [55.408943781101684, -20.91834686300221], [55.40880031035737, -20.918276874351644], [55.408731373130436, -20.918250035869494], [55.408646959754996, -20.918232086248874], [55.4082420154225, -20.918159660081443], [55.4080740548612, -20.918132801521534], [55.40800962864438, -20.9181340074835], [55.407966093482266, -20.9181597976253], [55.40698553255216, -20.919745900443715], [55.40590442303441, -20.921519397755976], [55.40580862726373, -20.9229863833057], [55.40529367084571, -20.924182596855758], [55.40448745748221, -20.92522734819075], [55.4038741846746, -20.925170126375672], [55.40297819219348, -20.925345118126888], [55.40030704819058, -20.92591358099218], [55.398906950639024, -20.926297909939464], [55.396119224363765, -20.927067552583814], [55.39631518631015, -20.9276258310106], [55.39671585293022, -20.928734339688734], [55.395593447844576, -20.929537672070527], [55.39321280609192, -20.9285966144095], [55.391566463797865, -20.927951955570826], [55.39120521608143, -20.92881789719946], [55.39106797663269, -20.930110221826304], [55.39119158783906, -20.931499767044105], [55.390942788903125, -20.932108958906685], [55.390926291041836, -20.932123256233105], [55.3909253393084, -20.932122343954617], [55.39085276638346, -20.93207559112368], [55.390787222294385, -20.932000902091456], [55.39053759042793, -20.931517989861625], [55.38939195132806, -20.928239477373683], [55.38897148752204, -20.926470000188154], [55.38877810301346, -20.92480387772858], [55.38917271642576, -20.923565063753365], [55.388950462441684, -20.92223149468004], [55.38766895260889, -20.921372548470366], [55.38665752943014, -20.920790750339425], [55.38544666737711, -20.919935617819494], [55.38469797764958, -20.918477829968673], [55.383282368200426, -20.916905781559535], [55.382141362362425, -20.915368843521744], [55.38189413501117, -20.915025052372364], [55.3818828227489, -20.9150041692029], [55.38181403644132, -20.914874345006496], [55.38158185549419, -20.91420370017285], [55.380017981022526, -20.911539935951584], [55.379112359305516, -20.90966511958644], [55.37783149079351, -20.90666122071012], [55.377294011997414, -20.903677474382707], [55.37664353936595, -20.90020803092682], [55.376157864713754, -20.897594676380137], [55.376064437357755, -20.896897341692764], [55.375885759119235, -20.896261524718007], [55.37578073417613, -20.896106061701662], [55.37581654192688, -20.895904965367787], [55.37813964197663, -20.89395782470104], [55.3789238223361, -20.893169453007953], [55.37920296456022, -20.89295440389048], [55.37947756760274, -20.8927591839382], [55.3798403108913, -20.892501567655646], [55.380058231047926, -20.892348264705323], [55.380767900540825, -20.891962954723162], [55.381081776046926, -20.89182501224169], [55.38166990653615, -20.89156862305065], [55.382062563142235, -20.89143413446187], [55.382516769343155, -20.891296614154946], [55.385196268627936, -20.890163006140764], [55.38818376418012, -20.88822199056842], [55.389398423690956, -20.887483692594603], [55.38995301362741, -20.8871248831173], [55.39048326730094, -20.886704417539693], [55.3916337733419, -20.88571528149595], [55.392947542956705, -20.88437628375679], [55.393718574413384, -20.88345673260316], [55.39397214191931, -20.883112243254338], [55.39443212264541, -20.88233790920248], [55.394622776687825, -20.882124711303344], [55.39474981862719, -20.882018410000935], [55.39505971082154, -20.88180000772855], [55.39563840044217, -20.881521798572656], [55.396063619502065, -20.88139480750483], [55.39953908207916, -20.880404822013872], [55.40244478945232, -20.87966417601387], [55.404509016042965, -20.879421486422665], [55.40464779872281, -20.879385745292968], [55.40467257621096, -20.879405849362293], [55.405174314200615, -20.880132277748444], [55.405204476753305, -20.8801885645593], [55.40521107064223, -20.880201272459875], [55.40533289519087, -20.880679358719252], [55.40641204686707, -20.883615707532158], [55.40663283103722, -20.88437158134111], [55.406641525499616, -20.8845496153704], [55.40659239271544, -20.88474246682928], [55.4062008641178, -20.886185023995345], [55.40591346074172, -20.889235546396417], [55.405955234836505, -20.889284714902463], [55.40599772212253, -20.88935737621522], [55.40605089411443, -20.889510532099937], [55.40607118996792, -20.889591116298746], [55.4060779538927, -20.889678800831195], [55.40610122574233, -20.890296884618127], [55.40610409751232, -20.890389049422915], [55.406097348509874, -20.890482027831336], [55.40608501394746, -20.890557791189234], [55.406040864778376, -20.89073352572409], [55.40601600691397, -20.890811882233148], [55.40598531550243, -20.890896507533725], [55.40592443807522, -20.891017887188834], [55.40590525147771, -20.891105329701173], [55.40563167594899, -20.89170709501678], [55.4055662113493, -20.89217169089905], [55.40566863667343, -20.893850099654838], [55.405764323866585, -20.89452847735739], [55.4060431986033, -20.89533683414072], [55.406076056798014, -20.895411212301642], [55.40613306791291, -20.895474072638788], [55.40638086054503, -20.895676015722895], [55.40646674474918, -20.89573553193972], [55.40654416933553, -20.895776902968073], [55.40663517414284, -20.895806657500458], [55.407176199796346, -20.89891819650676], [55.406901023131375, -20.90167344672005], [55.40674095341415, -20.902357568775894], [55.406603488555845, -20.903631764686356], [55.40684328259098, -20.9048226658637], [55.40785596816963, -20.90591798377431], [55.4091772568561, -20.907152476014844], [55.41057843574714, -20.908379572608577], [55.41234991691582, -20.910002139455134], [55.41390156336928, -20.91182679741275], [55.414913175587785, -20.913219163728087], [55.41555496579697, -20.914812694847214], [55.41567582987453, -20.9156159596444], [55.416016292880855, -20.917661964134734], [55.41637913212982, -20.918265130514875], [55.417874109985476, -20.920921185430675], [55.41807817611455, -20.921355764160673], [55.41828041548282, -20.921781292616878]]]}";9741113;97411;974;4;974111301;St-Bernard;Saint-Denis;LA REUNION;St-Bernard;LA REUNION;;4;;;;;;Iris d'habitat;24040;165.101105136;82.550552568;;145.457068631;;72.728534315;165.101105136;82;82.550552568;112.021905831;;112.021905831;101.053958010;;101.053958010;112.021905831;112;112.021905831;1131.852239365;288.223762716;1450.581895029;328.644263845;81.172977879;76.523075379;81.172977879;83.928127257;68.933993252;83.928127257;113.236334226;125.904529849;113.236334226;85.519911416;80.115927976;85.519911416;112.847832757;109.634471079;112.847832757;112.021905831;101.053958010;112.021905831;85.519911416;;85.519911416;80.115927976;;80.115927976;85.519911416;85;85.519911416;226.084166983;;113.042083492;235.539000928;;117.769500464;226.084166983;113;113.042083492;12424;;;277.123010967;;92.374336989;246.511026641;;82.170342214;277.123010967;92;92.374336989;311.604078399;;103.868026133;315.654928904;;105.218309635;311.604078399;103;103.868026133;Polygon;15972.083333333;1;2799.806784959;1471.049529617;21.352020839;695.583807552;480.821259623;0.254647871;0.226560296;0.525411088;0.173408997;0.119868708;15972.083333333;12424;588.727089366;;562.165955545;;588.727089366;98;0.313710150;0.332772656;0.313710150;0.269945611;0.328662661;0.269945611;0.463995141;0.417309122;0.463995141;0.202770319;0.216447592;0.202770319;0.106221542;0.109334871;0.106221542;14258;15805.5;14258
Saint-Denis;LA REUNION;CA Intercommunale du Nord de la Réunion (Cinor);LA REUNION;1097.215701434;88.062951911;84.045195528;88.062951911;Non;974110401;97411;69;249740119;-20.9089215152, 55.4614167823;"{""type"": ""Polygon"", ""coordinates"": [[[55.46497705311466, -20.90393495604823], [55.46506241558972, -20.90404863944505], [55.46510678500036, -20.904128531254635], [55.46513289093147, -20.904208258978844], [55.465228173018055, -20.904669814129473], [55.46523868785989, -20.904770178406846], [55.46524796186723, -20.90593736619049], [55.464489084685695, -20.906824844888853], [55.463574990961995, -20.91011378348193], [55.46253581614979, -20.912559684337065], [55.46236806281307, -20.913360331157158], [55.46269143091121, -20.91424602145613], [55.461682260688015, -20.91697379679509], [55.461665678642746, -20.916997133977453], [55.46165785906018, -20.917009710144313], [55.461173206006194, -20.91626642004738], [55.46058625426623, -20.914808576568056], [55.45802300761168, -20.912475640647877], [55.4576685682856, -20.912163501896398], [55.45728471925464, -20.91200104935943], [55.45705247665915, -20.911961011663667], [55.45704114458182, -20.911941036065976], [55.457013849623294, -20.911883879794377], [55.45699418949338, -20.911832212464187], [55.456945441255606, -20.91161677990323], [55.4569330462221, -20.911512785156837], [55.45692004114224, -20.91137445841878], [55.45691667664139, -20.911327454945486], [55.4569602942779, -20.910822888404837], [55.45714267723413, -20.910474044490677], [55.457826656091086, -20.909772011619175], [55.45815357858133, -20.909578037247726], [55.45824699713656, -20.909561717225213], [55.458440803129044, -20.909505653361524], [55.458494883457895, -20.909481751538028], [55.45861569749376, -20.90941870542436], [55.458738470892, -20.909352063582215], [55.458774259342306, -20.909330706601327], [55.45882944851252, -20.90929236140281], [55.459032819055864, -20.909146953532357], [55.459099663265704, -20.909096970100826], [55.45913564540113, -20.909056644868926], [55.45916207022519, -20.909010813440545], [55.45956971374648, -20.90816084371792], [55.45977882322901, -20.907641508096717], [55.459889785920204, -20.907319116505793], [55.45991159758333, -20.90725427340888], [55.45994851051248, -20.907122720047045], [55.46020502496424, -20.90426644461135], [55.460314864188945, -20.902687961582952], [55.4601813342569, -20.902584681896915], [55.46074956326641, -20.902481402338626], [55.46312475510695, -20.902974322653186], [55.46441050212321, -20.903684158655956], [55.46497705311466, -20.90393495604823]]]}";9741104;97411;974;4;974110401;St-Francois Bas;Saint-Denis;LA REUNION;St-Francois Bas;LA REUNION;;4;;;;;;Iris d'habitat;24040;114.915548696;57.457774348;;100.456669812;;50.228334906;114.915548696;57;57.457774348;112.021905831;;112.021905831;101.053958010;;101.053958010;112.021905831;112;112.021905831;319.870607640;50.196203788;402.774773450;70.556125867;50.022796601;47.157297108;50.022796601;64.892752095;53.299372704;64.892752095;85.048206177;94.562884664;85.048206177;58.551418591;54.851567981;58.551418591;157.840632174;153.346092702;157.840632174;112.021905831;101.053958010;112.021905831;58.551418591;;58.551418591;54.851567981;;54.851567981;58.551418591;58;58.551418591;242.888838350;;121.444419175;247.908977365;;123.954488683;242.888838350;121;121.444419175;22806;;;226.937454527;;75.645818176;201.510627822;;67.170209274;226.937454527;75;75.645818176;301.440256942;;100.480085647;302.760545347;;100.920181782;301.440256942;100;100.480085647;Polygon;15972.083333333;1;780.670191953;308.067715022;20.112070899;130.266822337;183.960011090;0.156926590;0.175175136;0.394619544;0.118724898;0.167660753;15972.083333333;22806;528.377711468;;504.271173169;;528.377711468;88;0.313710150;0.332772656;0.313710150;0.269945611;0.328662661;0.269945611;0.463995141;0.417309122;0.463995141;0.202770319;0.216447592;0.202770319;0.106221542;0.109334871;0.106221542;14258;15805.5;14258
Saint-Denis;LA REUNION;CA Intercommunale du Nord de la Réunion (Cinor);LA REUNION;1992.582876635;96.341596694;92.009231247;96.341596694;Non;974110402;97411;69;249740119;-20.9244186007, 55.4547075886;"{""type"": ""Polygon"", ""coordinates"": [[[55.44823683721013, -20.9186732469649], [55.44824332110449, -20.918603749871526], [55.4488250500756, -20.917460045884557], [55.448961461285506, -20.91616163555744], [55.448948655882326, -20.914712309584907], [55.44844390096384, -20.913406935861744], [55.449438673477346, -20.91221635357104], [55.45087915913056, -20.910965671390386], [55.45164764476338, -20.91065015195455], [55.452443009756294, -20.91052547442328], [55.4548285783106, -20.911046612247713], [55.45558450564685, -20.91125263298091], [55.4563707977234, -20.911779606411802], [55.45705247665915, -20.911961011663667], [55.45728471925464, -20.91200104935943], [55.4576685682856, -20.912163501896398], [55.45802300761168, -20.912475640647877], [55.46058625426623, -20.914808576568056], [55.461173206006194, -20.91626642004738], [55.46165785906018, -20.917009710144313], [55.461665678642746, -20.916997133977453], [55.46240820967933, -20.91715377427759], [55.46316227832352, -20.917310515263466], [55.46466592713729, -20.917404437866523], [55.46517043733495, -20.91742703988994], [55.465283687867036, -20.917068532247846], [55.465295646690016, -20.917027086523976], [55.465310599806, -20.91697482774319], [55.4653139435191, -20.916929691268187], [55.46530964265276, -20.916879969436504], [55.46522255486377, -20.9160851591935], [55.46519564646964, -20.915895217931702], [55.46518473600127, -20.91583369339292], [55.465171976479375, -20.9157649255901], [55.46516094648621, -20.915715143273378], [55.46512140323739, -20.915538638400562], [55.46510559430941, -20.915486103136466], [55.46506636877094, -20.915372834250466], [55.465038246779244, -20.915302121697295], [55.465446712957544, -20.91418114580838], [55.466550274734765, -20.912963431157262], [55.46763420811033, -20.91192529518231], [55.46903603746047, -20.91082225119893], [55.46922275051472, -20.91051769499101], [55.46922441350346, -20.91073270300036], [55.46922543753472, -20.91082123874931], [55.46923233011542, -20.9108998904368], [55.46982545102925, -20.912467518562888], [55.46976029284314, -20.91467242048473], [55.469773375280795, -20.91470957432647], [55.46989118165151, -20.915037636117724], [55.46993390773503, -20.915185262070555], [55.46994634859555, -20.915285643403777], [55.46994943301655, -20.915360647606686], [55.470005959257236, -20.917464111070657], [55.46997284755378, -20.91921085819691], [55.46874215139226, -20.922151912281446], [55.46867621948874, -20.92220642412134], [55.468250374089145, -20.92295598198097], [55.46745631246681, -20.924270428276557], [55.46670247447716, -20.92540998521225], [55.46632559243644, -20.925975697499116], [55.46438618634129, -20.92891305171069], [55.46290807976978, -20.930615845276254], [55.461215848012905, -20.9325222004376], [55.46115018561308, -20.932549611522518], [55.46100229516865, -20.932625964086835], [55.46091040677241, -20.932679335065664], [55.46085613359902, -20.932721301985556], [55.460808618012436, -20.932760619851933], [55.46075720134733, -20.93280532248289], [55.460715389608886, -20.932851015058613], [55.46071440049922, -20.93285371611955], [55.46000536707014, -20.932328809446716], [55.45754311014186, -20.930482756398874], [55.455781260299155, -20.92916151810918], [55.45479388698838, -20.929675915572314], [55.45391561598355, -20.930696542085748], [55.45318123625772, -20.93254983447459], [55.452349429042776, -20.93415111452178], [55.451468208747585, -20.936161146757723], [55.4511941648472, -20.93676975830708], [55.450590355479626, -20.937841490147505], [55.450386666130896, -20.938200066500098], [55.4499418638634, -20.938722663737625], [55.4487662337738, -20.939296880770527], [55.44771915423223, -20.939874190330936], [55.44686650001301, -20.9405284408095], [55.446017771369554, -20.941475523504455], [55.444830660223474, -20.942692319931776], [55.44475974479938, -20.942762132496412], [55.44468521669029, -20.942809329054505], [55.44462823771269, -20.94283319922878], [55.44454826730103, -20.94284872985398], [55.44446163187702, -20.942857876415868], [55.44434134481285, -20.94286671605628], [55.44422022694239, -20.942862901536532], [55.44412317396457, -20.94285659645533], [55.44379977311613, -20.942794027345343], [55.44363691539131, -20.942735180714106], [55.4435301501068, -20.942645229494335], [55.443551153451644, -20.942566832195233], [55.4435751532423, -20.94247762237737], [55.44359402816338, -20.94241907871413], [55.444220261843576, -20.940812362386115], [55.44445999994153, -20.940223776163737], [55.44470069747985, -20.93963519821261], [55.44447905108177, -20.938406671753857], [55.44328872904403, -20.937722635939515], [55.44044663822978, -20.93751782449316], [55.439725961322466, -20.93747239301844], [55.439727222229294, -20.937443498298], [55.44012977888767, -20.9369178331765], [55.440618230177435, -20.936106480219518], [55.44108185285156, -20.935230097630928], [55.441738851960096, -20.933622766725065], [55.442617788708645, -20.932262709575294], [55.443133500310644, -20.931670770849447], [55.443342801175895, -20.9307232885151], [55.44316678414882, -20.929729383612315], [55.44300560489383, -20.929021063723187], [55.44273012852922, -20.927859588173284], [55.44268116962609, -20.92724759232446], [55.443488892957696, -20.92542369888155], [55.44425486425804, -20.92349779586826], [55.4457708888393, -20.921276781651695], [55.44799587281427, -20.919199501940124], [55.44806403977884, -20.9191152089999], [55.44817184060264, -20.9189165539848], [55.44822932689639, -20.918749058003378], [55.44823683721013, -20.9186732469649]]]}";9741104;97411;974;4;974110402;St-Francois Hauts;Saint-Denis;LA REUNION;St-Francois Hauts;LA REUNION;;4;;;;;;Iris d'habitat;24040;156.477669678;78.238834839;;138.416641177;;69.208320588;156.477669678;78;78.238834839;112.021905831;;112.021905831;101.053958010;;101.053958010;112.021905831;112;112.021905831;569.224634660;145.575563318;682.248267505;138.045318516;81.522262051;76.852351201;81.522262051;74.955407627;61.564289976;74.955407627;105.728943579;117.557257780;105.728943579;86.122000946;80.679971608;86.122000946;117.699060131;114.347558910;117.699060131;112.021905831;101.053958010;112.021905831;86.122000946;;86.122000946;80.679971608;;80.679971608;86.122000946;86;86.122000946;223.428003710;;111.714001855;231.904816689;;115.952408345;223.428003710;111;111.714001855;16010;;;268.499575509;;89.499858503;239.470599187;;79.823533062;268.499575509;89;89.499858503;309.550004656;;103.183334885;312.584788297;;104.194929432;309.550004656;103;103.183334885;Polygon;15972.083333333;1;1381.229501514;677.599646718;13.508518560;347.964460424;249.116211319;0.255743611;0.202338833;0.490577160;0.174629856;0.125021757;15972.083333333;16010;578.049580165;;552.055387485;;578.049580165;96;0.313710150;0.332772656;0.313710150;0.269945611;0.328662661;0.269945611;0.463995141;0.417309122;0.463995141;0.202770319;0.216447592;0.202770319;0.106221542;0.109334871;0.106221542;14258;15805.5;14258
Saint-Denis;LA REUNION;CA Intercommunale du Nord de la Réunion (Cinor);LA REUNION;2148.610022672;112.219824608;105.186998845;112.219824608;Non;974110110;97411;69;249740119;-20.8855214919, 55.4576282721;"{""type"": ""Polygon"", ""coordinates"": [[[55.45420089763468, -20.8856068067764], [55.45481334964478, -20.88559066313057], [55.45687382504896, -20.884213626388807], [55.457153237679925, -20.88348986965467], [55.4571828089666, -20.88341786998551], [55.45743693826462, -20.883475266040886], [55.45893839399584, -20.883326656983243], [55.46003752722058, -20.88351406448106], [55.46024612698476, -20.883606276311895], [55.4606058358925, -20.883773018343785], [55.460964944160324, -20.88484760324072], [55.46109279059938, -20.88484694733486], [55.461086204680655, -20.884927284633008], [55.46107125408353, -20.884979543338925], [55.46086301442839, -20.885417591657554], [55.46074815148812, -20.88565323061417], [55.46059012411372, -20.885974297365404], [55.46057146686616, -20.886012972651322], [55.46034324647518, -20.886524913437643], [55.460242217995464, -20.886534843558024], [55.45997948126126, -20.886566803679568], [55.4599660071079, -20.88656848896953], [55.459027946498686, -20.886748832697627], [55.45861862046499, -20.886828249240217], [55.458350042521985, -20.88686738079468], [55.45799970429489, -20.886912097815667], [55.45562053547451, -20.887398293882335], [55.45373147470689, -20.887800363321713], [55.4536505641509, -20.887816794742733], [55.45366187662525, -20.887744630693874], [55.45379552311088, -20.887365537687483], [55.45391626731166, -20.887026074356392], [55.45420194092387, -20.88578657888806], [55.45420089763468, -20.8856068067764]]]}";9741101;97411;974;4;974110110;St-Jacques-Decaen;Saint-Denis;LA REUNION;St-Jacques-Decaen;LA REUNION;;4;;;;;;Iris d'habitat;24040;228.168632812;114.084316406;;198.094856573;;99.047428286;228.168632812;114;114.084316406;112.021905831;;112.021905831;101.053958010;;101.053958010;112.021905831;112;112.021905831;589.244834693;162.806231171;987.848146179;373.584302584;88.073786519;83.028578978;88.073786519;140.094846293;115.066277595;140.094846293;78.563315100;87.352503228;78.563315100;77.651296392;72.744528918;77.651296392;176.913797513;171.876146339;176.913797513;112.021905831;101.053958010;112.021905831;77.651296392;;77.651296392;72.744528918;;72.744528918;77.651296392;77;77.651296392;255.477112613;;127.738556306;259.228649566;;129.614324783;255.477112613;127;127.738556306;20045;;;340.190538643;;113.396846214;299.148814583;;99.716271528;340.190538643;113;113.396846214;333.128409005;;111.042803002;331.973178484;;110.657726161;333.128409005;111;111.042803002;Polygon;15972.083333333;1;1574.540057369;573.967030979;208.125327085;338.306772357;403.768006581;0.276296408;0.378179889;0.364529964;0.157453781;0.187920564;15972.083333333;20045;673.318947648;;631.121993067;;673.318947648;112;0.313710150;0.332772656;0.313710150;0.269945611;0.328662661;0.269945611;0.463995141;0.417309122;0.463995141;0.202770319;0.216447592;0.202770319;0.106221542;0.109334871;0.106221542;14258;15805.5;14258
Saint-Denis;LA REUNION;CA Intercommunale du Nord de la Réunion (Cinor);LA REUNION;2018.871045776;126.052645816;118.902176628;126.052645816;Non;974110108;97411;69;249740119;-20.8867733936, 55.4630408804;"{""type"": ""Polygon"", ""coordinates"": [[[55.46034324647518, -20.886524913437643], [55.46057146686616, -20.886012972651322], [55.46059012411372, -20.885974297365404], [55.46074815148812, -20.88565323061417], [55.46086301442839, -20.885417591657554], [55.46107125408353, -20.884979543338925], [55.461086204680655, -20.884927284633008], [55.46109279059938, -20.88484694733486], [55.46124159745171, -20.884864546622648], [55.4624720160014, -20.88504544235065], [55.462527613524436, -20.885060395639055], [55.46258509650564, -20.88507897919523], [55.4628130787682, -20.885156005703188], [55.4637477647299, -20.885495026616162], [55.464683449862115, -20.885925288266673], [55.464788512031646, -20.885991271706544], [55.4650083672501, -20.886111582437476], [55.46486412824381, -20.886589957383837], [55.46476272254398, -20.887204216774727], [55.4644101527437, -20.889453059569046], [55.46434852420624, -20.88984184242809], [55.464299689508685, -20.88982333706116], [55.46333641979742, -20.888832134237585], [55.46275602801514, -20.887644174354673], [55.46274672888467, -20.887235784403426], [55.46220393988273, -20.887017716385376], [55.46159190548444, -20.886803540291748], [55.46056104392625, -20.886563911329517], [55.46034324647518, -20.886524913437643]]]}";9741101;97411;974;4;974110108;Vauban-Bouvet;Saint-Denis;LA REUNION;Vauban-Bouvet;LA REUNION;;4;;;;;;Iris d'habitat;24040;288.737872135;144.368936067;;254.272994799;;127.136497400;288.737872135;144;144.368936067;112.021905831;;112.021905831;101.053958010;;101.053958010;112.021905831;112;112.021905831;486.188718996;215.134130479;854.401880816;340.628238171;141.050901874;132.970960022;141.050901874;147.686970261;121.302034777;147.686970261;111.491807183;123.964835680;111.491807183;86.224406457;80.775906139;86.224406457;157.839883287;153.345365140;157.839883287;112.021905831;101.053958010;112.021905831;86.224406457;;86.224406457;80.775906139;;80.775906139;86.224406457;86;86.224406457;269.331690470;;134.665845235;277.310200820;;138.655100410;269.331690470;134;134.665845235;8854;;;400.759777966;;133.586592655;355.326952810;;118.442317603;400.759777966;133;133.586592655;355.556096928;;118.518698976;358.086106960;;119.362035653;355.556096928;118;118.518698976;Polygon;15972.083333333;1;1313.235310857;679.358383316;167.775217564;352.974374110;338.483834482;0.442490996;0.398674495;0.517316567;0.174837504;0.167659958;15972.083333333;8854;756.315874893;;713.413059769;;756.315874893;126;0.313710150;0.332772656;0.313710150;0.269945611;0.328662661;0.269945611;0.463995141;0.417309122;0.463995141;0.202770319;0.216447592;0.202770319;0.106221542;0.109334871;0.106221542;14258;15805.5;14258
Saint-Denis;LA REUNION;CA Intercommunale du Nord de la Réunion (Cinor);LA REUNION;2355.641514137;125.090546691;116.977550317;125.090546691;Non;974110604;97411;69;249740119;-20.8950911251, 55.4830124845;"{""type"": ""Polygon"", ""coordinates"": [[[55.482002109861135, -20.89199409160726], [55.482306162945136, -20.892155779129823], [55.48296425205868, -20.89247959626984], [55.48323117547527, -20.89260572249225], [55.483641694633874, -20.892790935964754], [55.48379579035968, -20.89285734334684], [55.4840149739601, -20.89295142806154], [55.48423798441096, -20.893047353122903], [55.484644724905294, -20.893226207420085], [55.48474332723803, -20.893649844206895], [55.484665451034274, -20.89570324356813], [55.484424543561396, -20.89648621125812], [55.48424537712246, -20.89709708575163], [55.48404376500898, -20.897836938206243], [55.48392117529329, -20.89779158710419], [55.48359554532575, -20.897671263966973], [55.483223832600586, -20.89754511119901], [55.48239170578758, -20.897299487987645], [55.481545541493, -20.897055503196867], [55.48119462866863, -20.896964309475393], [55.48099426536089, -20.896910135098963], [55.48081217407312, -20.896855219587327], [55.48083292297636, -20.896799397115483], [55.480985056848645, -20.89639244088988], [55.481019625993156, -20.89630060772405], [55.481053033897176, -20.896228637652477], [55.48107367352147, -20.89618365421743], [55.48178093330673, -20.89429654258117], [55.48194022150754, -20.89260419858317], [55.48195203888008, -20.892480546210237], [55.482002109861135, -20.89199409160726]]]}";9741106;97411;974;4;974110604;l'Ecole d'Application Bossard;Saint-Denis;LA REUNION;l'Ecole d'Application Bossard;LA REUNION;;4;;;;;;Iris d'habitat;24040;304.032206215;152.016103108;;265.893640025;;132.946820013;304.032206215;152;152.016103108;112.021905831;;112.021905831;101.053958010;;101.053958010;112.021905831;112;112.021905831;570.604148934;238.604543214;1105.284377696;509.421671603;133.295415605;125.659738038;133.295415605;170.736790610;140.233901987;170.736790610;106.504588784;118.419677476;106.504588784;143.877593054;134.786001198;143.877593054;84.106986263;81.712025191;84.106986263;112.021905831;101.053958010;112.021905831;143.877593054;;143.877593054;134.786001198;;134.786001198;143.877593054;143;143.877593054;190.611575047;;95.305787524;200.131702667;;100.065851334;190.611575047;95;95.305787524;;;;416.054112046;;138.684704015;366.947598035;;122.315866012;416.054112046;138;138.684704015;334.489168101;;111.496389367;334.917703865;;111.639234622;334.489168101;111;111.496389367;Polygon;15972.083333333;1;1531.496142087;756.828815878;218.173372281;687.237338178;210.452395019;0.418161248;0.460896473;0.494176116;0.291741054;0.089339738;15972.083333333;15972.083333333;750.543280147;;701.865301900;;750.543280147;125;0.313710150;0.332772656;0.313710150;0.269945611;0.328662661;0.269945611;0.463995141;0.417309122;0.463995141;0.202770319;0.216447592;0.202770319;0.106221542;0.109334871;0.106221542;14258;15805.5;14258
Saint-Denis;LA REUNION;CA Intercommunale du Nord de la Réunion (Cinor);LA REUNION;2508.954208817;112.309266698;105.353554717;112.309266698;Non;974110805;97411;69;249740119;-20.9063928692, 55.4887711724;"{""type"": ""Polygon"", ""coordinates"": [[[55.485813856953484, -20.90986974019589], [55.485809848602585, -20.909790210948206], [55.48578933523951, -20.909631041671545], [55.485754992142354, -20.909508786638092], [55.48568588882114, -20.90940158018339], [55.48565841982211, -20.909360686465405], [55.484927916494236, -20.90829459378964], [55.48491181076563, -20.90827096416544], [55.48512179619297, -20.907847354467716], [55.48604291908099, -20.904480649418684], [55.486297414119264, -20.902877672058676], [55.486303380933045, -20.902857851474213], [55.48631131553596, -20.90283353163024], [55.48633482026717, -20.90279037961666], [55.48636791924323, -20.902749119271775], [55.48650959206793, -20.90261758352117], [55.48658133072925, -20.902557695289122], [55.48668238663251, -20.902450189742073], [55.486711042529535, -20.902468510320237], [55.48817307045202, -20.902962481176502], [55.489307478987534, -20.90329410407034], [55.490332830706436, -20.90357281403893], [55.49099148973802, -20.90375026730907], [55.49158389660755, -20.90391990647537], [55.491713294846875, -20.903958085810004], [55.49177643020953, -20.903989356728708], [55.49328933156422, -20.904783191789864], [55.493406925361235, -20.904848366007663], [55.49360424545649, -20.90501632063002], [55.49385774807276, -20.905238067454896], [55.493300144158056, -20.90572185787956], [55.492327472910375, -20.906662687100397], [55.49091072657059, -20.908363812802307], [55.49024290259806, -20.909580129565427], [55.49025772532731, -20.909732021542357], [55.49026706971515, -20.90985495824629], [55.490256001042674, -20.91000029800059], [55.49024803043662, -20.910028231060416], [55.489592267978104, -20.909942939835705], [55.48679302834727, -20.909820152160894], [55.48596571254431, -20.909873796297344], [55.485813856953484, -20.90986974019589]]]}";9741108;97411;974;4;974110805;L'Église-Moulin à Vent;Saint-Denis;LA REUNION;l'Eglise-Moulin à Vent;LA REUNION;;4;;;;;;Iris d'habitat;24040;232.412235012;116.206117506;;201.876265006;;100.938132503;232.412235012;116;116.206117506;112.021905831;;112.021905831;101.053958010;;101.053958010;112.021905831;112;112.021905831;692.868021874;196.736949364;1172.486596950;449.124593433;90.512142408;85.327256400;90.512142408;141.900092604;116.549008606;141.900092604;87.172104248;96.924391594;87.172104248;88.854525729;83.239828782;88.854525729;153.394829371;149.026884908;153.394829371;112.021905831;101.053958010;112.021905831;88.854525729;;88.854525729;83.239828782;;83.239828782;88.854525729;88;88.854525729;240.566933619;;120.283466809;245.951276502;;122.975638251;240.566933619;120;120.283466809;17282;;;344.434140842;;114.811380281;302.930223016;;100.976741005;344.434140842;114;114.811380281;329.421459348;;109.807153116;329.191105284;;109.730368428;329.421459348;109;109.807153116;Polygon;15972.083333333;1;1819.667388390;736.008743485;88.436138002;452.039797761;408.804866687;0.283945778;0.383053073;0.404474328;0.180170605;0.162938353;15972.083333333;17282;673.855600190;;632.121328300;;673.855600190;112;0.313710150;0.332772656;0.313710150;0.269945611;0.328662661;0.269945611;0.463995141;0.417309122;0.463995141;0.202770319;0.216447592;0.202770319;0.106221542;0.109334871;0.106221542;14258;15805.5;14258
Saint-Joseph;LA REUNION;CA du Sud;LA REUNION;3865.107900852;124.330476616;123.630481484;124.330476616;Non;974120101;97412;69;249740085;-21.378542126, 55.6233165684;"{""type"": ""Polygon"", ""coordinates"": [[[55.617647340000936, -21.372586006663326], [55.6177371582835, -21.372572293209576], [55.61879713194644, -21.37189403739809], [55.61968620413772, -21.37164796789276], [55.61993591239152, -21.37175842128755], [55.6199349311347, -21.371760219880997], [55.619415041769926, -21.372848522850283], [55.61904398592015, -21.3736968592482], [55.61924474451559, -21.37378252101634], [55.61940900250078, -21.373852525632937], [55.61952528086981, -21.3738968421276], [55.61977335193643, -21.37397656918014], [55.62026491025824, -21.374110691255968], [55.62118816452618, -21.374283589534578], [55.624788883131174, -21.374637433372428], [55.62735688176424, -21.374767762731008], [55.62844253170774, -21.374902203291455], [55.630238649424285, -21.375277756447122], [55.63053045904956, -21.376980664294443], [55.63094231331992, -21.3789465179942], [55.631742682812316, -21.3803231405185], [55.632812019870975, -21.381580981620104], [55.632713527837105, -21.382527776165183], [55.632566972572455, -21.382522968260268], [55.62985141964306, -21.382531523992043], [55.62765748217173, -21.382557853694486], [55.627101508416146, -21.382604794453623], [55.62581837239852, -21.382749661399803], [55.62400110471336, -21.383132230784703], [55.6227145847195, -21.38358643670924], [55.62162449543897, -21.3842287843534], [55.61931309427681, -21.385310482624874], [55.6192793059151, -21.385313817817764], [55.619258597397554, -21.385259447565634], [55.618525326607816, -21.38139507067991], [55.61651224324138, -21.378434747872145], [55.61640630230604, -21.378316441400052], [55.61628143936213, -21.378159135638345], [55.616104351930474, -21.37791467939657], [55.61601405380787, -21.377773918483804], [55.61594289869661, -21.377648672044575], [55.615886277059474, -21.37751631883403], [55.61569535326809, -21.376794790019638], [55.615676333487784, -21.376663650299534], [55.61537669768221, -21.37437575379689], [55.61540298057795, -21.37393966235008], [55.615406111444905, -21.373914394946823], [55.61543903036728, -21.37379813700498], [55.615542621484884, -21.373550575955896], [55.6155995551179, -21.37344445272133], [55.61563781811482, -21.373375211969332], [55.61581439582644, -21.373057793050027], [55.615883704017385, -21.372968935036525], [55.61596929535559, -21.37289195457586], [55.61603912619696, -21.37285007396739], [55.6162977568436, -21.37272935377707], [55.61638956337246, -21.372709334137138], [55.61665803733106, -21.37266999425245], [55.616801858157245, -21.372656726452995], [55.61764541134285, -21.372585990776365], [55.617647340000936, -21.372586006663326]]]}";9741201;97412;974;4;974120101;Centre Ville;Saint-Joseph;LA REUNION;Centre Ville;LA REUNION;;4;;;;;;Iris d'habitat;8510;269.938624092;134.969312046;;286.092066767;;143.046033384;269.938624092;134;134.969312046;88.437680211;;88.437680211;94.247698368;;94.247698368;88.437680211;88;88.437680211;1009.149992631;422.034835175;1666.391245271;614.601609517;133.310392681;150.513230339;133.310392681;136.628231411;135.578836428;136.628231411;132.094858629;122.512821553;132.094858629;83.129100633;85.965170991;83.129100633;172.382596130;152.965131225;172.382596130;88.437680211;94.247698368;88.437680211;83.129100633;;83.129100633;85.965170991;;85.965170991;83.129100633;83;83.129100633;304.477454760;;152.238727380;275.477952778;;137.738976389;304.477454760;152;152.238727380;8097;;;358.376304302;;119.458768101;380.339765135;;126.779921712;358.376304302;119;119.458768101;387.606555392;;129.202185131;361.443123769;;120.481041256;387.606555392;129;129.202185131;Polygon;12609.444444444;1;2737.058163826;1677.580514761;33.586977938;651.507002879;707.730058261;0.418208233;0.368821915;0.612913725;0.168561142;0.183107452;12609.444444444;8097;745.982859694;;741.782888903;;745.982859694;124;0.313710150;0.277854799;0.313710150;0.269945611;0.272035020;0.269945611;0.463995141;0.500285372;0.463995141;0.202770319;0.196080739;0.202770319;0.106221542;0.119705354;0.106221542;14258;13379.047619048;14258
Saint-Joseph;LA REUNION;CA du Sud;LA REUNION;3717.203833757;87.721291134;87.631116142;87.721291134;Non;974120401;97412;69;249740085;-21.3159571501, 55.6339050447;"{""type"": ""Polygon"", ""coordinates"": [[[55.62468128788859, -21.36085801177489], [55.62463231874956, -21.360732047227643], [55.624555265379456, -21.360515519213145], [55.62449713175014, -21.360235009472493], [55.624477427779254, -21.360073151290955], [55.62445828600496, -21.35974779428705], [55.62466042089952, -21.359684410162576], [55.62511352962937, -21.359594174458074], [55.62678985709253, -21.35769553380733], [55.62785758487712, -21.355391724603656], [55.628021110180526, -21.355020886567033], [55.628040018970154, -21.354957807578547], [55.62809724975545, -21.354714374591666], [55.62810727307994, -21.354569922815198], [55.62883229963625, -21.351836027001877], [55.629151429332765, -21.35085580256973], [55.62937326410009, -21.350124104084856], [55.629393877310186, -21.348218232705374], [55.62904757783305, -21.346366277023293], [55.62827307966896, -21.344601835955785], [55.62704678926211, -21.341292156823233], [55.626827470455346, -21.33960541614657], [55.626661834971394, -21.33821134325896], [55.62655621816615, -21.337128282691232], [55.626567110524235, -21.336631536502033], [55.62661540357229, -21.33605289229299], [55.62676075531663, -21.33545697442215], [55.62678947067603, -21.335375908741113], [55.6268179421654, -21.335321037832816], [55.62685701020012, -21.33526715683894], [55.62695305189856, -21.335203804628772], [55.627029643622215, -21.335158360198882], [55.62708862112162, -21.3351407752832], [55.62915530256644, -21.333511071987928], [55.63064955647851, -21.331785923482165], [55.63100721467869, -21.330854784961737], [55.63109327521399, -21.330619714502788], [55.63069772269627, -21.327335679289227], [55.630336088177074, -21.32483940489317], [55.63029735069268, -21.324026987483634], [55.63048132513203, -21.3232136742639], [55.63045311115874, -21.320955096096974], [55.63028078808204, -21.319889558542457], [55.630560324192, -21.31761975079785], [55.63103621964935, -21.31670872731145], [55.63183707058513, -21.31569718003167], [55.63204011864721, -21.315424216256595], [55.63240684959038, -21.31444436424172], [55.63266816424084, -21.313604575306716], [55.63279339925949, -21.313093399099376], [55.632997277084435, -21.312001110278334], [55.632958870262435, -21.309588877186012], [55.6328974949862, -21.309137611085873], [55.63226202052823, -21.30733750639754], [55.632172888179106, -21.307125399847894], [55.63206181727847, -21.306940215112302], [55.631934201342865, -21.306772059255245], [55.63183762492452, -21.30668726313904], [55.63110516801908, -21.30614923696678], [55.62841816742311, -21.30411651644256], [55.62699673499363, -21.303035368090978], [55.62685685554837, -21.301127726781107], [55.62687036138139, -21.300867223267492], [55.62687391863507, -21.300588120081617], [55.62685737744939, -21.30029349609335], [55.62684784926204, -21.300177790753157], [55.626749203963065, -21.29990146690588], [55.62626393285764, -21.29869773341], [55.625435782682, -21.2968510032462], [55.62499357498939, -21.29610123177605], [55.62460171790959, -21.29563822966045], [55.62437137445043, -21.295371142434483], [55.62193113716437, -21.29321801731342], [55.62042664757473, -21.29186062053018], [55.62035462038098, -21.291419200484103], [55.62068753242248, -21.290449031786803], [55.6209212556709, -21.289778861799725], [55.621073304857724, -21.289494651897996], [55.62248281629453, -21.28813830816817], [55.62424395939321, -21.286849413828968], [55.62567689689064, -21.285637089016653], [55.62588796399915, -21.285431043129908], [55.62592307068089, -21.28538706589347], [55.6261200174589, -21.285040886452617], [55.62617002506814, -21.284949153622005], [55.62625795587995, -21.284717712187618], [55.62631546462516, -21.284544739724133], [55.62662957336362, -21.283517492054624], [55.62665500972545, -21.283269280416423], [55.62658645459915, -21.28131027520192], [55.62654173222072, -21.280158148856575], [55.62654162144718, -21.27978077662296], [55.62655245302382, -21.27905525504896], [55.626592192591694, -21.278927304482224], [55.62671816479351, -21.27864648883187], [55.62674937270811, -21.278606996226515], [55.629175257706, -21.276108237787813], [55.629803393805346, -21.275531164107054], [55.63065312918537, -21.275127484305877], [55.63430904470986, -21.275169813175328], [55.63664155668821, -21.27517606232784], [55.63870320836817, -21.27518686539519], [55.64116340681199, -21.275194987156663], [55.643283574320755, -21.275209819591662], [55.644305824054655, -21.27524424756511], [55.6446632259678, -21.275261577378025], [55.645132959673134, -21.27532588080404], [55.645523926311654, -21.275361545752915], [55.64553837362539, -21.27536256527876], [55.64558394728229, -21.277754094296526], [55.64494042366003, -21.280142789405218], [55.64368157364103, -21.28173248330003], [55.64297250026643, -21.283591278459536], [55.642923828224866, -21.283853760081705], [55.64190452138355, -21.286641398489802], [55.641568271798214, -21.287361362595146], [55.64123100933056, -21.288086286048678], [55.640996677281514, -21.28872802841121], [55.64087820254994, -21.289453361827366], [55.64071841072032, -21.29157990174801], [55.64086963868419, -21.294159721699057], [55.641057137668525, -21.29588752797626], [55.641094855343574, -21.296503010405832], [55.64108963142541, -21.29696638414056], [55.6410804097848, -21.297235506437627], [55.64104415287074, -21.29803377044021], [55.64100267531445, -21.298351412832577], [55.6408199837081, -21.298406848137027], [55.6402712599469, -21.29864360844352], [55.64016732112654, -21.298835180960758], [55.63992573252797, -21.29921534326983], [55.639771314130485, -21.299550139232505], [55.6395592212082, -21.29986730521394], [55.63908774589292, -21.300402789283886], [55.638682102801, -21.30080239952904], [55.63853731305439, -21.300928599592574], [55.63820871025303, -21.300813022642377], [55.63770713012758, -21.300535249638443], [55.637243519800194, -21.300112344416828], [55.63669722830988, -21.299509454548954], [55.63606513262717, -21.29906530773575], [55.63536515884422, -21.298769659895026], [55.634491492351124, -21.298442337995052], [55.634095687232595, -21.29850687662041], [55.632745663519145, -21.298981008568333], [55.632312382504665, -21.29934514800842], [55.632128727974624, -21.299608334514275], [55.631965115455365, -21.299997248254552], [55.631829330795796, -21.3005038224861], [55.63176268427621, -21.30103896232002], [55.63178138885984, -21.30172565417913], [55.6318002397972, -21.302188318435906], [55.63189692659948, -21.302885581060888], [55.63206026205442, -21.303464144395683], [55.63235917350465, -21.304496383858833], [55.63256081214469, -21.304894589792028], [55.63286076915222, -21.305293594472484], [55.63331300159223, -21.305800430063126], [55.633927627326194, -21.308969828095822], [55.63382217706188, -21.309323081632584], [55.63364836442075, -21.31029276201265], [55.63351884560178, -21.311319712347153], [55.63351387597313, -21.31180476622905], [55.633542385225354, -21.312474373670764], [55.63370648860412, -21.313596753161683], [55.633970555487096, -21.316991846907897], [55.63460100468862, -21.320071035745578], [55.635198446149296, -21.321039750633908], [55.63640013669001, -21.323516680369693], [55.63705285301831, -21.32558007938111], [55.63773184069753, -21.327014216410706], [55.63789654587398, -21.32744915466596], [55.638098657538634, -21.328218631962052], [55.63836769623617, -21.329676093550162], [55.6384112132181, -21.3310201653753], [55.63837255508323, -21.332074954010036], [55.63822300678592, -21.33281764325956], [55.63817473646522, -21.33366006869648], [55.63842457105015, -21.334691900905188], [55.63881052417233, -21.33591453683651], [55.63967758889504, -21.338498336175814], [55.64042231682895, -21.339848963878687], [55.6409471286199, -21.340727664904353], [55.641219355237936, -21.341320651268457], [55.641297763876324, -21.34149653339659], [55.64135276711753, -21.341701133117827], [55.641405143198625, -21.341981592170285], [55.641582260431015, -21.342955921881167], [55.64159529971721, -21.3431104985043], [55.6415882892883, -21.344237810447087], [55.641650649012526, -21.34526631576684], [55.64186997539552, -21.346115952482148], [55.64247144328678, -21.347597244966696], [55.64311593371168, -21.350385191577143], [55.64311233081443, -21.352609636908294], [55.64353413276507, -21.355917460948227], [55.64355780571969, -21.358897768844546], [55.643595377135405, -21.359216047780208], [55.6431137669332, -21.359156149351907], [55.642208776207475, -21.359100956357693], [55.640912301469626, -21.3588853662547], [55.63936610537606, -21.358144795968077], [55.639270006373074, -21.35810878702218], [55.638787909942465, -21.358102169413332], [55.63725584916867, -21.358180979322917], [55.63702044027454, -21.35819352197749], [55.636951719636414, -21.35900280615112], [55.63683374899977, -21.359923704157744], [55.6368327429588, -21.35992821267603], [55.63495259154944, -21.36041790231301], [55.63465184402255, -21.360404616801354], [55.63186530554097, -21.360157002345986], [55.6306652636742, -21.36009843911823], [55.62948891912884, -21.360489442081786], [55.6284064638927, -21.36075750262259], [55.62519442850185, -21.36074207109743], [55.62468128788859, -21.36085801177489]]]}";9741204;97412;974;4;974120401;Jean Petit;Saint-Joseph;LA REUNION;Jean Petit;LA REUNION;;4;;;;;;Iris d'habitat;8510;142.686837963;71.343418981;;151.166941280;;75.583470640;142.686837963;71;71.343418981;88.437680211;;88.437680211;94.247698368;;94.247698368;88.437680211;88;88.437680211;1051.598068796;231.056792934;1305.067788688;255.936129765;70.039073215;79.077159308;70.039073215;72.647764748;72.089781972;72.647764748;124.104909176;115.102455534;124.104909176;91.607078968;94.732387907;91.607078968;79.491240489;70.537213765;79.491240489;88.437680211;94.247698368;88.437680211;91.607078968;;91.607078968;94.732387907;;94.732387907;91.607078968;91;91.607078968;203.596149664;;101.798074832;185.639669299;;92.819834650;203.596149664;101;101.798074832;8330;;;231.124518173;;77.041506058;245.414639648;;81.804879883;231.124518173;77;77.041506058;295.203228632;;98.401076211;280.372057206;;93.457352402;295.203228632;98;98.401076211;Polygon;12609.444444444;1;2519.624063727;1450.902205058;25.128865837;690.477920111;313.868876136;0.219719682;0.196109453;0.575840748;0.185751966;0.084436821;12609.444444444;8330;526.327746806;;525.786696854;;526.327746806;87;0.313710150;0.277854799;0.313710150;0.269945611;0.272035020;0.269945611;0.463995141;0.500285372;0.463995141;0.202770319;0.196080739;0.202770319;0.106221542;0.119705354;0.106221542;14258;13379.047619048;14258
Saint-Joseph;LA REUNION;CA du Sud;LA REUNION;3647.761881814;91.962137791;91.423367955;91.962137791;Non;974120103;97412;69;249740085;-21.374450287, 55.5991365422;"{""type"": ""Polygon"", ""coordinates"": [[[55.611983839003706, -21.37233510672981], [55.611701589919804, -21.373221647690837], [55.61149918623827, -21.37392456955992], [55.61143818086118, -21.374155316924583], [55.611396628746014, -21.37467529040853], [55.61139132241273, -21.375340096367445], [55.61139162843432, -21.375818863042028], [55.61139546336584, -21.376025757013206], [55.61147765954269, -21.37743382298834], [55.61191405374766, -21.378917989181286], [55.61228271151126, -21.381347378827726], [55.61265041265737, -21.383265475933047], [55.61243512045558, -21.3859474825788], [55.61240367013099, -21.386418759503936], [55.61233318246165, -21.386427209630693], [55.610901649190275, -21.386859797055187], [55.60824051674016, -21.386155724954694], [55.606177389580886, -21.385215051491997], [55.603638518840576, -21.384116610389825], [55.60302921014207, -21.383939001991983], [55.60290721192603, -21.38388739972691], [55.6027920503424, -21.383826821068844], [55.6026327668063, -21.383740581684062], [55.60226908478271, -21.38344397102272], [55.602082778460534, -21.383258140212657], [55.6020121084825, -21.383184381937347], [55.600946297507356, -21.381721143141828], [55.60076303287129, -21.381469393652274], [55.60052030258874, -21.38113223538275], [55.60035464613616, -21.38080384976757], [55.60028183879056, -21.38054940802389], [55.60016502494204, -21.380358735139055], [55.59973404221932, -21.379737264308392], [55.59903712779239, -21.37919080635787], [55.598328793465065, -21.378730066143117], [55.59777677322856, -21.37856556501603], [55.59724919948947, -21.378568381506227], [55.594636856051174, -21.377828377690822], [55.59283590613421, -21.3769578360399], [55.59107240597268, -21.37664914272151], [55.58969816439627, -21.375350716604867], [55.58887432151081, -21.374213243596397], [55.58765570469071, -21.372563913576098], [55.586526210557935, -21.37207222944232], [55.585386965690866, -21.37181130726984], [55.58320552832155, -21.372411679735063], [55.58316692100745, -21.37241496706894], [55.58318412267881, -21.37233110345993], [55.58326880136158, -21.37194971361597], [55.58335902206425, -21.371593663462097], [55.58274497167058, -21.36956233012024], [55.582310672804816, -21.368294464505194], [55.58241440315181, -21.36663503642816], [55.58253541723643, -21.365684409430383], [55.58280154167848, -21.364886313683805], [55.58308825110227, -21.364153430218206], [55.58367616269507, -21.36408793243883], [55.585354348640976, -21.363812116640215], [55.58699073818223, -21.363268548381463], [55.58706708763857, -21.363251124547876], [55.58672830534933, -21.363684577690677], [55.589415166497425, -21.365675518053735], [55.59036887190915, -21.365981626509924], [55.59111544695273, -21.36616584924295], [55.593421067039195, -21.366635944365758], [55.596280779940244, -21.367454810090702], [55.598642096355796, -21.36805537977172], [55.59990426259798, -21.36853202931766], [55.601983818150174, -21.369001026978324], [55.602335067244695, -21.369079831800114], [55.6026276401404, -21.369142790834175], [55.60272965885666, -21.369164416702567], [55.60310025483374, -21.36923705773406], [55.603496981598006, -21.36929997879304], [55.60367031610059, -21.369326714112596], [55.60372616853523, -21.369335308716906], [55.60378492244804, -21.369343024113064], [55.60384272062984, -21.369349828211536], [55.60399494337622, -21.369365547654297], [55.60406338315743, -21.369368826882212], [55.60410098238944, -21.369370042928388], [55.60413957161093, -21.36936855721829], [55.60708167604072, -21.370560863288876], [55.610658767925266, -21.372026946701986], [55.6106913418176, -21.372049799589657], [55.61113212711906, -21.372350643287238], [55.61124437378805, -21.37241299857336], [55.61133015614479, -21.372418225081184], [55.61143639378951, -21.372401940905803], [55.61153229641124, -21.37235666462756], [55.611966634426835, -21.372318704506906], [55.611983839003706, -21.37233510672981]]]}";9741201;97412;974;4;974120103;La Cayenne-Manapany;Saint-Joseph;LA REUNION;La Cayenne-Manapany;LA REUNION;;4;;;;;;Iris d'habitat;8510;162.807809945;81.403904972;;171.432414741;;85.716207370;162.807809945;81;81.403904972;88.437680211;;88.437680211;94.247698368;;94.247698368;88.437680211;88;88.437680211;1090.112669169;246.999001608;1436.414525495;351.233326396;72.226278860;81.546609592;72.226278860;90.581531085;89.885805149;90.581531085;90.679052667;84.101279287;90.679052667;85.502546655;88.419590582;85.502546655;124.345737266;110.339224754;124.345737266;88.437680211;94.247698368;88.437680211;85.502546655;;85.502546655;88.419590582;;88.419590582;85.502546655;85;85.502546655;215.024789933;;107.512394967;194.440504041;;97.220252021;215.024789933;107;107.512394967;14982;;;251.245490155;;83.748496718;265.680113108;;88.560037703;251.245490155;83;83.748496718;300.527336588;;100.175778863;282.860094624;;94.286698208;300.527336588;100;100.175778863;Polygon;12609.444444444;1;2599.571878363;1093.760503925;37.669398067;632.426289206;481.803537133;0.226581168;0.244520868;0.420746398;0.173373786;0.132081959;12609.444444444;14982;551.772826744;;548.540207732;;551.772826744;91;0.313710150;0.277854799;0.313710150;0.269945611;0.272035020;0.269945611;0.463995141;0.500285372;0.463995141;0.202770319;0.196080739;0.202770319;0.106221542;0.119705354;0.106221542;14258;13379.047619048;14258
Saint-Joseph;LA REUNION;CA du Sud;LA REUNION;3054.530362338;98.806725908;98.409574707;98.806725908;Non;974120501;97412;69;249740085;-21.3446588504, 55.6469672538;"{""type"": ""Polygon"", ""coordinates"": [[[55.64650334681805, -21.311870044666314], [55.64574193073259, -21.311853075830644], [55.64514541542231, -21.313091273906444], [55.64488591220891, -21.31374139786802], [55.645175852577154, -21.31429206362543], [55.64538804526064, -21.31449070184894], [55.646306424531325, -21.317262329958314], [55.64670399657757, -21.319113772115614], [55.647601481350115, -21.32059344376807], [55.647980317599384, -21.322598301153267], [55.6477804230939, -21.325054692558254], [55.64752378230535, -21.328441973329113], [55.647543282354555, -21.328523431129998], [55.6475143607664, -21.328523198433082], [55.647549704733514, -21.329400629227315], [55.64767482197008, -21.33047661441405], [55.64793639212793, -21.333180618183803], [55.64808911343695, -21.335111387383897], [55.64879565234342, -21.337580034246137], [55.649457579558955, -21.33947379391055], [55.64984898137396, -21.340902414459404], [55.65020792580414, -21.34234884030159], [55.650182005891445, -21.342863085739186], [55.65010659481699, -21.343306472758037], [55.650066449368474, -21.34347868862621], [55.65001480013863, -21.343643585297436], [55.65009589778114, -21.344369621018583], [55.65028744813356, -21.3455644755373], [55.65031077501137, -21.345649577147167], [55.65048727090728, -21.34606653263763], [55.65146713841546, -21.34678262221666], [55.65304806420085, -21.346355378174128], [55.654142714235135, -21.3468049834672], [55.65523101114027, -21.34842752267254], [55.65700322970523, -21.350236194325866], [55.65768067014909, -21.352616227885193], [55.65791719030204, -21.354808096237967], [55.65793353414408, -21.355872365563783], [55.65836445938768, -21.359062804732012], [55.65948700934456, -21.36159842242021], [55.660769190275914, -21.362384627407952], [55.66137871995981, -21.36343917404143], [55.661755526652684, -21.364104329188145], [55.66201911587537, -21.36470625051715], [55.66202642819267, -21.3647505726415], [55.66244558162793, -21.36680630988384], [55.66278899700395, -21.36785782803611], [55.66296152189815, -21.368815310117075], [55.662841820578336, -21.369899805212842], [55.662140129698365, -21.372298009304206], [55.662207407923745, -21.37370324388255], [55.66219454659138, -21.374481822854996], [55.66150909835084, -21.374877440937627], [55.66041102476793, -21.37536190338031], [55.65897148922423, -21.375904153582198], [55.65772116441017, -21.377403865569214], [55.65704381196704, -21.379208514954072], [55.65668963954683, -21.38092293029897], [55.65688011886232, -21.382666999352224], [55.656978306466186, -21.383638876463195], [55.65668595578139, -21.383756679859495], [55.65429961942094, -21.38483240081429], [55.65196509723142, -21.385933796021064], [55.64994040809651, -21.387322202713904], [55.650012506619255, -21.387558554289388], [55.65007089050269, -21.387777015363646], [55.65002014290677, -21.38798770134704], [55.64935474202134, -21.388605647338903], [55.64905078293774, -21.388777995085864], [55.64849351794517, -21.388945475824798], [55.646721767763076, -21.38929712856593], [55.64508461889201, -21.388523102349673], [55.643631950053376, -21.387802467373444], [55.643164085317686, -21.387078724095723], [55.64337991892255, -21.38657911828697], [55.64390272472903, -21.385841706694308], [55.64393792112167, -21.3855809269619], [55.643936008921735, -21.385579104829347], [55.64395147301737, -21.385575616502347], [55.644181690782986, -21.385293829799338], [55.64440108355267, -21.384930654933754], [55.64449568164562, -21.38471281188614], [55.64512351579636, -21.383042193811292], [55.64531469486572, -21.381761902106945], [55.64573320074455, -21.380617139023553], [55.64612458107795, -21.379589589486137], [55.64741768412203, -21.37740162634898], [55.64863726717011, -21.37535783170757], [55.64896178626548, -21.373940395759533], [55.649216685708005, -21.37149078463745], [55.6492850687369, -21.370344093727784], [55.64924884050138, -21.370088157032882], [55.64912860019325, -21.369844190907855], [55.648749700387384, -21.369096788954177], [55.647705437486124, -21.36760780518398], [55.646920328624574, -21.366831832920493], [55.646108973821434, -21.365869557715065], [55.64585127590284, -21.364319155555048], [55.64545160527079, -21.363316837838703], [55.64456002979054, -21.361329070437716], [55.64365954930598, -21.3593683271775], [55.643595377135405, -21.359216047780208], [55.64355780571969, -21.358897768844546], [55.64353413276507, -21.355917460948227], [55.64311233081443, -21.352609636908294], [55.64311593371168, -21.350385191577143], [55.64247144328678, -21.347597244966696], [55.64186997539552, -21.346115952482148], [55.641650649012526, -21.34526631576684], [55.6415882892883, -21.344237810447087], [55.64159529971721, -21.3431104985043], [55.641582260431015, -21.342955921881167], [55.641405143198625, -21.341981592170285], [55.64135276711753, -21.341701133117827], [55.641297763876324, -21.34149653339659], [55.641219355237936, -21.341320651268457], [55.6409471286199, -21.340727664904353], [55.64042231682895, -21.339848963878687], [55.63967758889504, -21.338498336175814], [55.63881052417233, -21.33591453683651], [55.63842457105015, -21.334691900905188], [55.63817473646522, -21.33366006869648], [55.63822300678592, -21.33281764325956], [55.63837255508323, -21.332074954010036], [55.6384112132181, -21.3310201653753], [55.63836769623617, -21.329676093550162], [55.638098657538634, -21.328218631962052], [55.63789654587398, -21.32744915466596], [55.63773184069753, -21.327014216410706], [55.63705285301831, -21.32558007938111], [55.63640013669001, -21.323516680369693], [55.635198446149296, -21.321039750633908], [55.63460100468862, -21.320071035745578], [55.633970555487096, -21.316991846907897], [55.63370648860412, -21.313596753161683], [55.633542385225354, -21.312474373670764], [55.63351387597313, -21.31180476622905], [55.63351884560178, -21.311319712347153], [55.63364836442075, -21.31029276201265], [55.63382217706188, -21.309323081632584], [55.633927627326194, -21.308969828095822], [55.63331300159223, -21.305800430063126], [55.63286076915222, -21.305293594472484], [55.63256081214469, -21.304894589792028], [55.63235917350465, -21.304496383858833], [55.63206026205442, -21.303464144395683], [55.63189692659948, -21.302885581060888], [55.6318002397972, -21.302188318435906], [55.63178138885984, -21.30172565417913], [55.63176268427621, -21.30103896232002], [55.631829330795796, -21.3005038224861], [55.631965115455365, -21.299997248254552], [55.632128727974624, -21.299608334514275], [55.632312382504665, -21.29934514800842], [55.632745663519145, -21.298981008568333], [55.634095687232595, -21.29850687662041], [55.634491492351124, -21.298442337995052], [55.63536515884422, -21.298769659895026], [55.63606513262717, -21.29906530773575], [55.63669722830988, -21.299509454548954], [55.637243519800194, -21.300112344416828], [55.63770713012758, -21.300535249638443], [55.63820871025303, -21.300813022642377], [55.63853731305439, -21.300928599592574], [55.638682102801, -21.30080239952904], [55.63908774589292, -21.300402789283886], [55.6395592212082, -21.29986730521394], [55.639771314130485, -21.299550139232505], [55.63992573252797, -21.29921534326983], [55.64016732112654, -21.298835180960758], [55.64021518151926, -21.29887170146665], [55.640799321375596, -21.29939584355208], [55.641093258506785, -21.29971709803986], [55.64243562367164, -21.29999151603002], [55.64364613495973, -21.300043476230044], [55.644937992601754, -21.300023621826615], [55.64576454845708, -21.301182944844694], [55.6460191086832, -21.30180559186743], [55.64504148519832, -21.3039802047755], [55.64426431995073, -21.30563158232165], [55.6441344156415, -21.305921412494747], [55.644012423224645, -21.306294414017415], [55.64391952151994, -21.306648679661684], [55.64359209885299, -21.307977569892106], [55.64349219725751, -21.3087789341429], [55.64357735837218, -21.309477905982966], [55.643694908600395, -21.310009116891315], [55.64405345555204, -21.310330888002287], [55.646067546310825, -21.31166689811182], [55.64650334681805, -21.311870044666314]]]}";9741205;97412;974;4;974120501;Langevin;Saint-Joseph;LA REUNION;Langevin;LA REUNION;;4;;;;;;Iris d'habitat;8510;181.481544234;90.740772117;;192.255396515;;96.127698257;181.481544234;90;90.740772117;88.437680211;;88.437680211;94.247698368;;94.247698368;88.437680211;88;88.437680211;861.126004202;240.414328483;1164.364195520;290.699429985;88.994890489;100.479101304;88.994890489;92.486653746;91.776295210;92.486653746;118.745558103;110.131866759;118.745558103;86.166214126;89.105900036;86.166214126;118.009358773;104.716586568;118.009358773;88.437680211;94.247698368;88.437680211;86.166214126;;86.166214126;89.105900036;;89.105900036;86.166214126;86;86.166214126;236.754916876;;118.377458438;214.848453326;;107.424226663;236.754916876;118;118.377458438;8896;;;269.919224445;;89.973074815;286.503094882;;95.501031627;269.919224445;89;89.973074815;322.921131002;;107.640377001;303.954353362;;101.318117787;322.921131002;107;107.640377001;Polygon;12609.444444444;1;2158.174229959;1189.097066483;27.614352945;533.686039058;382.889536784;0.279186004;0.249663663;0.550973619;0.174719507;0.125351361;12609.444444444;8896;592.840355447;;590.457448244;;592.840355447;98;0.313710150;0.277854799;0.313710150;0.269945611;0.272035020;0.269945611;0.463995141;0.500285372;0.463995141;0.202770319;0.196080739;0.202770319;0.106221542;0.119705354;0.106221542;14258;13379.047619048;14258
Saint-Joseph;LA REUNION;CA du Sud;LA REUNION;2854.696582948;121.443075248;120.262876248;121.443075248;Non;974120102;97412;69;249740085;-21.3800919268, 55.6147393537;"{""type"": ""Polygon"", ""coordinates"": [[[55.617647340000936, -21.372586006663326], [55.61764541134285, -21.372585990776365], [55.616801858157245, -21.372656726452995], [55.61665803733106, -21.37266999425245], [55.61638956337246, -21.372709334137138], [55.6162977568436, -21.37272935377707], [55.61603912619696, -21.37285007396739], [55.61596929535559, -21.37289195457586], [55.615883704017385, -21.372968935036525], [55.61581439582644, -21.373057793050027], [55.61563781811482, -21.373375211969332], [55.6155995551179, -21.37344445272133], [55.615542621484884, -21.373550575955896], [55.61543903036728, -21.37379813700498], [55.615406111444905, -21.373914394946823], [55.61540298057795, -21.37393966235008], [55.61537669768221, -21.37437575379689], [55.615676333487784, -21.376663650299534], [55.61569535326809, -21.376794790019638], [55.615886277059474, -21.37751631883403], [55.61594289869661, -21.377648672044575], [55.61601405380787, -21.377773918483804], [55.616104351930474, -21.37791467939657], [55.61628143936213, -21.378159135638345], [55.61640630230604, -21.378316441400052], [55.61651224324138, -21.378434747872145], [55.618525326607816, -21.38139507067991], [55.619258597397554, -21.385259447565634], [55.6192793059151, -21.385313817817764], [55.61906788752577, -21.385334660632278], [55.618539183279466, -21.38545496656984], [55.61732756472745, -21.385786441771167], [55.61403338585782, -21.386243438425154], [55.61383358134312, -21.386259853864605], [55.61305925050782, -21.38634559222722], [55.61249056992785, -21.38640863845935], [55.61240367013099, -21.386418759503936], [55.61243512045558, -21.3859474825788], [55.61265041265737, -21.383265475933047], [55.61228271151126, -21.381347378827726], [55.61191405374766, -21.378917989181286], [55.61147765954269, -21.37743382298834], [55.61139546336584, -21.376025757013206], [55.61139162843432, -21.375818863042028], [55.61139132241273, -21.375340096367445], [55.611396628746014, -21.37467529040853], [55.61143818086118, -21.374155316924583], [55.61149918623827, -21.37392456955992], [55.611701589919804, -21.373221647690837], [55.611983839003706, -21.37233510672981], [55.612000104804395, -21.37234879119937], [55.61419104286323, -21.37329010081617], [55.616041009288445, -21.37270104001991], [55.616635720756086, -21.37217117192672], [55.617573224861076, -21.37246796315687], [55.617647340000936, -21.372586006663326]]]}";9741201;97412;974;4;974120102;Le Butor-Le Stade;Saint-Joseph;LA REUNION;Le Butor-Le Stade;LA REUNION;;4;;;;;;Iris d'habitat;8510;262.616384009;131.308192004;;277.013760487;;138.506880244;262.616384009;131;131.308192004;88.437680211;;88.437680211;94.247698368;;94.247698368;88.437680211;88;88.437680211;753.536552395;283.800949946;1257.657420016;483.993961811;120.055193067;135.547533573;120.055193067;142.561190941;141.466226914;142.561190941;131.333900050;121.807062195;131.333900050;67.993301930;70.312992468;67.993301930;178.277185290;158.195743970;178.277185290;88.437680211;94.247698368;88.437680211;67.993301930;;67.993301930;70.312992468;;70.312992468;67.993301930;67;67.993301930;309.611085340;;154.805542670;280.002806165;;140.001403082;309.611085340;154;154.805542670;6562;;;351.054064220;;117.018021407;371.261458855;;123.753819618;351.054064220;117;117.018021407;377.604387270;;125.868129090;350.315798633;;116.771932878;377.604387270;125;125.868129090;Polygon;12609.444444444;1;2115.876237341;1289.378827553;36.199565901;393.577688832;540.590395469;0.376625326;0.384837678;0.609382914;0.137870235;0.189368775;12609.444444444;6562;728.658451490;;721.577257488;;728.658451490;121;0.313710150;0.277854799;0.313710150;0.269945611;0.272035020;0.269945611;0.463995141;0.500285372;0.463995141;0.202770319;0.196080739;0.202770319;0.106221542;0.119705354;0.106221542;14258;13379.047619048;14258
Saint-Joseph;LA REUNION;CA du Sud;LA REUNION;1337.868393949;113.111070504;111.659977699;113.111070504;Non;974120104;97412;69;249740085;-21.3627896755, 55.6199322119;"{""type"": ""Polygon"", ""coordinates"": [[[55.611983839003706, -21.37233510672981], [55.611966634426835, -21.372318704506906], [55.61153229641124, -21.37235666462756], [55.61143639378951, -21.372401940905803], [55.61133015614479, -21.372418225081184], [55.61124437378805, -21.37241299857336], [55.61113212711906, -21.372350643287238], [55.6106913418176, -21.372049799589657], [55.61076319343229, -21.371793849037005], [55.610703083217274, -21.369272160506267], [55.612000209788334, -21.36701734230991], [55.61208483634154, -21.366633223653817], [55.61221818521739, -21.365939665637747], [55.613146168831854, -21.36585971225681], [55.61321080131939, -21.365857536250733], [55.61330909867656, -21.36586467163195], [55.61341215793861, -21.365878169602453], [55.61369700771865, -21.365941948806352], [55.615243474615866, -21.36628849428784], [55.61694066453368, -21.36670853428972], [55.61807811207646, -21.3667621658931], [55.61839550611048, -21.366338406228508], [55.61803310995369, -21.36482672358678], [55.617912445956776, -21.361395915682785], [55.6181388481272, -21.357974602408852], [55.618978886657025, -21.354720031141536], [55.61991477466702, -21.352192068793013], [55.62010275768352, -21.351270406658223], [55.62012150010744, -21.351225393971475], [55.62046811830219, -21.35128063475536], [55.62086383449085, -21.3513444080159], [55.6244546884437, -21.351352176083438], [55.62551654721877, -21.351737282686628], [55.625522546642394, -21.353065511599105], [55.62523235051152, -21.35388697753297], [55.62511657178773, -21.354204003474536], [55.62799095318105, -21.354945663348513], [55.628040018970154, -21.354957807578547], [55.628021110180526, -21.355020886567033], [55.62785758487712, -21.355391724603656], [55.62678985709253, -21.35769553380733], [55.62511352962937, -21.359594174458074], [55.62466042089952, -21.359684410162576], [55.62445828600496, -21.35974779428705], [55.624477427779254, -21.360073151290955], [55.62449713175014, -21.360235009472493], [55.624555265379456, -21.360515519213145], [55.62463231874956, -21.360732047227643], [55.62468128788859, -21.36085801177489], [55.62469066904044, -21.360886091970517], [55.62479747678107, -21.36101433694308], [55.62489498780931, -21.361105469022103], [55.62502274821178, -21.361261888826466], [55.625159729990685, -21.361463550751637], [55.625248049019945, -21.36160971073692], [55.62534719260192, -21.36193933609235], [55.62536900658657, -21.3621852215188], [55.62534173915237, -21.3625237484359], [55.62524505864877, -21.36358347055938], [55.62520908349173, -21.363821656032155], [55.62417454537694, -21.366380453500668], [55.624132490196594, -21.36644334210668], [55.62360056121978, -21.367122804176823], [55.62239350443118, -21.36832427064548], [55.62123806932085, -21.369572221371662], [55.62004842733629, -21.371483830426467], [55.61993591239152, -21.37175842128755], [55.61968620413772, -21.37164796789276], [55.61879713194644, -21.37189403739809], [55.6177371582835, -21.372572293209576], [55.617647340000936, -21.372586006663326], [55.617573224861076, -21.37246796315687], [55.616635720756086, -21.37217117192672], [55.616041009288445, -21.37270104001991], [55.61419104286323, -21.37329010081617], [55.612000104804395, -21.37234879119937], [55.611983839003706, -21.37233510672981]]]}";9741201;97412;974;4;974120104;Le Goyave et Hauts;Saint-Joseph;LA REUNION;Le Goyave et Hauts;LA REUNION;;4;;;;;;Iris d'habitat;8510;194.998472802;97.499236401;;206.518177344;;103.259088672;194.998472802;97;97.499236401;88.437680211;;88.437680211;94.247698368;;94.247698368;88.437680211;88;88.437680211;386.551872413;115.455892588;539.356338496;145.289797671;95.209383142;107.495533747;95.209383142;99.789089659;99.022643597;99.789089659;135.409846635;125.587343440;135.409846635;88.941115145;91.975470845;88.941115145;170.879308229;151.631176196;170.879308229;88.437680211;94.247698368;88.437680211;88.941115145;;88.941115145;91.975470845;;91.975470845;88.941115145;88;88.941115145;306.289154864;;153.144577432;277.218519635;;138.609259818;306.289154864;153;153.144577432;9614;;;283.436153012;;94.478717671;300.765875712;;100.255291904;283.436153012;94;94.478717671;395.230270009;;131.743423336;369.193990480;;123.064663493;395.230270009;131;131.743423336;Polygon;12609.444444444;1;993.686093205;624.328111513;4.966710368;241.279457737;242.837343216;0.298681499;0.269376268;0.628295108;0.180346183;0.181510636;12609.444444444;9614;678.666423021;;669.959866192;;678.666423021;113;0.313710150;0.277854799;0.313710150;0.269945611;0.272035020;0.269945611;0.463995141;0.500285372;0.463995141;0.202770319;0.196080739;0.202770319;0.106221542;0.119705354;0.106221542;14258;13379.047619048;14258
Saint-Joseph;LA REUNION;CA du Sud;LA REUNION;5389.656938908;93.137596018;93.258482447;93.137596018;Non;974120105;97412;69;249740085;-21.3708236321, 55.6362946826;"{""type"": ""Polygon"", ""coordinates"": [[[55.62468128788859, -21.36085801177489], [55.62519442850185, -21.36074207109743], [55.6284064638927, -21.36075750262259], [55.62948891912884, -21.360489442081786], [55.6306652636742, -21.36009843911823], [55.63186530554097, -21.360157002345986], [55.63465184402255, -21.360404616801354], [55.63495259154944, -21.36041790231301], [55.6368327429588, -21.35992821267603], [55.63683374899977, -21.359923704157744], [55.636951719636414, -21.35900280615112], [55.63702044027454, -21.35819352197749], [55.63725584916867, -21.358180979322917], [55.638787909942465, -21.358102169413332], [55.639270006373074, -21.35810878702218], [55.63936610537606, -21.358144795968077], [55.640912301469626, -21.3588853662547], [55.642208776207475, -21.359100956357693], [55.6431137669332, -21.359156149351907], [55.643595377135405, -21.359216047780208], [55.64365954930598, -21.3593683271775], [55.64456002979054, -21.361329070437716], [55.64545160527079, -21.363316837838703], [55.64585127590284, -21.364319155555048], [55.646108973821434, -21.365869557715065], [55.646920328624574, -21.366831832920493], [55.647705437486124, -21.36760780518398], [55.648749700387384, -21.369096788954177], [55.64912860019325, -21.369844190907855], [55.64924884050138, -21.370088157032882], [55.6492850687369, -21.370344093727784], [55.649216685708005, -21.37149078463745], [55.64896178626548, -21.373940395759533], [55.64863726717011, -21.37535783170757], [55.64741768412203, -21.37740162634898], [55.64612458107795, -21.379589589486137], [55.64573320074455, -21.380617139023553], [55.64531469486572, -21.381761902106945], [55.64512351579636, -21.383042193811292], [55.64449568164562, -21.38471281188614], [55.64440108355267, -21.384930654933754], [55.644181690782986, -21.385293829799338], [55.64395147301737, -21.385575616502347], [55.643936008921735, -21.385579104829347], [55.64363477534106, -21.385612802682353], [55.643455600513796, -21.385588770301897], [55.64327444865855, -21.385465354730115], [55.64279445716517, -21.38501161014175], [55.64244500211241, -21.384731458026494], [55.64211747158485, -21.384479486139156], [55.640989616113174, -21.38378833362487], [55.640348218382094, -21.38347690521179], [55.63952539800282, -21.38317664989367], [55.638042164518055, -21.382849350118512], [55.637573101675066, -21.382780501071068], [55.63639563830672, -21.382658920477798], [55.635532983890236, -21.382599512653453], [55.63507802920675, -21.38256961484573], [55.632804164681914, -21.38253032154837], [55.632713527837105, -21.382527776165183], [55.632812019870975, -21.381580981620104], [55.631742682812316, -21.3803231405185], [55.63094231331992, -21.3789465179942], [55.63053045904956, -21.376980664294443], [55.630238649424285, -21.375277756447122], [55.62844253170774, -21.374902203291455], [55.62735688176424, -21.374767762731008], [55.624788883131174, -21.374637433372428], [55.62118816452618, -21.374283589534578], [55.62026491025824, -21.374110691255968], [55.61977335193643, -21.37397656918014], [55.61952528086981, -21.3738968421276], [55.61940900250078, -21.373852525632937], [55.61924474451559, -21.37378252101634], [55.61904398592015, -21.3736968592482], [55.619415041769926, -21.372848522850283], [55.6199349311347, -21.371760219880997], [55.61993591239152, -21.37175842128755], [55.62004842733629, -21.371483830426467], [55.62123806932085, -21.369572221371662], [55.62239350443118, -21.36832427064548], [55.62360056121978, -21.367122804176823], [55.624132490196594, -21.36644334210668], [55.62417454537694, -21.366380453500668], [55.62520908349173, -21.363821656032155], [55.62524505864877, -21.36358347055938], [55.62534173915237, -21.3625237484359], [55.62536900658657, -21.3621852215188], [55.62534719260192, -21.36193933609235], [55.625248049019945, -21.36160971073692], [55.625159729990685, -21.361463550751637], [55.62502274821178, -21.361261888826466], [55.62489498780931, -21.361105469022103], [55.62479747678107, -21.36101433694308], [55.62469066904044, -21.360886091970517], [55.62468128788859, -21.36085801177489]]]}";9741201;97412;974;4;974120105;Les Jacques-Jean Petit Les Bas;Saint-Joseph;LA REUNION;Les Jacques-Jean Petit Les Bas;LA REUNION;;4;;;;;;Iris d'habitat;8510;175.133103692;87.566551846;;185.773636583;;92.886818292;175.133103692;87;87.566551846;88.437680211;;88.437680211;94.247698368;;94.247698368;88.437680211;88;88.437680211;1559.172318938;428.785224864;2067.546724096;488.191762585;87.663160807;98.975520583;87.663160807;87.469942886;86.798116000;87.469942886;104.004426384;96.460042901;104.004426384;91.047172132;94.153379033;91.047172132;100.203193688;88.916137799;100.203193688;88.437680211;94.247698368;88.437680211;91.047172132;;91.047172132;94.153379033;;94.153379033;91.047172132;91;91.047172132;204.207620073;;102.103810036;185.376180700;;92.688090350;204.207620073;102;102.103810036;10768;;;263.570783903;;87.856927968;280.021334951;;93.340444984;263.570783903;87;87.856927968;295.254792204;;98.418264068;279.529559733;;93.176519911;295.254792204;98;98.418264068;Polygon;12609.444444444;1;3594.381976373;1734.560623450;37.587169185;995.020360821;573.660949873;0.275008233;0.236121272;0.482575484;0.184616641;0.106437377;12609.444444444;10768;558.825576107;;559.550894684;;558.825576107;93;0.313710150;0.277854799;0.313710150;0.269945611;0.272035020;0.269945611;0.463995141;0.500285372;0.463995141;0.202770319;0.196080739;0.202770319;0.106221542;0.119705354;0.106221542;14258;13379.047619048;14258
Saint-Joseph;LA REUNION;CA du Sud;LA REUNION;4827.793552296;90.974738870;90.634161655;90.974738870;Non;974120201;97412;69;249740085;-21.349546802, 55.6019170486;"{""type"": ""Polygon"", ""coordinates"": [[[55.6106913418176, -21.372049799589657], [55.610658767925266, -21.372026946701986], [55.60708167604072, -21.370560863288876], [55.60413957161093, -21.36936855721829], [55.60410098238944, -21.369370042928388], [55.60406338315743, -21.369368826882212], [55.60399494337622, -21.369365547654297], [55.60384272062984, -21.369349828211536], [55.60378492244804, -21.369343024113064], [55.60372616853523, -21.369335308716906], [55.60367031610059, -21.369326714112596], [55.603496981598006, -21.36929997879304], [55.60310025483374, -21.36923705773406], [55.60272965885666, -21.369164416702567], [55.6026276401404, -21.369142790834175], [55.602335067244695, -21.369079831800114], [55.601983818150174, -21.369001026978324], [55.59990426259798, -21.36853202931766], [55.598642096355796, -21.36805537977172], [55.596280779940244, -21.367454810090702], [55.593421067039195, -21.366635944365758], [55.59111544695273, -21.36616584924295], [55.59036887190915, -21.365981626509924], [55.589415166497425, -21.365675518053735], [55.58672830534933, -21.363684577690677], [55.58706708763857, -21.363251124547876], [55.58709995029304, -21.363243271231912], [55.58716020194185, -21.363194998888584], [55.587211853226286, -21.363138524236803], [55.587228086948386, -21.363054651821056], [55.58716886101769, -21.362794899702305], [55.58735875651283, -21.361824743597605], [55.58806943687173, -21.36054996542896], [55.58880804595054, -21.359591951601015], [55.589156209662406, -21.3584411599676], [55.58932919013225, -21.357332601081943], [55.58913334175413, -21.357141257531435], [55.5890857969047, -21.3570713020797], [55.58906773627361, -21.357044050598972], [55.58904628583461, -21.356967991131945], [55.588999750360045, -21.35568487981947], [55.58921155210728, -21.354883403870577], [55.58945648323989, -21.353554161347606], [55.5896448078181, -21.35206254735052], [55.5895501609605, -21.350768191403336], [55.589414647329924, -21.3500414576307], [55.58926257279075, -21.34918134422885], [55.589260763404305, -21.348564358080726], [55.589294350231846, -21.347775134080717], [55.58955225498619, -21.347022120022224], [55.58956545800398, -21.344936452663447], [55.589317537381376, -21.34394093881092], [55.58909656664115, -21.342749177666956], [55.58903927776896, -21.342438404221188], [55.58899892837159, -21.342171132649593], [55.5895222939915, -21.339267721342136], [55.58976569496392, -21.336500166187438], [55.58947553591831, -21.335587177966154], [55.587868360060845, -21.334735712201617], [55.58589490616807, -21.333651972382476], [55.58581358436736, -21.333586248666226], [55.58570709891081, -21.33342998060615], [55.585580400244396, -21.333169659943064], [55.58551409980855, -21.332945077229816], [55.58525548367686, -21.33206396477308], [55.585169726183345, -21.331053324938313], [55.58514605925985, -21.32909742562494], [55.58549025229768, -21.328191576549145], [55.58670493152445, -21.32769773745985], [55.58674364813485, -21.327681803090808], [55.586791066889546, -21.327663231892274], [55.58687432744812, -21.327626895458664], [55.58694248361985, -21.327557008935475], [55.58702041831401, -21.327472751351678], [55.58725977692613, -21.327143242274985], [55.58739545721015, -21.3268679645313], [55.58739928299651, -21.3267704374012], [55.58738190906068, -21.32667182879987], [55.58782147601701, -21.324662909659008], [55.58783908733828, -21.324635957781428], [55.58814089686355, -21.32442892075917], [55.58850340305422, -21.324226006061004], [55.58899224095431, -21.324119903547732], [55.590129916929136, -21.324113188041295], [55.59192297947334, -21.32463136888894], [55.59493083149143, -21.325551733224152], [55.59776473431507, -21.32641820136467], [55.59840725708923, -21.32748903709729], [55.60019159536702, -21.32923965398883], [55.60250115460368, -21.331425961672796], [55.60458009115336, -21.333361419677427], [55.60639747619467, -21.335173715320014], [55.6075973512928, -21.33818859318884], [55.6093306451123, -21.340213763402634], [55.611444241432054, -21.341842336625007], [55.612885865633324, -21.34218576801019], [55.616208224447725, -21.342010818616306], [55.61648220642293, -21.34199500834462], [55.61684016073579, -21.34196995228677], [55.617077514221826, -21.341952936151507], [55.617157748634334, -21.341931013216737], [55.61685459032683, -21.34135670760325], [55.61703669125826, -21.341370853289977], [55.61822388956025, -21.342988555519764], [55.618301770783454, -21.343320719554637], [55.61849808313405, -21.343979509319066], [55.61880317608596, -21.344734495001887], [55.619491120714194, -21.346359375721036], [55.61991392288803, -21.34713339366236], [55.620053160765195, -21.34740102106329], [55.62029342626467, -21.347898021690593], [55.62073265734284, -21.349287343161578], [55.62050953284966, -21.350564631352505], [55.62041533048148, -21.35063612429363], [55.620331488897634, -21.35073389896091], [55.62028460762095, -21.350797650531238], [55.62022076860288, -21.350921786123493], [55.620165345047056, -21.351073994162505], [55.62012150010744, -21.351225393971475], [55.62010275768352, -21.351270406658223], [55.61991477466702, -21.352192068793013], [55.618978886657025, -21.354720031141536], [55.6181388481272, -21.357974602408852], [55.617912445956776, -21.361395915682785], [55.61803310995369, -21.36482672358678], [55.61839550611048, -21.366338406228508], [55.61807811207646, -21.3667621658931], [55.61694066453368, -21.36670853428972], [55.615243474615866, -21.36628849428784], [55.61369700771865, -21.365941948806352], [55.61341215793861, -21.365878169602453], [55.61330909867656, -21.36586467163195], [55.61321080131939, -21.365857536250733], [55.613146168831854, -21.36585971225681], [55.61221818521739, -21.365939665637747], [55.61208483634154, -21.366633223653817], [55.612000209788334, -21.36701734230991], [55.610703083217274, -21.369272160506267], [55.61076319343229, -21.371793849037005], [55.6106913418176, -21.372049799589657]]]}";9741202;97412;974;4;974120201;Les Lianes;Saint-Joseph;LA REUNION;Les Lianes;LA REUNION;;4;;;;;;Iris d'habitat;8510;156.933553725;78.466776862;;165.122162748;;82.561081374;156.933553725;78;78.466776862;88.437680211;;88.437680211;94.247698368;;94.247698368;88.437680211;88;88.437680211;1350.163904129;291.017201279;1801.712741168;429.100582203;68.707412920;77.573656928;68.707412920;88.226140805;87.548505820;88.226140805;109.933841178;101.959343510;109.933841178;91.276240524;94.390262427;91.276240524;99.267117583;88.085502877;99.267117583;88.437680211;94.247698368;88.437680211;91.276240524;;91.276240524;94.390262427;;94.390262427;91.276240524;91;91.276240524;209.200958761;;104.600479380;190.044846387;;95.022423193;209.200958761;104;104.600479380;9326;;;245.371233935;;81.790411312;259.369861116;;86.456620372;245.371233935;81;81.790411312;300.477199285;;100.159066428;284.435108814;;94.811702938;300.477199285;100;100.159066428;Polygon;12609.444444444;1;3252.562700350;1659.092164901;55.117005804;893.533456248;509.057339521;0.215542128;0.238162595;0.510087681;0.185081124;0.105443063;12609.444444444;9326;545.848433220;;543.804969930;;545.848433220;90;0.313710150;0.277854799;0.313710150;0.269945611;0.272035020;0.269945611;0.463995141;0.500285372;0.463995141;0.202770319;0.196080739;0.202770319;0.106221542;0.119705354;0.106221542;14258;13379.047619048;14258
Saint-Joseph;LA REUNION;CA du Sud;LA REUNION;2655.426768976;88.154520097;88.364692877;88.154520097;Non;974120602;97412;69;249740085;-21.3516205109, 55.6757828258;"{""type"": ""Polygon"", ""coordinates"": [[[55.647543282354555, -21.328523431129998], [55.64886693572872, -21.32853317229322], [55.64951197235074, -21.328739801449938], [55.65313109507654, -21.328973898002232], [55.653605237799596, -21.327981426951126], [55.654593580548664, -21.327504123483344], [55.65609854217262, -21.32687207597388], [55.65617487449524, -21.326853715913785], [55.65736488796955, -21.32660938415297], [55.6596218683739, -21.326292253047345], [55.660989569654085, -21.32654615279654], [55.66364048055102, -21.32765578093802], [55.66515380840103, -21.32769400164357], [55.66661614084958, -21.327720964079404], [55.669209092665206, -21.32778125863193], [55.66921193596256, -21.327786701237546], [55.669223741402774, -21.328081286603698], [55.66849149876067, -21.33075120810418], [55.667024502290985, -21.332997951634628], [55.66693682010506, -21.333098431201567], [55.666836335258715, -21.333228619653962], [55.66678811527345, -21.333336638936885], [55.66644418404751, -21.334799592498246], [55.66633839539142, -21.337969052023922], [55.66633975192345, -21.33803229712279], [55.666366527622706, -21.33827009004971], [55.666378342521384, -21.338349678407038], [55.666821339885566, -21.33936855645614], [55.66715767666599, -21.339600675001506], [55.66735512095577, -21.33973141979431], [55.66753339715456, -21.339849365495702], [55.66804052856232, -21.340174074840096], [55.66815960846562, -21.340227412945914], [55.66865882174342, -21.340361451338154], [55.668814743157476, -21.34039249720723], [55.66890922877399, -21.340393245758406], [55.66900585462449, -21.34037052416008], [55.66912298005098, -21.340319961087474], [55.67140224181605, -21.340012793667128], [55.67267002099815, -21.340726070658], [55.67359168907709, -21.34122160941271], [55.67440273712737, -21.341312925098837], [55.67464746815562, -21.341332922757626], [55.67485374700039, -21.341339969900762], [55.67499081014652, -21.341323887218056], [55.67508359552662, -21.341299325123853], [55.6758727953383, -21.34124682885213], [55.676553070006406, -21.341298259500867], [55.67708263024169, -21.341382828104194], [55.67768416221509, -21.341505902222345], [55.677843806149525, -21.34155232609233], [55.67938665232338, -21.34261821866635], [55.68216166016984, -21.344078595372086], [55.683244492069655, -21.3441331568607], [55.684775376832775, -21.344601793148225], [55.686129559861975, -21.345748354838687], [55.68615736816778, -21.345765736020613], [55.686238085702314, -21.345797081266983], [55.6863275211456, -21.345823977889236], [55.68641792885314, -21.34584997871555], [55.68670470783058, -21.345913648886643], [55.68934212458121, -21.345891789340982], [55.690125161592306, -21.34588434652723], [55.696062571805534, -21.345825748837978], [55.697711592128606, -21.34580872976851], [55.69765785181189, -21.34588871176814], [55.69763145175579, -21.34593006143767], [55.69759713871157, -21.34599393363316], [55.6975765396991, -21.346033521556784], [55.697543182812844, -21.346098304506775], [55.697496581242405, -21.346243383362285], [55.69746469777731, -21.346359668957522], [55.697458647875656, -21.3464987387335], [55.69746255109535, -21.346602654834367], [55.69749405675887, -21.346747435938028], [55.69805756758822, -21.34839636237387], [55.698532600054705, -21.34969229313531], [55.69922881789349, -21.352095190787495], [55.699782850474485, -21.354221461836346], [55.70002934696559, -21.355356177199113], [55.699985206732734, -21.355440750852026], [55.69995478906947, -21.35550013679121], [55.699930037349084, -21.355573116910804], [55.69993512956253, -21.355651748203602], [55.70015701982787, -21.356296654546746], [55.70037996363356, -21.356876978918432], [55.70070582236843, -21.357487910105718], [55.700762881700996, -21.357578687093703], [55.70087947861067, -21.357697928706322], [55.70098562805505, -21.357799022323366], [55.702477355493315, -21.359192124876586], [55.703415735219274, -21.360210793007123], [55.70426103191008, -21.36138461960807], [55.704737142021116, -21.36248570454352], [55.7050846984662, -21.36331947266547], [55.7056133679904, -21.365821327379482], [55.70563609707666, -21.366966053718116], [55.7054087579455, -21.367540189378648], [55.705229641590144, -21.36811379325664], [55.70512876715148, -21.368837505705464], [55.705214177427315, -21.370092021072043], [55.70544887271237, -21.37060151687177], [55.70507006806773, -21.371693831173996], [55.70457858338239, -21.372837830771317], [55.702777311127676, -21.374228631836907], [55.70117819059805, -21.37554961180406], [55.70112762833535, -21.375596194793737], [55.700746355884306, -21.375085558698334], [55.69701279769824, -21.374832676424248], [55.69507024139279, -21.37480031949228], [55.69470136660755, -21.374743249467187], [55.691541182297655, -21.374060095200914], [55.69078366258593, -21.373892487173112], [55.6910061202241, -21.372952931213415], [55.69219993056741, -21.367974836540096], [55.69234563097699, -21.367423120541755], [55.69242203327617, -21.367181617498055], [55.6924735173148, -21.36703115882068], [55.69252582122163, -21.366896966837334], [55.69210117548395, -21.36622653343662], [55.69109412709804, -21.36576429811801], [55.69012963999434, -21.365450990395324], [55.68872486726896, -21.365576880535382], [55.68745283781199, -21.365740834167813], [55.68626469849957, -21.365851685264776], [55.68440658847337, -21.36576983332872], [55.68252198762618, -21.365846742437114], [55.68196515196531, -21.365890248635083], [55.679441605231325, -21.366187151472136], [55.67673020183131, -21.366373736890687], [55.67567988563548, -21.366365624317584], [55.675004049642276, -21.36634403068837], [55.67467355105884, -21.36631251445542], [55.6716571491977, -21.366613875965278], [55.6693380598231, -21.36701375663788], [55.668832586405465, -21.366815529483095], [55.668748184191934, -21.366764272774663], [55.66865426957141, -21.36669848705366], [55.66855872854769, -21.36659926460649], [55.66851320109408, -21.366514892362886], [55.66768366529451, -21.364586435200632], [55.66724764065936, -21.36324354709151], [55.66683515533808, -21.362255851470135], [55.666798194174504, -21.36218419368112], [55.666758348379695, -21.36211160963168], [55.666703311228346, -21.362012707916445], [55.66662992832363, -21.361916370517903], [55.666562903013734, -21.36186344415748], [55.66645535354318, -21.36181290592398], [55.666359032039935, -21.361800397314582], [55.66573149169804, -21.361772827523595], [55.665000980421254, -21.36214732841049], [55.663878686923354, -21.362974897251483], [55.66382615673007, -21.363025066449723], [55.66377548132932, -21.363083380492103], [55.66356672316568, -21.36334639863317], [55.66350136196262, -21.363428985964315], [55.66206530359214, -21.364717458771697], [55.66202642819267, -21.3647505726415], [55.66201911587537, -21.36470625051715], [55.661755526652684, -21.364104329188145], [55.66137871995981, -21.36343917404143], [55.660769190275914, -21.362384627407952], [55.65948700934456, -21.36159842242021], [55.65836445938768, -21.359062804732012], [55.65793353414408, -21.355872365563783], [55.65791719030204, -21.354808096237967], [55.65768067014909, -21.352616227885193], [55.65700322970523, -21.350236194325866], [55.65523101114027, -21.34842752267254], [55.654142714235135, -21.3468049834672], [55.65304806420085, -21.346355378174128], [55.65146713841546, -21.34678262221666], [55.65048727090728, -21.34606653263763], [55.65031077501137, -21.345649577147167], [55.65028744813356, -21.3455644755373], [55.65009589778114, -21.344369621018583], [55.65001480013863, -21.343643585297436], [55.650066449368474, -21.34347868862621], [55.65010659481699, -21.343306472758037], [55.650182005891445, -21.342863085739186], [55.65020792580414, -21.34234884030159], [55.64984898137396, -21.340902414459404], [55.649457579558955, -21.33947379391055], [55.64879565234342, -21.337580034246137], [55.64808911343695, -21.335111387383897], [55.64793639212793, -21.333180618183803], [55.64767482197008, -21.33047661441405], [55.647549704733514, -21.329400629227315], [55.6475143607664, -21.328523198433082], [55.647543282354555, -21.328523431129998]]]}";9741206;97412;974;4;974120602;Parc à Mouton-La Crete-Matouta;Saint-Joseph;LA REUNION;Parc à Mouton-La Crete-Matouta;LA REUNION;;4;;;;;;Iris d'habitat;8510;147.593735215;73.796867607;;156.450495434;;78.225247717;147.593735215;73;73.796867607;88.437680211;;88.437680211;94.247698368;;94.247698368;88.437680211;88;88.437680211;755.448494818;173.168986038;936.125176707;188.324658143;73.069592157;82.498746976;73.069592157;74.524143058;73.951748458;74.524143058;121.479245007;112.667254580;121.479245007;100.266240650;103.686969503;100.266240650;71.150219501;63.135739378;71.150219501;88.437680211;94.247698368;88.437680211;100.266240650;;100.266240650;103.686969503;;103.686969503;100.266240650;100;100.266240650;192.629464507;;96.314732254;175.802993958;;87.901496979;192.629464507;96;96.314732254;7926;;;236.031415425;;78.677138475;250.698193802;;83.566064601;236.031415425;78;78.677138475;292.895705158;;97.631901719;279.489963462;;93.163321154;292.895705158;97;97.631901719;Polygon;12609.444444444;1;1799.528507058;1014.318267912;7.560124486;539.875283046;200.688817873;0.229226727;0.201174654;0.563657794;0.203310176;0.075576860;12609.444444444;7926;528.927120583;;530.188157263;;528.927120583;88;0.313710150;0.277854799;0.313710150;0.269945611;0.272035020;0.269945611;0.463995141;0.500285372;0.463995141;0.202770319;0.196080739;0.202770319;0.106221542;0.119705354;0.106221542;14258;13379.047619048;14258
Saint-Joseph;LA REUNION;CA du Sud;LA REUNION;4288.519521957;95.847184872;95.223159031;95.847184872;Non;974120601;97412;69;249740085;-21.3732126957, 55.6736217452;"{""type"": ""Polygon"", ""coordinates"": [[[55.70112762833535, -21.375596194793737], [55.701102347192005, -21.375619486282147], [55.70093095801664, -21.37580605695192], [55.70079819957722, -21.375986603061236], [55.70042901388919, -21.376401093204926], [55.700428049502385, -21.376401085735782], [55.70033605053679, -21.37633442842666], [55.69986373891499, -21.37603085637749], [55.69958852007393, -21.375906771087482], [55.69905986549578, -21.37570393571808], [55.698153972087994, -21.37551714284775], [55.69670389191434, -21.375357736762584], [55.69614771756885, -21.375322702151667], [55.69601445737357, -21.375341540384184], [55.69307108925865, -21.375763090440138], [55.689946324731956, -21.375433391350636], [55.68931997104021, -21.375319194785348], [55.687090220774174, -21.3748859556404], [55.6844820802031, -21.374564755535033], [55.68193518363908, -21.37451789524378], [55.681325234308865, -21.374565497374423], [55.68061033970063, -21.374700800238777], [55.680358826743195, -21.374785543877895], [55.67937455568166, -21.375168949965353], [55.67840076094783, -21.375781431019842], [55.677946728488855, -21.376079120587743], [55.67776916051552, -21.376198769928074], [55.67767982120956, -21.376266720267207], [55.677599768565564, -21.37637449100041], [55.67751275416384, -21.37650569383382], [55.677390218480554, -21.37672604794437], [55.67735100211176, -21.37679710320524], [55.677323949306945, -21.37690980828321], [55.67731410111905, -21.377039812562995], [55.67733388758983, -21.377306455783327], [55.67642971305345, -21.378915412272306], [55.674793038898606, -21.380561825847543], [55.673463695944164, -21.381677001157605], [55.67155547847363, -21.383385934443282], [55.670826564626196, -21.38367961906195], [55.669051822963894, -21.38374142818107], [55.66655058949658, -21.383455981362978], [55.66629453684447, -21.38340064855811], [55.665986553179124, -21.38332864223119], [55.66513161038059, -21.383054451796667], [55.66448344560778, -21.38275777051596], [55.66352586590382, -21.38229731252678], [55.66243540024312, -21.382363598921728], [55.65993571499226, -21.382601101949007], [55.658739944567465, -21.382845158576426], [55.65772323877988, -21.383177811760447], [55.65697927912742, -21.383637980910088], [55.656978306466186, -21.383638876463195], [55.65688011886232, -21.382666999352224], [55.65668963954683, -21.38092293029897], [55.65704381196704, -21.379208514954072], [55.65772116441017, -21.377403865569214], [55.65897148922423, -21.375904153582198], [55.66041102476793, -21.37536190338031], [55.66150909835084, -21.374877440937627], [55.66219454659138, -21.374481822854996], [55.662207407923745, -21.37370324388255], [55.662140129698365, -21.372298009304206], [55.662841820578336, -21.369899805212842], [55.66296152189815, -21.368815310117075], [55.66278899700395, -21.36785782803611], [55.66244558162793, -21.36680630988384], [55.66202642819267, -21.3647505726415], [55.66206530359214, -21.364717458771697], [55.66350136196262, -21.363428985964315], [55.66356672316568, -21.36334639863317], [55.66377548132932, -21.363083380492103], [55.66382615673007, -21.363025066449723], [55.663878686923354, -21.362974897251483], [55.665000980421254, -21.36214732841049], [55.66573149169804, -21.361772827523595], [55.666359032039935, -21.361800397314582], [55.66645535354318, -21.36181290592398], [55.666562903013734, -21.36186344415748], [55.66662992832363, -21.361916370517903], [55.666703311228346, -21.362012707916445], [55.666758348379695, -21.36211160963168], [55.666798194174504, -21.36218419368112], [55.66683515533808, -21.362255851470135], [55.66724764065936, -21.36324354709151], [55.66768366529451, -21.364586435200632], [55.66851320109408, -21.366514892362886], [55.66855872854769, -21.36659926460649], [55.66865426957141, -21.36669848705366], [55.668748184191934, -21.366764272774663], [55.668832586405465, -21.366815529483095], [55.6693380598231, -21.36701375663788], [55.6716571491977, -21.366613875965278], [55.67467355105884, -21.36631251445542], [55.675004049642276, -21.36634403068837], [55.67567988563548, -21.366365624317584], [55.67673020183131, -21.366373736890687], [55.679441605231325, -21.366187151472136], [55.68196515196531, -21.365890248635083], [55.68252198762618, -21.365846742437114], [55.68440658847337, -21.36576983332872], [55.68626469849957, -21.365851685264776], [55.68745283781199, -21.365740834167813], [55.68872486726896, -21.365576880535382], [55.69012963999434, -21.365450990395324], [55.69109412709804, -21.36576429811801], [55.69210117548395, -21.36622653343662], [55.69252582122163, -21.366896966837334], [55.6924735173148, -21.36703115882068], [55.69242203327617, -21.367181617498055], [55.69234563097699, -21.367423120541755], [55.69219993056741, -21.367974836540096], [55.6910061202241, -21.372952931213415], [55.69078366258593, -21.373892487173112], [55.691541182297655, -21.374060095200914], [55.69470136660755, -21.374743249467187], [55.69507024139279, -21.37480031949228], [55.69701279769824, -21.374832676424248], [55.700746355884306, -21.375085558698334], [55.70112762833535, -21.375596194793737]]]}";9741206;97412;974;4;974120601;Vincendo-Centre-Littoral;Saint-Joseph;LA REUNION;Vincendo-Centre-Littoral;LA REUNION;;4;;;;;;Iris d'habitat;8510;155.757907043;77.878953521;;165.915338718;;82.957669359;155.757907043;77;77.878953521;88.437680211;;88.437680211;94.247698368;;94.247698368;88.437680211;88;88.437680211;1278.098810172;332.956356771;1621.510080115;318.294647884;83.041332585;93.757275540;83.041332585;72.716574458;72.158063178;72.716574458;116.298679932;107.862482834;116.298679932;87.874103272;90.872056307;87.874103272;126.714738776;112.441377958;126.714738776;88.437680211;94.247698368;88.437680211;87.874103272;;87.874103272;90.872056307;;90.872056307;87.874103272;87;87.874103272;243.013418707;;121.506709354;220.303860792;;110.151930396;243.013418707;121;121.506709354;9970;;;244.195587253;;81.398529084;260.163037086;;86.721012362;244.195587253;81;81.398529084;330.887521979;;110.295840660;311.175917099;;103.725305700;330.887521979;110;110.295840660;Polygon;12609.444444444;1;3020.541320127;1629.945182118;44.925465099;764.139555463;577.227649157;0.260509089;0.196295201;0.539620223;0.178182599;0.134598349;12609.444444444;9970;575.083109233;;571.338954185;;575.083109233;95;0.313710150;0.277854799;0.313710150;0.269945611;0.272035020;0.269945611;0.463995141;0.500285372;0.463995141;0.202770319;0.196080739;0.202770319;0.106221542;0.119705354;0.106221542;14258;13379.047619048;14258
Saint-Leu;LA REUNION;CA Territoire de la Côte Ouest (Tco);LA REUNION;4382.856795727;91.377472987;93.671302535;91.377472987;Non;974130301;97413;69;249740101;-21.1954563975, 55.2986920824;"{""type"": ""Polygon"", ""coordinates"": [[[55.28480260571757, -21.193792608218807], [55.28543516096021, -21.193644574556878], [55.28585987446233, -21.193730176320393], [55.28725409855372, -21.194097485369994], [55.287297715438015, -21.19424064012253], [55.2873512332359, -21.194360410895797], [55.28905287101263, -21.194462558235927], [55.29022084002525, -21.194405736522747], [55.290386648982576, -21.194308960853903], [55.29060967062075, -21.19417844060623], [55.29082057782844, -21.194012570910324], [55.29141101751778, -21.1935064032394], [55.29124275666516, -21.19297901257466], [55.28990079196521, -21.190162664437818], [55.2877365532814, -21.188001862681038], [55.28764635606972, -21.187972948093254], [55.28755259834751, -21.187918706524112], [55.2874972140244, -21.187877499230257], [55.287422861606615, -21.187810808830093], [55.287334595382724, -21.187697911901335], [55.28726193459753, -21.187568011457593], [55.28711538476993, -21.187247680651854], [55.28707041112492, -21.187138835416068], [55.28703592612462, -21.18703912893941], [55.28703782582645, -21.186957856179053], [55.28732788868668, -21.18556347652353], [55.288015280999076, -21.18479003773197], [55.28985166049828, -21.184639272042585], [55.29209936332388, -21.184983106368865], [55.293232867229534, -21.185153529329728], [55.29369656966648, -21.18511304947267], [55.29375473085414, -21.185080216552304], [55.29377994404838, -21.185065115908905], [55.29394860821114, -21.18497017123128], [55.294029869956695, -21.184938474657862], [55.294115832462985, -21.184916761213803], [55.294208276576704, -21.184917694330892], [55.29428602758972, -21.18494015703585], [55.294349209878526, -21.18497331163699], [55.29440365301854, -21.185012700748604], [55.29446746674431, -21.18507476559886], [55.2979377287022, -21.184711193745727], [55.299850965311954, -21.184071305694683], [55.30302081604351, -21.183910320186854], [55.305961114395885, -21.183694585393354], [55.30936111466331, -21.183069256659916], [55.30941071050815, -21.182942394120065], [55.30945891197921, -21.18285345423169], [55.30953105372103, -21.18277649606598], [55.3096430563919, -21.182666516173672], [55.31002736493365, -21.18232351015053], [55.311074097452575, -21.181443365155808], [55.31272442805652, -21.180497882168392], [55.31466631642085, -21.17995452764814], [55.31489573100291, -21.179936040019133], [55.31498544795896, -21.179922482320464], [55.31505211580647, -21.179903275284826], [55.31584462996394, -21.182970498754493], [55.31589895840304, -21.18319053109203], [55.316677331025105, -21.18606341078934], [55.31745411054984, -21.188909174197885], [55.317476230724104, -21.188997010194523], [55.31768024276964, -21.189862553318864], [55.31771656488425, -21.1900571147823], [55.31797331328682, -21.19160310786354], [55.31810953674875, -21.19388450507881], [55.317949789812765, -21.194468223677756], [55.31796727146003, -21.19462556404384], [55.31805016171967, -21.194960593549276], [55.31808525421171, -21.195093721366774], [55.31786805119991, -21.19522253064779], [55.3169754350516, -21.195670686778264], [55.315730821878844, -21.19615778159692], [55.312307274019474, -21.197050349739985], [55.30872003309895, -21.197428160417378], [55.30792661948274, -21.197323566703332], [55.30587133481522, -21.19748451950294], [55.30256888292471, -21.1980560910444], [55.29985204879319, -21.200139206222136], [55.298757577385004, -21.201847968710307], [55.297176702367395, -21.20283960860344], [55.29641489530776, -21.204151789752657], [55.296106300171175, -21.205594100491982], [55.29665937293103, -21.206165112352956], [55.296991536271435, -21.207017514074185], [55.29722976383286, -21.207746126530896], [55.29731527785776, -21.2084366173279], [55.29720542450018, -21.209112492436198], [55.295911400503456, -21.21116199813904], [55.29493837128004, -21.212433426985978], [55.292490296848534, -21.213310573211405], [55.291948650674826, -21.21350380738725], [55.289577360973986, -21.214318459102767], [55.28789932522631, -21.214989718904416], [55.28752661553381, -21.215150328320636], [55.287492494344995, -21.21510211033427], [55.2861713559348, -21.212142327624328], [55.286134421173585, -21.21060666716554], [55.28624131926301, -21.20950286137119], [55.28564529875726, -21.208107624313055], [55.28485721333687, -21.206830114374288], [55.282957820296886, -21.20512496870201], [55.28111295529771, -21.203607665417067], [55.280653907226764, -21.20307459656002], [55.28054754683798, -21.202777250698258], [55.28047295648784, -21.202398033345695], [55.280478378282105, -21.20234570057998], [55.28055634249815, -21.202183911007666], [55.28061088052364, -21.202132078284176], [55.280806966073264, -21.2019588457212], [55.281284742953595, -21.20158073433479], [55.28204400724019, -21.201389746206136], [55.28339372320717, -21.198041200390286], [55.28477931845788, -21.19430812363259], [55.28480260571757, -21.193792608218807]]]}";9741303;97413;974;4;974130301;Grand Fond-Stella;Saint-Leu;LA REUNION;Grand Fond-Stella;LA REUNION;;4;;;;;;Iris d'habitat;7585;168.874726451;84.437363226;;179.268206479;;89.634103240;168.874726451;84;84.437363226;101.423762098;;101.423762098;96.451677449;;96.451677449;101.423762098;101;101.423762098;1261.262251107;333.276836519;1592.815305600;363.946257067;84.230845879;84.171126156;84.230845879;84.643880572;95.097080323;84.643880572;99.777950384;100.563612307;99.777950384;95.253076282;98.721473262;95.253076282;82.935322705;87.022845713;82.935322705;101.423762098;96.451677449;101.423762098;95.253076282;;95.253076282;98.721473262;;98.721473262;95.253076282;95;95.253076282;182.713273089;;91.356636545;187.586458020;;93.793229010;182.713273089;91;91.356636545;13060;;;270.298488550;;90.099496183;275.719883929;;91.906627976;270.298488550;90;90.099496183;277.966349371;;92.655449790;286.307931282;;95.435977094;277.966349371;92;92.655449790;Polygon;14461;1;3093.953237629;1432.391569222;75.424526922;846.526728395;386.108552264;0.264240713;0.228492441;0.462964841;0.193144966;0.088095179;14461;13060;548.264837920;;562.027815211;;548.264837920;91;0.313710150;0.313932729;0.313710150;0.269945611;0.240272824;0.269945611;0.463995141;0.460370138;0.463995141;0.202770319;0.195646357;0.202770319;0.106221542;0.101232243;0.106221542;14258;14993;14258
Saint-Leu;LA REUNION;CA Territoire de la Côte Ouest (Tco);LA REUNION;3216.286806664;92.913627012;95.026779534;92.913627012;Non;974130202;97413;69;249740101;-21.1627148983, 55.3223412924;"{""type"": ""Polygon"", ""coordinates"": [[[55.3164808912989, -21.178491271005953], [55.314535110576976, -21.174111868202203], [55.31469656885182, -21.170655814973287], [55.31499483228743, -21.1691077889487], [55.31562650557366, -21.167706013261846], [55.315698118701526, -21.165973377176332], [55.3154321070559, -21.16488385815063], [55.314866485963016, -21.164240776231686], [55.31376662624575, -21.1614943026566], [55.31210688515526, -21.158916566491424], [55.31119976405306, -21.157521466985546], [55.30956825668684, -21.154754307971327], [55.30928543369042, -21.154307080289733], [55.30925414433483, -21.154264314613116], [55.309213902912376, -21.154246750629287], [55.30917531011827, -21.15425359101107], [55.309212490175916, -21.15420157373409], [55.30925049965011, -21.154161307057766], [55.309379050302475, -21.154118332059298], [55.309921090465444, -21.153953935153368], [55.31044372049913, -21.15380289145801], [55.31051618417438, -21.153781033632114], [55.31103886434671, -21.153625472243696], [55.311209888464106, -21.153572983938002], [55.312705825961636, -21.152925820922533], [55.31332344411779, -21.15263390374493], [55.31381585903749, -21.152259443390708], [55.314308281740686, -21.151884078265578], [55.315611995130126, -21.150777924089763], [55.31688012638994, -21.149730116541672], [55.31855953807766, -21.1483693411463], [55.31895346677939, -21.148102276717918], [55.32070180198987, -21.147093982113873], [55.32176187861248, -21.146752677248312], [55.32244572683908, -21.146560739488486], [55.32305472547242, -21.146602905134312], [55.323662655777355, -21.147681098651333], [55.32379996518419, -21.14788569242838], [55.32495848240627, -21.148979270144274], [55.32676434365223, -21.15116135051943], [55.32788997833496, -21.152614986869573], [55.32921875010024, -21.1541591424835], [55.32972645509956, -21.156796262052644], [55.32944227412689, -21.158127333833093], [55.32867955018197, -21.158960977732804], [55.32828988578227, -21.15901854931875], [55.328125761944115, -21.159056670877263], [55.32768353720338, -21.159935689450236], [55.3277023470309, -21.15997561890201], [55.32779842449974, -21.160080443741183], [55.32788170245148, -21.16012462349697], [55.3280374452956, -21.160146937931327], [55.3285740996876, -21.16003391405453], [55.32971993671811, -21.15973721948941], [55.331073989647, -21.159334179700362], [55.332488369301174, -21.160292940683927], [55.33392521771451, -21.161654767514058], [55.33410663061931, -21.16256704372422], [55.33389518254992, -21.163628101811806], [55.333308640698455, -21.164798371266706], [55.33309385560439, -21.16572661510307], [55.333062229818374, -21.1660568975111], [55.33304718408121, -21.166325469832035], [55.33308018730366, -21.16969722210362], [55.33327898151657, -21.171035106515543], [55.33287018631764, -21.17279695365941], [55.33247064873789, -21.174075645290312], [55.332102451445174, -21.175049342259893], [55.332059221576806, -21.175039883156355], [55.331383996414516, -21.17481093802252], [55.33103875470028, -21.174495081856858], [55.33064814783082, -21.17420398850904], [55.32999648340042, -21.17392025180036], [55.32991883278964, -21.17388877391992], [55.32981818403281, -21.173847132950286], [55.32974231732837, -21.17382831826505], [55.329615325383116, -21.173817127795928], [55.32932643352656, -21.17381607989017], [55.32878358737789, -21.173875749652556], [55.32867634970453, -21.173906303718475], [55.3262986809424, -21.174675844757758], [55.324538302185545, -21.17535843394076], [55.32379996809297, -21.17584429429663], [55.32281125485224, -21.176243664304174], [55.321767421112135, -21.176577446463046], [55.32032771658079, -21.176831415422807], [55.3187893714583, -21.177121424384914], [55.31828434404394, -21.177241953740477], [55.31746268877576, -21.177726955676174], [55.31660723761696, -21.178389558119402], [55.31653628947824, -21.17844665993575], [55.3164808912989, -21.178491271005953]]]}";9741302;97413;974;4;974130202;La Chaloupe-St Christophe-Camelias;Saint-Leu;LA REUNION;La Chaloupe-St Christophe-Camelias;LA REUNION;;4;;;;;;Iris d'habitat;7585;150.241607944;75.120803972;;158.845000291;;79.422500145;150.241607944;75;75.120803972;101.423762098;;101.423762098;96.451677449;;96.451677449;101.423762098;101;101.423762098;858.344574984;215.730633419;1086.507621753;205.675723244;80.116428657;80.059626059;80.116428657;70.125179287;78.785374232;70.125179287;113.582850885;114.477214025;113.582850885;102.624959189;106.361784418;102.624959189;89.608581957;94.025001023;89.608581957;101.423762098;96.451677449;101.423762098;102.624959189;;102.624959189;106.361784418;;106.361784418;102.624959189;102;102.624959189;203.191432842;;101.595716421;208.502215048;;104.251107524;203.191432842;101;101.595716421;9940;;;251.665370042;;83.888456681;255.296677740;;85.098892580;251.665370042;83;83.888456681;305.816392031;;101.938797344;314.863999466;;104.954666489;305.816392031;101;101.938797344;Polygon;14461;1;2112.532216324;1113.344423135;41.999971779;669.286631618;306.137813151;0.251333369;0.189299844;0.527018909;0.208092957;0.095183617;14461;9940;557.481762073;;570.160677206;;557.481762073;92;0.313710150;0.313932729;0.313710150;0.269945611;0.240272824;0.269945611;0.463995141;0.460370138;0.463995141;0.202770319;0.195646357;0.202770319;0.106221542;0.101232243;0.106221542;14258;14993;14258
Saint-Leu;LA REUNION;CA Territoire de la Côte Ouest (Tco);LA REUNION;1983.421816799;101.928947370;104.567801001;101.928947370;Non;974130303;97413;69;249740101;-21.2185656246, 55.3086271373;"{""type"": ""Polygon"", ""coordinates"": [[[55.30535256424491, -21.220743393645577], [55.30532749658098, -21.22066094638823], [55.305239741253565, -21.220416188293953], [55.30519043909426, -21.220347046375657], [55.30495697375284, -21.220124309302417], [55.30485111170654, -21.220031114795002], [55.30416218463164, -21.217896142701345], [55.30366870468593, -21.21577126189409], [55.303682395374466, -21.214467652676856], [55.3041228273886, -21.21392190865762], [55.3066733764038, -21.21465475599526], [55.308592567307436, -21.215299496995307], [55.31100915834705, -21.216169136151436], [55.31189177246019, -21.216485973698454], [55.31176922092802, -21.21658952506884], [55.311629750713806, -21.216740779376025], [55.31227530036076, -21.21723589381091], [55.31317756032144, -21.21809216222392], [55.31413382240313, -21.219495432535773], [55.31426490027743, -21.220761293015126], [55.314255165650955, -21.220770228288863], [55.313466699865714, -21.22140546518942], [55.312997795343136, -21.221724142170068], [55.31229721273604, -21.222169665704506], [55.311815106179985, -21.2224629160637], [55.310880442058746, -21.222991900100535], [55.31065486817855, -21.222920995142143], [55.31045392038252, -21.222548651179448], [55.30961877222524, -21.221952272678372], [55.30832190270166, -21.22163578608631], [55.307405498841014, -21.221672485790773], [55.30683367441772, -21.22171208952561], [55.30677986333198, -21.22178471273463], [55.30671158349834, -21.221858997245022], [55.30664371590108, -21.221897155937008], [55.30624511819435, -21.221962705990713], [55.30603149276066, -21.221942496851007], [55.30593642415298, -21.221916251611354], [55.305855036389644, -21.221872981951115], [55.30577192852438, -21.221811630030086], [55.30568864133917, -21.22168162944182], [55.30562673040046, -21.221535584978014], [55.305365553897936, -21.22078687996951], [55.30535256424491, -21.220743393645577]]]}";9741303;97413;974;4;974130303;Le Piton Centre;Saint-Leu;LA REUNION;Le Piton Centre;LA REUNION;;4;;;;;;Iris d'habitat;7585;223.6824432;111.8412216;;235.786731901;;117.893365951;223.6824432;111;111.8412216;101.423762098;;101.423762098;96.451677449;;96.451677449;101.423762098;101;101.423762098;555.361728282;217.694038316;740.134452732;197.260209642;124.951656343;124.863065540;124.951656343;98.730786857;110.923666362;98.730786857;104.175823440;104.996114671;104.175823440;85.739165378;88.861137643;85.739165378;96.552490104;101.311144340;96.552490104;101.423762098;96.451677449;101.423762098;85.739165378;;85.739165378;88.861137643;;88.861137643;85.739165378;85;85.739165378;200.728313544;;100.364156772;206.307259012;;103.153629506;200.728313544;100;100.364156772;8940;;;325.106205298;;108.368735099;332.238409351;;110.746136450;325.106205298;108;108.368735099;286.467478922;;95.489159641;295.168396654;;98.389465551;286.467478922;95;95.489159641;Polygon;14461;1;1382.642288253;668.328851511;21.461553920;344.824981324;203.418836691;0.391986029;0.266519426;0.483370758;0.173853579;0.102559544;14461;8940;611.573684220;;627.406806005;;611.573684220;101;0.313710150;0.313932729;0.313710150;0.269945611;0.240272824;0.269945611;0.463995141;0.460370138;0.463995141;0.202770319;0.195646357;0.202770319;0.106221542;0.101232243;0.106221542;14258;14993;14258
Saint-Leu;LA REUNION;CA Territoire de la Côte Ouest (Tco);LA REUNION;4280.004571190;89.998182884;92.670189922;89.998182884;Non;974130304;97413;69;249740101;-21.227057863, 55.3178855624;"{""type"": ""Polygon"", ""coordinates"": [[[55.320573056269275, -21.249050796368707], [55.32056389329499, -21.24900915557891], [55.32052323539906, -21.24894100678142], [55.320406878437204, -21.248751068300276], [55.32031019997442, -21.248610101322207], [55.320114875856945, -21.248331760623113], [55.31989021063459, -21.248091967088435], [55.31939010032406, -21.24767239079082], [55.31868123732498, -21.24713963180608], [55.31842797219599, -21.246958262545157], [55.31642913427256, -21.24556718274346], [55.31447971518327, -21.24483233358725], [55.31305234825638, -21.244196624405728], [55.31270393016042, -21.2434249258249], [55.31231846099787, -21.242628693964004], [55.31098813400695, -21.24068761807186], [55.31010997736898, -21.23971415230294], [55.30710989082866, -21.23755917612941], [55.303732896543316, -21.236609806986625], [55.30140773987397, -21.23582621012445], [55.29831165306421, -21.233935791279734], [55.29758785862431, -21.233415445538824], [55.296166336100306, -21.232077841703497], [55.29489157923823, -21.231010925104773], [55.29435164239295, -21.230626960101425], [55.29409624740185, -21.230552118350694], [55.293337232012256, -21.229788427528668], [55.29324392481344, -21.229692643126764], [55.29323529864825, -21.228600535432662], [55.29323530904107, -21.228599632295044], [55.293392331134214, -21.228516315860197], [55.296588956380965, -21.22623270239168], [55.29811189925855, -21.22514972459739], [55.29964712583571, -21.22425382722168], [55.301476691702014, -21.22322629390746], [55.30248128156858, -21.222692647946538], [55.30310562297505, -21.222388210197213], [55.30457585941216, -21.22135793021056], [55.30527914849408, -21.220845626677825], [55.30535256424491, -21.220743393645577], [55.305365553897936, -21.22078687996951], [55.30562673040046, -21.221535584978014], [55.30568864133917, -21.22168162944182], [55.30577192852438, -21.221811630030086], [55.305855036389644, -21.221872981951115], [55.30593642415298, -21.221916251611354], [55.30603149276066, -21.221942496851007], [55.30624511819435, -21.221962705990713], [55.30664371590108, -21.221897155937008], [55.30671158349834, -21.221858997245022], [55.30677986333198, -21.22178471273463], [55.30683367441772, -21.22171208952561], [55.307405498841014, -21.221672485790773], [55.30832190270166, -21.22163578608631], [55.30961877222524, -21.221952272678372], [55.31045392038252, -21.222548651179448], [55.31065486817855, -21.222920995142143], [55.310880442058746, -21.222991900100535], [55.311815106179985, -21.2224629160637], [55.31229721273604, -21.222169665704506], [55.312997795343136, -21.221724142170068], [55.313466699865714, -21.22140546518942], [55.314255165650955, -21.220770228288863], [55.31426490027743, -21.220761293015126], [55.31413382240313, -21.219495432535773], [55.31317756032144, -21.21809216222392], [55.31227530036076, -21.21723589381091], [55.311629750713806, -21.216740779376025], [55.31176922092802, -21.21658952506884], [55.31189177246019, -21.216485973698454], [55.31199961943369, -21.216404856441155], [55.31463878436878, -21.21455878783618], [55.3160983026177, -21.213525580771744], [55.31776387304313, -21.21241312040459], [55.31832502422939, -21.212025796021766], [55.320053654220445, -21.210785677029545], [55.3208958064493, -21.210165389803674], [55.32092106250364, -21.21014667263999], [55.32220095884715, -21.20923175384462], [55.32357104265701, -21.208261717989245], [55.324890054716874, -21.207313293015122], [55.32654149972318, -21.20596800889035], [55.32777967914794, -21.205073404863978], [55.328022858500866, -21.20537569409611], [55.328140341896145, -21.205549379370424], [55.32821854135002, -21.20570461052443], [55.33049514700317, -21.20891382686282], [55.3309540440828, -21.209564192943084], [55.33089715659371, -21.20965485960141], [55.33059231095232, -21.210038439921064], [55.32970845206144, -21.211629366628667], [55.32995889118819, -21.21205818149104], [55.33129097592956, -21.213181456816134], [55.332116982382345, -21.21373834862141], [55.33428047460096, -21.214855813987715], [55.33517778729438, -21.215272356570214], [55.33628673148503, -21.214921665184928], [55.337347660106694, -21.212094980218755], [55.33748402492516, -21.211788311603406], [55.33748265718274, -21.211824428520067], [55.33724354387085, -21.21489722032607], [55.33669560067038, -21.21575306592586], [55.335711820948134, -21.216409987866115], [55.33536505870372, -21.217953850164296], [55.33571126004187, -21.219724037480926], [55.33580701133436, -21.2214935612151], [55.33582931582479, -21.222339230725492], [55.33550639563168, -21.223387889833432], [55.33495407696241, -21.2240178828499], [55.33406537156866, -21.225139415175885], [55.333641187796104, -21.22606344619668], [55.333362152709846, -21.226976592718117], [55.332944198506304, -21.2281638592078], [55.33234422887365, -21.22943061815192], [55.33092496484678, -21.230350230922994], [55.32949265143291, -21.231183174935712], [55.328801574441215, -21.232537535248042], [55.328623958715546, -21.233936271696084], [55.3277490009387, -21.234978084592804], [55.32663409321077, -21.235896024183578], [55.32557008327277, -21.236997821208593], [55.32524595629169, -21.237546490664347], [55.32517310442988, -21.23819610932864], [55.323873302426996, -21.241105217864895], [55.32343719770643, -21.2437157968681], [55.32332692293223, -21.24550042879797], [55.32311016119941, -21.24732916363143], [55.321572611029026, -21.24841944284442], [55.32074035599437, -21.248911555847137], [55.320573056269275, -21.249050796368707]]]}";9741303;97413;974;4;974130304;Le Piton Sud;Saint-Leu;LA REUNION;Le Piton Sud;LA REUNION;;4;;;;;;Iris d'habitat;7585;172.302335065;86.151167533;;184.599799043;;92.299899522;172.302335065;86;86.151167533;101.423762098;;101.423762098;96.451677449;;96.451677449;101.423762098;101;101.423762098;1224.477053455;277.763311663;1704.348149944;460.048107804;72.309550206;72.258282689;72.309550206;99.992784860;112.341516355;99.992784860;83.916332469;84.577098368;83.916332469;73.111472960;75.773640125;73.111472960;109.235194708;114.618924548;109.235194708;101.423762098;96.451677449;101.423762098;73.111472960;;73.111472960;75.773640125;;75.773640125;73.111472960;73;73.111472960;193.151527177;;96.575763589;199.196022917;;99.598011458;193.151527177;96;96.575763589;15575;;;273.726097164;;91.242032388;281.051476493;;93.683825498;273.726097164;91;91.242032388;266.263000138;;88.754333379;274.969663042;;91.656554347;266.263000138;88;88.754333379;Polygon;14461;1;3124.530572858;1216.591297783;97.902734000;634.503687323;496.614529468;0.226842398;0.269926134;0.389367705;0.148248367;0.116031308;14461;15575;539.989097302;;556.021139535;;539.989097302;89;0.313710150;0.313932729;0.313710150;0.269945611;0.240272824;0.269945611;0.463995141;0.460370138;0.463995141;0.202770319;0.195646357;0.202770319;0.106221542;0.101232243;0.106221542;14258;14993;14258
Saint-Leu;LA REUNION;CA Territoire de la Côte Ouest (Tco);LA REUNION;2650.458553941;101.027540600;103.727288937;101.027540600;Non;974130401;97413;69;249740101;-21.1949850911, 55.3287325252;"{""type"": ""Polygon"", ""coordinates"": [[[55.3164808912989, -21.178491271005953], [55.31653628947824, -21.17844665993575], [55.31660723761696, -21.178389558119402], [55.31746268877576, -21.177726955676174], [55.31828434404394, -21.177241953740477], [55.3187893714583, -21.177121424384914], [55.32032771658079, -21.176831415422807], [55.321767421112135, -21.176577446463046], [55.32281125485224, -21.176243664304174], [55.32379996809297, -21.17584429429663], [55.324538302185545, -21.17535843394076], [55.3262986809424, -21.174675844757758], [55.32867634970453, -21.173906303718475], [55.32878358737789, -21.173875749652556], [55.32932643352656, -21.17381607989017], [55.329615325383116, -21.173817127795928], [55.32974231732837, -21.17382831826505], [55.32981818403281, -21.173847132950286], [55.32991883278964, -21.17388877391992], [55.33017633228619, -21.174370045538545], [55.33026471656623, -21.17456060322866], [55.33032060539069, -21.174729161701936], [55.33041495897288, -21.17533166521166], [55.331391668494916, -21.17831755290407], [55.331514421020835, -21.179651074238716], [55.33148097369941, -21.18091530902878], [55.33075763304944, -21.181351667933015], [55.33000840079084, -21.181692022097245], [55.33001416611508, -21.181950411427025], [55.33057032470901, -21.184653040175423], [55.331152733352496, -21.18750677107691], [55.33148019862218, -21.1891358725439], [55.33177119695636, -21.190667964650103], [55.33233262959597, -21.19367774903712], [55.333011765149344, -21.19649991216078], [55.33358123827091, -21.19763544258921], [55.334349895987216, -21.197503988038253], [55.33582348021599, -21.19686748831678], [55.337391221368115, -21.196503329241168], [55.34085716359695, -21.197485141114083], [55.343206466457204, -21.199081019549638], [55.34560988785181, -21.200589761702894], [55.34651312964145, -21.201000791322066], [55.34721776588975, -21.2012335041716], [55.34745824737704, -21.201262051966427], [55.34778580913611, -21.20125532074021], [55.34774853850946, -21.201315474835383], [55.347410535358634, -21.201741218315725], [55.34673868922303, -21.202478029099442], [55.346058462560656, -21.20310184677998], [55.34502882375919, -21.20370417231874], [55.344167744881055, -21.204219624149868], [55.34309715269195, -21.205555887563946], [55.3423839318497, -21.207148113120823], [55.34099332531953, -21.20893149442206], [55.340973925665715, -21.209029759267853], [55.340971868191524, -21.209041481445855], [55.340931792782065, -21.209265999675992], [55.34091027498678, -21.209381405652834], [55.34088677031092, -21.209502211665797], [55.34083747268996, -21.209603795731848], [55.34077301704384, -21.20968264929473], [55.34069903083218, -21.20975237655655], [55.339651656386685, -21.210427203220284], [55.33886919373835, -21.210927590471883], [55.33826780434325, -21.211128067287202], [55.3376127671727, -21.211560151374723], [55.33754188043885, -21.211610939168295], [55.3374856354174, -21.21173051884558], [55.33748402492516, -21.211788311603406], [55.337347660106694, -21.212094980218755], [55.33628673148503, -21.214921665184928], [55.33517778729438, -21.215272356570214], [55.33428047460096, -21.214855813987715], [55.332116982382345, -21.21373834862141], [55.33129097592956, -21.213181456816134], [55.32995889118819, -21.21205818149104], [55.32970845206144, -21.211629366628667], [55.33059231095232, -21.210038439921064], [55.33089715659371, -21.20965485960141], [55.3309540440828, -21.209564192943084], [55.33049514700317, -21.20891382686282], [55.32821854135002, -21.20570461052443], [55.328140341896145, -21.205549379370424], [55.328022858500866, -21.20537569409611], [55.32777967914794, -21.205073404863978], [55.32654149972318, -21.20596800889035], [55.324890054716874, -21.207313293015122], [55.32357104265701, -21.208261717989245], [55.32220095884715, -21.20923175384462], [55.32092106250364, -21.21014667263999], [55.3208958064493, -21.210165389803674], [55.320736238469976, -21.20851807373278], [55.32092761560825, -21.205223098175797], [55.32099590783111, -21.202675695491028], [55.32099595554458, -21.202586273730407], [55.320819350135714, -21.198867623459783], [55.32081941138706, -21.198606583310582], [55.32087912228886, -21.196391491501355], [55.3208912502112, -21.194636586503968], [55.318772385759175, -21.194887392951173], [55.31853972162975, -21.19493565960376], [55.3183040864823, -21.19499112238879], [55.31808525421171, -21.195093721366774], [55.31805016171967, -21.194960593549276], [55.31796727146003, -21.19462556404384], [55.317949789812765, -21.194468223677756], [55.31810953674875, -21.19388450507881], [55.31797331328682, -21.19160310786354], [55.31771656488425, -21.1900571147823], [55.31768024276964, -21.189862553318864], [55.317476230724104, -21.188997010194523], [55.31745411054984, -21.188909174197885], [55.316677331025105, -21.18606341078934], [55.31589895840304, -21.18319053109203], [55.31584462996394, -21.182970498754493], [55.31505211580647, -21.179903275284826], [55.3150830321468, -21.17989455091321], [55.31644200603583, -21.178523400937657], [55.3164808912989, -21.178491271005953]]]}";9741304;97413;974;4;974130401;Le Plate;Saint-Leu;LA REUNION;Le Plate;LA REUNION;;4;;;;;;Iris d'habitat;7585;185.030160857;92.515080429;;197.156066253;;98.578033127;185.030160857;92;92.515080429;101.423762098;;101.423762098;96.451677449;;96.451677449;101.423762098;101;101.423762098;675.569318054;182.995568933;972.483737053;259.063477814;86.345972669;86.284753319;86.345972669;98.684188189;110.871312934;98.684188189;131.759219676;132.796705428;131.759219676;97.579381789;101.132485230;97.579381789;90.372719180;94.826799261;90.372719180;101.423762098;96.451677449;101.423762098;97.579381789;;97.579381789;101.132485230;;101.132485230;97.579381789;97;97.579381789;222.131938856;;111.065969428;227.623504690;;113.811752345;222.131938856;111;111.065969428;7376;;;286.453922956;;95.484640985;293.607743703;;97.869247901;286.453922956;95;95.484640985;319.711320645;;106.570440215;328.755989920;;109.585329973;319.711320645;106;106.570440215;Polygon;14461;1;1816.795495620;1110.709511183;17.575965984;524.425092570;254.431552979;0.270876080;0.266393635;0.611356377;0.197862023;0.095995296;14461;7376;606.165243601;;622.363733623;;606.165243601;101;0.313710150;0.313932729;0.313710150;0.269945611;0.240272824;0.269945611;0.463995141;0.460370138;0.463995141;0.202770319;0.195646357;0.202770319;0.106221542;0.101232243;0.106221542;14258;14993;14258
Saint-Leu;LA REUNION;CA Territoire de la Côte Ouest (Tco);LA REUNION;3692.020515058;100.750181583;103.126473404;100.750181583;Non;974130302;97413;69;249740101;-21.2097651793, 55.3055343315;"{""type"": ""Polygon"", ""coordinates"": [[[55.31808525421171, -21.195093721366774], [55.3183040864823, -21.19499112238879], [55.31853972162975, -21.19493565960376], [55.318772385759175, -21.194887392951173], [55.3208912502112, -21.194636586503968], [55.32087912228886, -21.196391491501355], [55.32081941138706, -21.198606583310582], [55.320819350135714, -21.198867623459783], [55.32099595554458, -21.202586273730407], [55.32099590783111, -21.202675695491028], [55.32092761560825, -21.205223098175797], [55.320736238469976, -21.20851807373278], [55.3208958064493, -21.210165389803674], [55.320053654220445, -21.210785677029545], [55.31832502422939, -21.212025796021766], [55.31776387304313, -21.21241312040459], [55.3160983026177, -21.213525580771744], [55.31463878436878, -21.21455878783618], [55.31199961943369, -21.216404856441155], [55.31189177246019, -21.216485973698454], [55.31100915834705, -21.216169136151436], [55.308592567307436, -21.215299496995307], [55.3066733764038, -21.21465475599526], [55.3041228273886, -21.21392190865762], [55.303682395374466, -21.214467652676856], [55.30366870468593, -21.21577126189409], [55.30416218463164, -21.217896142701345], [55.30485111170654, -21.220031114795002], [55.30495697375284, -21.220124309302417], [55.30519043909426, -21.220347046375657], [55.305239741253565, -21.220416188293953], [55.30532749658098, -21.22066094638823], [55.30535256424491, -21.220743393645577], [55.30527914849408, -21.220845626677825], [55.30457585941216, -21.22135793021056], [55.30310562297505, -21.222388210197213], [55.30248128156858, -21.222692647946538], [55.301476691702014, -21.22322629390746], [55.29964712583571, -21.22425382722168], [55.29811189925855, -21.22514972459739], [55.296588956380965, -21.22623270239168], [55.293392331134214, -21.228516315860197], [55.29323530904107, -21.228599632295044], [55.29323531943389, -21.22859872915742], [55.293216868531104, -21.228444087992504], [55.292844312661686, -21.227919147708132], [55.29229032710513, -21.226752874769673], [55.292375522898624, -21.22600494884555], [55.29254164216808, -21.224921835310592], [55.29241658403381, -21.224320816559867], [55.292332809236385, -21.22398305919807], [55.29139071828192, -21.222223038595494], [55.29119122773197, -21.22189585134022], [55.29102548724091, -21.22164939426059], [55.29029637291232, -21.2207202503153], [55.289858573051355, -21.220342323871513], [55.28924719915126, -21.219813150474955], [55.28876131661139, -21.218896063050785], [55.2884894782953, -21.21802517812523], [55.28810859910375, -21.21663662049189], [55.287831910548206, -21.215656531089838], [55.287642286238096, -21.2153104723509], [55.28752661553381, -21.215150328320636], [55.28789932522631, -21.214989718904416], [55.289577360973986, -21.214318459102767], [55.291948650674826, -21.21350380738725], [55.292490296848534, -21.213310573211405], [55.29493837128004, -21.212433426985978], [55.295911400503456, -21.21116199813904], [55.29720542450018, -21.209112492436198], [55.29731527785776, -21.2084366173279], [55.29722976383286, -21.207746126530896], [55.296991536271435, -21.207017514074185], [55.29665937293103, -21.206165112352956], [55.296106300171175, -21.205594100491982], [55.29641489530776, -21.204151789752657], [55.297176702367395, -21.20283960860344], [55.298757577385004, -21.201847968710307], [55.29985204879319, -21.200139206222136], [55.30256888292471, -21.1980560910444], [55.30587133481522, -21.19748451950294], [55.30792661948274, -21.197323566703332], [55.30872003309895, -21.197428160417378], [55.312307274019474, -21.197050349739985], [55.315730821878844, -21.19615778159692], [55.3169754350516, -21.195670686778264], [55.31786805119991, -21.19522253064779], [55.31808525421171, -21.195093721366774]]]}";9741303;97413;974;4;974130302;Le Portail-Maduran;Saint-Leu;LA REUNION;Le Portail-Maduran;LA REUNION;;4;;;;;;Iris d'habitat;7585;184.030942940;92.015471470;;193.348900904;;96.674450452;184.030942940;92;92.015471470;101.423762098;;101.423762098;96.451677449;;96.451677449;101.423762098;101;101.423762098;1018.826185161;345.056854204;1291.601750209;265.231409544;107.959779730;107.883236178;107.959779730;76.071163209;85.465664725;76.071163209;108.483701556;109.337913466;108.483701556;102.542822782;106.276657223;102.542822782;108.019860122;113.343691382;108.019860122;101.423762098;96.451677449;101.423762098;102.542822782;;102.542822782;106.276657223;;106.276657223;102.542822782;102;102.542822782;216.503561678;;108.251780839;222.681604848;;111.340802424;216.503561678;108;108.251780839;11310;;;285.454705038;;95.151568346;289.800578353;;96.600192784;285.454705038;95;95.151568346;319.046384460;;106.348794820;328.958262072;;109.652754024;319.046384460;106;106.348794820;Polygon;14461;1;2545.531857802;1281.316634009;50.141670620;767.668566089;423.623766923;0.338680787;0.205350767;0.503359104;0.207926409;0.114740361;14461;11310;604.501089499;;618.758840425;;604.501089499;100;0.313710150;0.313932729;0.313710150;0.269945611;0.240272824;0.269945611;0.463995141;0.460370138;0.463995141;0.202770319;0.195646357;0.202770319;0.106221542;0.101232243;0.106221542;14258;14993;14258
Saint-Leu;LA REUNION;CA Territoire de la Côte Ouest (Tco);LA REUNION;3035.396916824;85.994804601;88.781781000;85.994804601;Non;974130103;97413;69;249740101;-21.1449668012, 55.289201723;"{""type"": ""Polygon"", ""coordinates"": [[[55.30917531011827, -21.15425359101107], [55.30913465844934, -21.154272153130318], [55.307623118047985, -21.154425949503302], [55.30532979971356, -21.15499552981052], [55.30382869847657, -21.155330950118795], [55.303657834902964, -21.155368980233593], [55.30309698152959, -21.155493424499163], [55.299581545444845, -21.156690390926013], [55.29784297411663, -21.15705475727214], [55.296312002503896, -21.157304902456893], [55.29437559757999, -21.15818976994915], [55.29182506537936, -21.159474424106428], [55.2898091409701, -21.16027781796762], [55.28859132953624, -21.161332090976806], [55.28783905801774, -21.162618977474896], [55.2878630521288, -21.16270954508653], [55.28787642414967, -21.162802714915564], [55.28787964161217, -21.162857845568485], [55.28788112046831, -21.16289670017114], [55.287877740228595, -21.163023120572117], [55.28786479068046, -21.163228026613893], [55.28782946781486, -21.163201474876416], [55.287742454260275, -21.163148205683463], [55.28765730405101, -21.163100374796418], [55.28755390198798, -21.16304874609064], [55.28745219698944, -21.163017005944898], [55.287414740764525, -21.16300849746881], [55.28738432938574, -21.162889864171586], [55.28696114453052, -21.161173022321897], [55.286516793479954, -21.160375470797113], [55.284150970238784, -21.157343759111033], [55.282155185209206, -21.154252388887834], [55.280052991817364, -21.153107394891286], [55.27691629073047, -21.15154267537128], [55.27415884470029, -21.15065739578192], [55.273018961857055, -21.14946135549045], [55.27221301374018, -21.1482057258182], [55.27147588525926, -21.146094828611297], [55.27112873662117, -21.143693849783865], [55.271169491363366, -21.14138489859373], [55.271256739022924, -21.138946220204765], [55.270910798193775, -21.137252626724692], [55.271258824640135, -21.136100486253813], [55.27148296291533, -21.135567596320065], [55.27148877011272, -21.135564945872257], [55.27150221549368, -21.135567792865437], [55.27344948351454, -21.134851064596724], [55.27612780459886, -21.134186919358985], [55.27736940121857, -21.1338825158388], [55.279085102319954, -21.133789765517612], [55.28045352316911, -21.133840700697444], [55.28270543126974, -21.133834650251327], [55.28419441705557, -21.132862945399705], [55.2858102618349, -21.131908768910566], [55.28780915459364, -21.130878962920992], [55.29022457258017, -21.12937190433192], [55.290335095943675, -21.12930437299882], [55.29042817853106, -21.129246601299254], [55.29119903918317, -21.12859816855875], [55.29164307879506, -21.128157796587573], [55.291810113852875, -21.128031219571486], [55.29203259603728, -21.127938621863024], [55.29225686866163, -21.12785778417696], [55.29274876076238, -21.127693835058434], [55.29292553496343, -21.127641421723826], [55.29488036154705, -21.12742536417748], [55.29623938653182, -21.12728368097922], [55.29861790998685, -21.12705738916223], [55.2986420055961, -21.12705492144223], [55.29836012773906, -21.127375454805705], [55.29590350779608, -21.12904345267627], [55.29562752218391, -21.129437203662448], [55.29554940377409, -21.129871623939007], [55.29563376763012, -21.130322454647622], [55.295725090595866, -21.130671126175514], [55.29655495719069, -21.133846712820205], [55.29725145217204, -21.135519789324217], [55.298028939985, -21.136905067835546], [55.299099860357565, -21.137719725628706], [55.30069765138915, -21.13876818972744], [55.30171364078457, -21.139674412965658], [55.30236753515385, -21.14109637125533], [55.30299399604913, -21.142983680189307], [55.30349711333941, -21.144627678870172], [55.303940677473626, -21.14566815722247], [55.304512218084845, -21.146208610409488], [55.305250186535005, -21.14684647350937], [55.30718965501673, -21.147325640554964], [55.308121650742194, -21.149023145140408], [55.30836619797721, -21.14944831350626], [55.30926240479478, -21.15099280491588], [55.31022756544412, -21.152995931805847], [55.31051618417438, -21.153781033632114], [55.31044372049913, -21.15380289145801], [55.309921090465444, -21.153953935153368], [55.309379050302475, -21.154118332059298], [55.30925049965011, -21.154161307057766], [55.309212490175916, -21.15420157373409], [55.30917531011827, -21.15425359101107]]]}";9741301;97413;974;4;974130103;Les Colimacons-Bras Mouton-La Fontaine;Saint-Leu;LA REUNION;Les Colimacons-Bras Mouton-La Fontaine;LA REUNION;;4;;;;;;Iris d'habitat;7585;149.454377251;74.727188625;;162.103042375;;81.051521188;149.454377251;74;74.727188625;101.423762098;;101.423762098;96.451677449;;96.451677449;101.423762098;101;101.423762098;823.501353387;120.811565783;1213.316957490;336.339968024;46.764427859;46.731271850;46.764427859;102.689949391;115.371770525;102.689949391;73.731281233;74.311848984;73.731281233;75.083452125;77.817423864;75.083452125;116.275954900;122.006693329;116.275954900;101.423762098;96.451677449;101.423762098;75.083452125;;75.083452125;77.817423864;;77.817423864;75.083452125;75;75.083452125;190.007236134;;95.003618067;196.318542313;;98.159271156;190.007236134;95;95.003618067;17848;;;250.878139349;;83.626046450;258.554719825;;86.184906608;250.878139349;83;83.626046450;265.090688258;;88.363562753;274.135966176;;91.378655392;265.090688258;88;88.363562753;Polygon;14461;1;2207.519386922;755.213490607;42.875618523;462.129938341;374.902213876;0.146704757;0.277207012;0.342109562;0.152246955;0.123510112;14461;17848;515.968827607;;532.690686001;;515.968827607;85;0.313710150;0.313932729;0.313710150;0.269945611;0.240272824;0.269945611;0.463995141;0.460370138;0.463995141;0.202770319;0.195646357;0.202770319;0.106221542;0.101232243;0.106221542;14258;14993;14258
Saint-Leu;LA REUNION;CA Territoire de la Côte Ouest (Tco);LA REUNION;3570.515578554;104.091841020;107.386872434;104.091841020;Non;974130101;97413;69;249740101;-21.1779860715, 55.2895496313;"{""type"": ""Polygon"", ""coordinates"": [[[55.28480260571757, -21.193792608218807], [55.28480503215893, -21.19374927718034], [55.28488009976243, -21.192752858727726], [55.28491303203385, -21.19256983464948], [55.284981393241175, -21.19232123343513], [55.28515501737018, -21.19171420970628], [55.285328619060934, -21.191108991936787], [55.285939389701205, -21.189091019577063], [55.286644213489936, -21.186473339654132], [55.287191099722776, -21.183602048682033], [55.286937787538555, -21.180720839224016], [55.2868004773767, -21.178721469010984], [55.28670792300919, -21.176724358557866], [55.28664018492702, -21.175039119027502], [55.28655185187681, -21.173386187384544], [55.286177038791, -21.170562455072215], [55.28585952433373, -21.167772649961996], [55.28641703658431, -21.165025277944064], [55.286685811037664, -21.164806253898906], [55.28698798610076, -21.164529759879816], [55.287047352516474, -21.16447526310169], [55.28718178536278, -21.164257135598596], [55.287330611961174, -21.16395966798166], [55.287455025288565, -21.163440657468637], [55.287459528345664, -21.16321669778592], [55.28741842573534, -21.163022986733893], [55.287414740764525, -21.16300849746881], [55.28745219698944, -21.163017005944898], [55.28755390198798, -21.16304874609064], [55.28765730405101, -21.163100374796418], [55.287742454260275, -21.163148205683463], [55.28782946781486, -21.163201474876416], [55.28786479068046, -21.163228026613893], [55.28791540432732, -21.163264668845308], [55.288028680792806, -21.16337872135414], [55.288062864303015, -21.16342061672572], [55.28808889856043, -21.16350126924232], [55.288132551114494, -21.16364081115084], [55.290042443501186, -21.164402149162697], [55.291722335606394, -21.164397898715148], [55.29198867359712, -21.165271320197082], [55.29218622106285, -21.165929976814333], [55.29223190050026, -21.16656451851761], [55.292208613340314, -21.167502758433965], [55.292180185754276, -21.16804983982406], [55.29202330230935, -21.170601286132683], [55.29222614158885, -21.17394490044109], [55.2946071011754, -21.175839561499295], [55.294660397104366, -21.177742340038574], [55.29440059515449, -21.179906610894466], [55.29407001813595, -21.181439699241928], [55.29370524256261, -21.18385401042207], [55.29375473085414, -21.185080216552304], [55.29369656966648, -21.18511304947267], [55.293232867229534, -21.185153529329728], [55.29209936332388, -21.184983106368865], [55.28985166049828, -21.184639272042585], [55.288015280999076, -21.18479003773197], [55.28732788868668, -21.18556347652353], [55.28703782582645, -21.186957856179053], [55.28703592612462, -21.18703912893941], [55.28707041112492, -21.187138835416068], [55.28711538476993, -21.187247680651854], [55.28726193459753, -21.187568011457593], [55.287334595382724, -21.187697911901335], [55.287422861606615, -21.187810808830093], [55.2874972140244, -21.187877499230257], [55.28755259834751, -21.187918706524112], [55.28764635606972, -21.187972948093254], [55.2877365532814, -21.188001862681038], [55.28990079196521, -21.190162664437818], [55.29124275666516, -21.19297901257466], [55.29141101751778, -21.1935064032394], [55.29082057782844, -21.194012570910324], [55.29060967062075, -21.19417844060623], [55.290386648982576, -21.194308960853903], [55.29022084002525, -21.194405736522747], [55.28905287101263, -21.194462558235927], [55.2873512332359, -21.194360410895797], [55.287297715438015, -21.19424064012253], [55.28725409855372, -21.194097485369994], [55.28585987446233, -21.193730176320393], [55.28543516096021, -21.193644574556878], [55.28480260571757, -21.193792608218807]]]}";9741301;97413;974;4;974130101;St-Leu Ville;Saint-Leu;LA REUNION;St-Leu Ville;LA REUNION;;4;;;;;;Iris d'habitat;7585;228.349524439;114.174762220;;243.022077279;;121.511038640;228.349524439;114;114.174762220;101.423762098;;101.423762098;96.451677449;;96.451677449;101.423762098;101;101.423762098;995.581807315;340.166287033;1498.710113312;483.198492710;108.914511318;108.837290860;108.914511318;119.435013121;134.184786419;119.435013121;79.176490322;79.799934213;79.176490322;91.645745034;94.982790279;91.645745034;123.955524226;130.064755380;123.955524226;101.423762098;96.451677449;101.423762098;91.645745034;;91.645745034;94.982790279;;94.982790279;91.645745034;91;91.645745034;203.132014548;;101.566007274;209.864689593;;104.932344797;203.132014548;101;101.566007274;16986;;;329.773286538;;109.924428846;339.473754729;;113.157918243;329.773286538;109;109.924428846;294.777759582;;98.259253194;304.847479872;;101.615826624;294.777759582;98;98.259253194;Polygon;14461;1;2558.740552089;940.017483257;83.582885914;663.510228539;470.120749932;0.341675877;0.322409576;0.367375068;0.185830369;0.131667469;14461;16986;624.551046120;;644.321234601;;624.551046120;104;0.313710150;0.313932729;0.313710150;0.269945611;0.240272824;0.269945611;0.463995141;0.460370138;0.463995141;0.202770319;0.195646357;0.202770319;0.106221542;0.101232243;0.106221542;14258;14993;14258
Saint-Leu;LA REUNION;CA Territoire de la Côte Ouest (Tco);LA REUNION;4691.843344986;87.222420885;89.461148076;87.222420885;Non;974130102;97413;69;249740101;-21.1696496421, 55.3032515577;"{""type"": ""Polygon"", ""coordinates"": [[[55.3164808912989, -21.178491271005953], [55.31644200603583, -21.178523400937657], [55.3150830321468, -21.17989455091321], [55.31505211580647, -21.179903275284826], [55.31498544795896, -21.179922482320464], [55.31489573100291, -21.179936040019133], [55.31466631642085, -21.17995452764814], [55.31272442805652, -21.180497882168392], [55.311074097452575, -21.181443365155808], [55.31002736493365, -21.18232351015053], [55.3096430563919, -21.182666516173672], [55.30953105372103, -21.18277649606598], [55.30945891197921, -21.18285345423169], [55.30941071050815, -21.182942394120065], [55.30936111466331, -21.183069256659916], [55.305961114395885, -21.183694585393354], [55.30302081604351, -21.183910320186854], [55.299850965311954, -21.184071305694683], [55.2979377287022, -21.184711193745727], [55.29446746674431, -21.18507476559886], [55.29440365301854, -21.185012700748604], [55.294349209878526, -21.18497331163699], [55.29428602758972, -21.18494015703585], [55.294208276576704, -21.184917694330892], [55.294115832462985, -21.184916761213803], [55.294029869956695, -21.184938474657862], [55.29394860821114, -21.18497017123128], [55.29377994404838, -21.185065115908905], [55.29375473085414, -21.185080216552304], [55.29370524256261, -21.18385401042207], [55.29407001813595, -21.181439699241928], [55.29440059515449, -21.179906610894466], [55.294660397104366, -21.177742340038574], [55.2946071011754, -21.175839561499295], [55.29222614158885, -21.17394490044109], [55.29202330230935, -21.170601286132683], [55.292180185754276, -21.16804983982406], [55.292208613340314, -21.167502758433965], [55.29223190050026, -21.16656451851761], [55.29218622106285, -21.165929976814333], [55.29198867359712, -21.165271320197082], [55.291722335606394, -21.164397898715148], [55.290042443501186, -21.164402149162697], [55.288132551114494, -21.16364081115084], [55.28808889856043, -21.16350126924232], [55.288062864303015, -21.16342061672572], [55.288028680792806, -21.16337872135414], [55.28791540432732, -21.163264668845308], [55.28786479068046, -21.163228026613893], [55.287877740228595, -21.163023120572117], [55.28788112046831, -21.16289670017114], [55.28787964161217, -21.162857845568485], [55.28787642414967, -21.162802714915564], [55.2878630521288, -21.16270954508653], [55.28783905801774, -21.162618977474896], [55.28859132953624, -21.161332090976806], [55.2898091409701, -21.16027781796762], [55.29182506537936, -21.159474424106428], [55.29437559757999, -21.15818976994915], [55.296312002503896, -21.157304902456893], [55.29784297411663, -21.15705475727214], [55.299581545444845, -21.156690390926013], [55.30309698152959, -21.155493424499163], [55.303657834902964, -21.155368980233593], [55.30382869847657, -21.155330950118795], [55.30532979971356, -21.15499552981052], [55.307623118047985, -21.154425949503302], [55.30913465844934, -21.154272153130318], [55.30917531011827, -21.15425359101107], [55.309213902912376, -21.154246750629287], [55.30925414433483, -21.154264314613116], [55.30928543369042, -21.154307080289733], [55.30956825668684, -21.154754307971327], [55.31119976405306, -21.157521466985546], [55.31210688515526, -21.158916566491424], [55.31376662624575, -21.1614943026566], [55.314866485963016, -21.164240776231686], [55.3154321070559, -21.16488385815063], [55.315698118701526, -21.165973377176332], [55.31562650557366, -21.167706013261846], [55.31499483228743, -21.1691077889487], [55.31469656885182, -21.170655814973287], [55.314535110576976, -21.174111868202203], [55.3164808912989, -21.178491271005953]]]}";9741301;97413;974;4;974130102;l'Etang St-Leu;Saint-Leu;LA REUNION;l'Etang St-Leu;LA REUNION;;4;;;;;;Iris d'habitat;7585;170.456265255;85.228132627;;181.215179612;;90.607589806;170.456265255;85;85.228132627;101.423762098;;101.423762098;96.451677449;;96.451677449;101.423762098;101;101.423762098;1330.544205040;345.866872483;1739.280667075;411.268743572;82.861175200;82.802426575;82.861175200;87.595090054;98.412753037;87.595090054;86.552168900;87.233689649;86.552168900;90.366535293;93.657001390;90.366535293;74.535793765;78.209340355;74.535793765;101.423762098;96.451677449;101.423762098;90.366535293;;90.366535293;93.657001390;;93.657001390;90.366535293;90;90.366535293;161.087962665;;80.543981333;165.443030004;;82.721515002;161.087962665;80;80.543981333;12114;;;271.880027353;;90.626675784;277.666857061;;92.555619020;271.880027353;90;90.626675784;251.454497958;;83.818165986;259.100031394;;86.366677131;251.454497958;83;83.818165986;Polygon;14461;1;3257.607863308;1308.248339368;48.253701906;859.717007643;371.467639032;0.259943917;0.236459101;0.401597858;0.183236512;0.079173069;14461;12114;523.334525312;;536.766888455;;523.334525312;87;0.313710150;0.313932729;0.313710150;0.269945611;0.240272824;0.269945611;0.463995141;0.460370138;0.463995141;0.202770319;0.195646357;0.202770319;0.106221542;0.101232243;0.106221542;14258;14993;14258
Saint-Louis;LA REUNION;CA Civis (Communauté Intercommunale des Villes Solidaires);LA REUNION;5318.264227025;108.798255752;110.501213121;108.798255752;Non;974140101;97414;69;249740077;-21.2861812071, 55.4136980292;"{""type"": ""Polygon"", ""coordinates"": [[[55.41950668145769, -21.281287060549225], [55.419489903804774, -21.281323937549626], [55.4196865588885, -21.28240158972761], [55.41961962832492, -21.285147835282356], [55.41960919052438, -21.285222709512187], [55.419623779236176, -21.285300528501107], [55.41963509236387, -21.285324119965292], [55.41971678111717, -21.28543599013565], [55.419770003708734, -21.285506042225297], [55.419837623560454, -21.285581649106838], [55.419816759111974, -21.285640166454925], [55.419823725414126, -21.285709784371193], [55.41985563147999, -21.285790475720283], [55.41988420398973, -21.285822358676956], [55.41952357060586, -21.28647068972135], [55.41916516059493, -21.28709103899965], [55.4185891379386, -21.287872385094904], [55.41772356050574, -21.28887231072277], [55.41770894077819, -21.28888752904195], [55.41769145895851, -21.288900010621234], [55.41767206907667, -21.288910667706013], [55.41764984609995, -21.288915878486], [55.417627652118696, -21.28891837969971], [55.41760551613138, -21.28891546178401], [55.41758340914278, -21.28890983430226], [55.417556599674185, -21.28889332326944], [55.41753276829128, -21.288868710721108], [55.41677874430591, -21.288360301298738], [55.415823589841075, -21.287734376552173], [55.41535845166226, -21.287430110518706], [55.41463645777835, -21.287081873858718], [55.41286569357153, -21.287828458272692], [55.412050468342706, -21.288174854961756], [55.41152666842097, -21.288397538926898], [55.41081115365322, -21.288702416120422], [55.41133391585525, -21.289114728149396], [55.411139838337746, -21.29043684145957], [55.410535728417514, -21.291730307349862], [55.410219696414025, -21.29199017600261], [55.40964235188942, -21.29181309952649], [55.40911596804154, -21.291602629969695], [55.4084528091127, -21.290757669558364], [55.4077336775662, -21.290143867523188], [55.40736287588093, -21.289851311552354], [55.40665610628479, -21.289343305456896], [55.40624663461912, -21.28906212376684], [55.40527109311794, -21.28836458954168], [55.40555710513151, -21.288028570725412], [55.40563646760833, -21.28808713197035], [55.407871843925804, -21.286576332911913], [55.408280306619794, -21.286279404460544], [55.409045023814954, -21.285700406633374], [55.412299125301345, -21.28431478725345], [55.41250599672446, -21.28443597054706], [55.41260580087551, -21.284475752484617], [55.41277931850666, -21.284471968700878], [55.412967329866184, -21.284464708247683], [55.413188193007166, -21.284449627709467], [55.41362050539746, -21.284398601667824], [55.41375474526203, -21.284372768116363], [55.41389012310113, -21.284330686174293], [55.41411278258565, -21.2842379394268], [55.41441415689275, -21.284084510769524], [55.414724774721, -21.283877875157305], [55.41484340614991, -21.283779631482133], [55.41504776862975, -21.28359548004631], [55.41531390552373, -21.28331254912608], [55.41558432171952, -21.282989913735236], [55.415876536828534, -21.28261147964839], [55.41669568947079, -21.281534346322566], [55.416957473952024, -21.280937030300887], [55.4171772440053, -21.27994277918091], [55.41714056095052, -21.279858429396427], [55.41716880596791, -21.279830693227954], [55.41758947283707, -21.27978586966595], [55.41915323560357, -21.280722805885855], [55.41938950702883, -21.28097884551371], [55.419473168961645, -21.28108621784099], [55.419506134160436, -21.281157886376047], [55.41951326430811, -21.28121215009878], [55.419516800432625, -21.28124199152824], [55.41950668145769, -21.281287060549225]]]}";9741401;97414;974;4;974140101;Centre Ville;Saint-Louis;LA REUNION;Centre Ville;LA REUNION;;4;;;;;;Iris d'habitat;11735;232.791664354;116.395832177;;239.986342880;;119.993171440;232.791664354;116;116.395832177;86.818603529;;86.818603529;90.635098607;;90.635098607;86.818603529;86;86.818603529;1401.766198230;684.613934110;1789.092995386;372.401638148;155.683139287;158.793511243;155.683139287;77.108525067;81.192831638;77.108525067;126.083417518;123.734616689;126.083417518;113.770554085;117.001240930;113.770554085;93.325295026;91.649979619;93.325295026;86.818603529;90.635098607;86.818603529;113.770554085;;113.770554085;117.001240930;;117.001240930;113.770554085;113;113.770554085;219.408712544;;109.704356272;215.384596307;;107.692298154;219.408712544;109;109.704356272;4924;;;319.610267884;;106.536755961;330.621441488;;110.207147163;319.610267884;106;106.536755961;333.179266629;;111.059755543;332.385837237;;110.795279079;333.179266629;111;111.059755543;Polygon;12378.596491228;1;3204.623310382;1874.771710538;142.521860755;1226.885877935;527.207868803;0.488393810;0.208151079;0.585020930;0.230692915;0.099131567;12378.596491228;4924;652.789534512;;663.007278725;;652.789534512;108;0.313710150;0.307565344;0.313710150;0.269945611;0.256366326;0.269945611;0.463995141;0.472802960;0.463995141;0.202770319;0.197171340;0.202770319;0.106221542;0.108163218;0.106221542;14258;13657.619047619;14258
Saint-Louis;LA REUNION;CA Civis (Communauté Intercommunale des Villes Solidaires);LA REUNION;1698.700208227;109.432060470;110.930866676;109.432060470;Non;974140103;97414;69;249740077;-21.2901852811, 55.4146260038;"{""type"": ""Polygon"", ""coordinates"": [[[55.41920055654625, -21.291623122461722], [55.41905676044042, -21.291640740776383], [55.41709481783962, -21.292055875339305], [55.41516275066327, -21.292470364437435], [55.412406923341464, -21.29249678325366], [55.41069117242125, -21.29224302940992], [55.410219696414025, -21.29199017600261], [55.410535728417514, -21.291730307349862], [55.411139838337746, -21.29043684145957], [55.41133391585525, -21.289114728149396], [55.41081115365322, -21.288702416120422], [55.41152666842097, -21.288397538926898], [55.412050468342706, -21.288174854961756], [55.41286569357153, -21.287828458272692], [55.41463645777835, -21.287081873858718], [55.41535845166226, -21.287430110518706], [55.415823589841075, -21.287734376552173], [55.41677874430591, -21.288360301298738], [55.41753276829128, -21.288868710721108], [55.417556599674185, -21.28889332326944], [55.41758340914278, -21.28890983430226], [55.41760551613138, -21.28891546178401], [55.417627652118696, -21.28891837969971], [55.41764984609995, -21.288915878486], [55.41767206907667, -21.288910667706013], [55.417703339426886, -21.28896064196083], [55.4180555152474, -21.289194287970215], [55.41863451426745, -21.289577298727554], [55.41920201278366, -21.291577068916926], [55.41920055654625, -21.291623122461722]]]}";9741401;97414;974;4;974140103;Centre Ville Est;Saint-Louis;LA REUNION;Centre Ville Est;LA REUNION;;4;;;;;;Iris d'habitat;11735;196.356063429;98.178031714;;203.309850293;;101.654925146;196.356063429;98;98.178031714;86.818603529;;86.818603529;90.635098607;;90.635098607;86.818603529;86;86.818603529;457.125010749;149.834611012;634.436333490;157.343625573;104.483711339;106.571176990;104.483711339;91.872352089;96.738673303;91.872352089;121.420942490;119.158998643;121.420942490;108.056369195;111.124793124;108.056369195;143.940384179;141.356459389;143.940384179;86.818603529;90.635098607;86.818603529;108.056369195;;108.056369195;111.124793124;;111.124793124;108.056369195;108;108.056369195;265.361326669;;132.680663334;260.515458032;;130.257729016;265.361326669;132;132.680663334;7811;;;283.174666958;;94.391555653;293.944948900;;97.981649633;283.174666958;94;94.391555653;373.417695864;;124.472565288;371.640251156;;123.880083719;373.417695864;124;124.472565288;Polygon;12378.596491228;1;1179.110771348;664.296001812;27.513230797;372.195822667;259.723949940;0.327776008;0.248005383;0.563387273;0.219106244;0.152895696;12378.596491228;7811;656.592362822;;665.585200056;;656.592362822;109;0.313710150;0.307565344;0.313710150;0.269945611;0.256366326;0.269945611;0.463995141;0.472802960;0.463995141;0.202770319;0.197171340;0.202770319;0.106221542;0.108163218;0.106221542;14258;13657.619047619;14258
Saint-Louis;LA REUNION;CA Civis (Communauté Intercommunale des Villes Solidaires);LA REUNION;3443.164365015;109.405759329;111.110533545;109.405759329;Non;974140102;97414;69;249740077;-21.2827147153, 55.4109205146;"{""type"": ""Polygon"", ""coordinates"": [[[55.40689065343264, -21.281617100472527], [55.40695861486944, -21.28166019742166], [55.407239687347555, -21.28169176119251], [55.407457674894, -21.281674854233184], [55.41106959692018, -21.281691814264843], [55.41173305893735, -21.28138463638275], [55.4121129034138, -21.281013358581447], [55.41249151816799, -21.280397279935674], [55.4127798958082, -21.27992758402159], [55.41295749177876, -21.279632982693816], [55.41406242223595, -21.27774379781475], [55.41517034563844, -21.277013782935267], [55.41640724438658, -21.276519337624677], [55.41671020281035, -21.276576382793277], [55.4166734182453, -21.276681720678468], [55.41666083999649, -21.27677644677337], [55.416664817179075, -21.276855069480312], [55.41697744339263, -21.27934112357536], [55.41710692346798, -21.279759655763808], [55.41714056095052, -21.279858429396427], [55.4171772440053, -21.27994277918091], [55.416957473952024, -21.280937030300887], [55.41669568947079, -21.281534346322566], [55.415876536828534, -21.28261147964839], [55.41558432171952, -21.282989913735236], [55.41531390552373, -21.28331254912608], [55.41504776862975, -21.28359548004631], [55.41484340614991, -21.283779631482133], [55.414724774721, -21.283877875157305], [55.41441415689275, -21.284084510769524], [55.41411278258565, -21.2842379394268], [55.41389012310113, -21.284330686174293], [55.41375474526203, -21.284372768116363], [55.41362050539746, -21.284398601667824], [55.413188193007166, -21.284449627709467], [55.412967329866184, -21.284464708247683], [55.41277931850666, -21.284471968700878], [55.41260580087551, -21.284475752484617], [55.41250599672446, -21.28443597054706], [55.412299125301345, -21.28431478725345], [55.409045023814954, -21.285700406633374], [55.408280306619794, -21.286279404460544], [55.407871843925804, -21.286576332911913], [55.40563646760833, -21.28808713197035], [55.40555710513151, -21.288028570725412], [55.405104809325834, -21.28769730080605], [55.40470128319282, -21.28740171963628], [55.40411991839208, -21.28697438030673], [55.4034030645215, -21.286242254098063], [55.404688862160874, -21.28453280147415], [55.40476109851454, -21.284447674809382], [55.40482843855532, -21.28436972791784], [55.40492376359512, -21.284288433023175], [55.405082116504815, -21.284082179908932], [55.406888706692804, -21.281618888605713], [55.40689065343264, -21.281617100472527]]]}";9741401;97414;974;4;974140102;Centre Ville Ouest;Saint-Louis;LA REUNION;Centre Ville Ouest;LA REUNION;;4;;;;;;Iris d'habitat;11735;227.148197015;113.574098508;;234.714842358;;117.357421179;227.148197015;113;113.574098508;86.818603529;;86.818603529;90.635098607;;90.635098607;86.818603529;86;86.818603529;877.480884663;372.574821153;1179.955308200;292.409978957;135.346573909;138.050644431;135.346573909;91.801623107;96.664197927;91.801623107;127.358353294;124.985801759;127.358353294;109.596448165;112.708604963;109.596448165;105.512953973;103.618853585;105.512953973;86.818603529;90.635098607;86.818603529;109.596448165;;109.596448165;112.708604963;;112.708604963;109.596448165;109;109.596448165;232.871307267;;116.435653633;228.604655344;;114.302327672;232.871307267;116;116.435653633;5564;;;313.966800545;;104.655600182;325.349940966;;108.449980322;313.966800545;104;104.655600182;342.467755432;;114.155918477;341.313260307;;113.771086769;342.467755432;114;114.155918477;Polygon;12378.596491228;1;2208.564846247;1305.121735794;132.658658211;765.171205214;385.901208285;0.424595940;0.247814453;0.590936570;0.222229067;0.112077487;12378.596491228;5564;656.434555976;;666.663201273;;656.434555976;109;0.313710150;0.307565344;0.313710150;0.269945611;0.256366326;0.269945611;0.463995141;0.472802960;0.463995141;0.202770319;0.197171340;0.202770319;0.106221542;0.108163218;0.106221542;14258;13657.619047619;14258
Saint-Louis;LA REUNION;CA Civis (Communauté Intercommunale des Villes Solidaires);LA REUNION;1941.120088712;91.006928093;92.304608299;91.006928093;Non;974140205;97414;69;249740077;-21.2310999833, 55.4360098573;"{""type"": ""Polygon"", ""coordinates"": [[[55.43867291747768, -21.204161411472068], [55.43868225465892, -21.204189499901165], [55.43903808233493, -21.204885615534423], [55.43907697376089, -21.204942882519955], [55.43939613921286, -21.20527824440414], [55.44166648689073, -21.207577318543443], [55.44333305016763, -21.209496835728462], [55.44387615013352, -21.21186931220737], [55.44390832647407, -21.21351489422139], [55.44400969285771, -21.21451184155824], [55.4441426599009, -21.214968553302132], [55.44421930142404, -21.215100914814503], [55.44436519615151, -21.215335309300706], [55.44447079883548, -21.215461840360213], [55.44466350674165, -21.215641565019478], [55.44521300298262, -21.21606304582376], [55.44665009525061, -21.217554066752438], [55.44847249019838, -21.22034123455318], [55.44860780528632, -21.22057507694908], [55.44872260891318, -21.220835829584296], [55.44900314977892, -21.222014498429584], [55.44902201007712, -21.222329921803542], [55.44897471598429, -21.222707064556662], [55.44884040551905, -21.22339052781558], [55.449120707249406, -21.225514040816197], [55.449594337596714, -21.227483963079283], [55.44991321672832, -21.228222174927552], [55.45019277187591, -21.22885162967571], [55.4503271183519, -21.22899468097426], [55.450785531544284, -21.229426149344864], [55.451590743474284, -21.230783741641286], [55.45177537871165, -21.23238539772102], [55.451785575201846, -21.23302366928049], [55.45181654132785, -21.236286428858158], [55.45104762644182, -21.239013867544703], [55.45040299896828, -21.240263976345048], [55.45005781259704, -21.241486573944336], [55.44989397738252, -21.242135439491452], [55.449903601811926, -21.24241283907723], [55.45004935974511, -21.243124167537818], [55.450097209251744, -21.243339591187414], [55.45017922710067, -21.243650626324477], [55.45036800575627, -21.24434834889259], [55.450396256738614, -21.24441093576377], [55.4505406189735, -21.24451885098541], [55.450656362030166, -21.24459940432892], [55.451514699746824, -21.245075194938355], [55.452527523317606, -21.24561291999501], [55.45326073265692, -21.24616975361446], [55.45448547280472, -21.247823173557528], [55.45519932266841, -21.249406868006044], [55.455595861452416, -21.250835899834122], [55.45543234506195, -21.252032847594176], [55.455520608167845, -21.25287846228687], [55.45575135293054, -21.25375948162498], [55.45605120745418, -21.25438911464033], [55.456397401788706, -21.254640691252195], [55.456832552766386, -21.25495540896169], [55.45722663832565, -21.255142385230716], [55.45746777382055, -21.25530447530402], [55.45778689145285, -21.255565737712555], [55.45843366526747, -21.256194024460886], [55.458539410666766, -21.25631061333287], [55.458548632101206, -21.256535618091114], [55.458511233691745, -21.257443990632673], [55.4584916955157, -21.25756214354576], [55.45845290589543, -21.257678313781433], [55.45842421198693, -21.257750314906225], [55.458347145043, -21.25784084274163], [55.4581934057891, -21.257983963526073], [55.45826283333098, -21.261311432155964], [55.458418121583854, -21.261482672137863], [55.4585718211911, -21.26180655420603], [55.458678025938106, -21.26215710057163], [55.458697728917066, -21.262300904589143], [55.45871701793805, -21.26266962510284], [55.45873663573581, -21.2631919086372], [55.45874655502781, -21.263488731527016], [55.458737579406915, -21.263749249810726], [55.45872787318945, -21.263848523390067], [55.458716141335614, -21.26386467537347], [55.458601647485, -21.264032544052355], [55.457796337670146, -21.264744197183855], [55.4565031041399, -21.26530052695681], [55.45460166165186, -21.2652234802821], [55.4531210798155, -21.263418665084206], [55.451400975259205, -21.262613614100925], [55.44934766896647, -21.26211214807982], [55.44797494519007, -21.26078251219382], [55.44795826438889, -21.26071912818918], [55.44793681330877, -21.26065118379355], [55.447883918321835, -21.26045739232899], [55.447720210384745, -21.259803708298335], [55.4476980516287, -21.25971136849944], [55.44768064421281, -21.25962539550133], [55.44766338829904, -21.259524971239156], [55.44764530143757, -21.25941189324537], [55.44764170300366, -21.25938747123856], [55.44768333303875, -21.259368885585733], [55.447706731992035, -21.259342905669186], [55.447731217528194, -21.259305192971915], [55.447763553184814, -21.259254003206422], [55.44810041847587, -21.25864828722352], [55.44810839603182, -21.25770306623068], [55.44802111991116, -21.25593305466185], [55.447870315743515, -21.255227210071848], [55.447430068569304, -21.254757057074254], [55.44714498454269, -21.255142555081303], [55.44689018450545, -21.25544998883338], [55.44668638255059, -21.255657109806595], [55.44616711492108, -21.256014543312798], [55.44565850389876, -21.25599901423906], [55.445452915665676, -21.255113699782154], [55.44545256832155, -21.25505498267234], [55.445460408927964, -21.255042408912058], [55.445477034665934, -21.25501907668288], [55.4457547759069, -21.253895233202417], [55.445822482253824, -21.252217543302134], [55.4458183785963, -21.25205762291245], [55.4457707101058, -21.251641669431145], [55.44559875834177, -21.2514079381469], [55.44523933315393, -21.251180155782226], [55.44430497211187, -21.250648078796655], [55.443349619888195, -21.247666530086942], [55.44341516132866, -21.24748105725747], [55.44344199007237, -21.247403621919062], [55.4436040148817, -21.24683875415731], [55.44360717079864, -21.246813491138333], [55.44359956768476, -21.24680348475302], [55.44359289005911, -21.246797100074886], [55.44357284769909, -21.246778849242627], [55.44353073177447, -21.246752265022952], [55.44349722983506, -21.246731180059722], [55.44331513597779, -21.246638266577094], [55.44317038843689, -21.246567376727224], [55.44300387369719, -21.24650486702013], [55.44247628650774, -21.246327014110292], [55.44026829080501, -21.245694172877787], [55.438969352488705, -21.246391234784802], [55.43763695884344, -21.246593620174608], [55.43633641098506, -21.246448133914793], [55.435836963980215, -21.244837454001118], [55.433196598530735, -21.24350317299961], [55.43016343773125, -21.24305403148268], [55.42935716218122, -21.243401515467948], [55.42849838535918, -21.243493018733364], [55.426576783689335, -21.24364748467843], [55.42543140345358, -21.24344529696506], [55.42463977761935, -21.241960128330003], [55.424560385225185, -21.241724532424982], [55.42453427427478, -21.241642992797715], [55.42463596197877, -21.23896479743819], [55.423873684955055, -21.23816549410499], [55.42308405768518, -21.23740206340388], [55.42269367473229, -21.237056971293864], [55.42217828590108, -21.23542172092776], [55.42229524636818, -21.23393691031759], [55.42133407420636, -21.233905335881065], [55.41712074274096, -21.23392727651834], [55.41503883543166, -21.234010702587998], [55.41401715797037, -21.23405168388019], [55.4137271210775, -21.23360544489626], [55.41358654992167, -21.23305673361537], [55.413576938863166, -21.23296450838424], [55.41359204873406, -21.23281289896073], [55.41364467890573, -21.232396077189932], [55.41368816944068, -21.23220318359928], [55.41376721584883, -21.232018753855716], [55.41350737783223, -21.229920693935046], [55.412511158387204, -21.228215861204646], [55.412414661425764, -21.22805055577373], [55.41226707482391, -21.227798054389833], [55.41220596888441, -21.22765656723991], [55.412128023975676, -21.22728819759625], [55.41208852394124, -21.22692831926777], [55.41210461429791, -21.22659515927589], [55.411684464082576, -21.22480631784674], [55.411091202554836, -21.222631047195947], [55.410721970035716, -21.221486724025176], [55.410651332002416, -21.221336113838625], [55.41048751457459, -21.221070812416613], [55.41027834761366, -21.22081230996897], [55.41015942213276, -21.22067298744732], [55.41209620223387, -21.219460045100643], [55.413685630469715, -21.218566287039938], [55.417599014718284, -21.2161867315755], [55.41824435102635, -21.215742943434794], [55.419125265208756, -21.21515863966989], [55.42225781815181, -21.2132232960973], [55.425456740030434, -21.211743766107634], [55.427177818181384, -21.210774319544107], [55.429197160182824, -21.210109328112626], [55.43083900127989, -21.209615138776808], [55.43197046013696, -21.20901412204287], [55.432821758298196, -21.20830661866904], [55.43419372428636, -21.207550645159696], [55.435765636934825, -21.2066953431977], [55.43825411507961, -21.20524058807342], [55.43834234207705, -21.205186303062714], [55.43856473463269, -21.20492279114313], [55.43863214762524, -21.20474094910798], [55.4386810474608, -21.204487575673525], [55.43867291747768, -21.204161411472068]]]}";9741402;97414;974;4;974140205;Hauts de la Riviere;Saint-Louis;LA REUNION;Hauts de la Riviere;LA REUNION;;4;;;;;;Iris d'habitat;11735;142.628230319;71.314115159;;147.687222190;;73.843611095;142.628230319;71;71.314115159;86.818603529;;86.818603529;90.635098607;;90.635098607;86.818603529;86;86.818603529;537.147784868;127.483544433;649.552390138;117.435210074;75.653978226;77.165458617;75.653978226;66.974252093;70.521763573;66.974252093;124.843773367;122.518065798;124.843773367;100.942971010;103.809399245;100.942971010;90.807990334;89.177863954;90.807990334;86.818603529;90.635098607;86.818603529;100.942971010;;100.942971010;103.809399245;;103.809399245;100.942971010;100;100.942971010;215.651763700;;107.825881850;211.695929752;;105.847964876;215.651763700;107;107.825881850;8760;;;229.446833848;;76.482277949;238.322320797;;79.440773599;229.446833848;76;76.482277949;316.594734710;;105.531578237;315.505328997;;105.168442999;316.594734710;105;105.531578237;Polygon;12378.596491228;1;1276.499431326;739.436602380;4.996459368;397.313087464;187.235877397;0.237334209;0.180794054;0.579269042;0.204682384;0.096457648;12378.596491228;8760;546.041568558;;553.827649794;;546.041568558;91;0.313710150;0.307565344;0.313710150;0.269945611;0.256366326;0.269945611;0.463995141;0.472802960;0.463995141;0.202770319;0.197171340;0.202770319;0.106221542;0.108163218;0.106221542;14258;13657.619047619;14258
Saint-Louis;LA REUNION;CA Civis (Communauté Intercommunale des Villes Solidaires);LA REUNION;1718.690117749;99.462699446;100.928316628;99.462699446;Non;974140206;97414;69;249740077;-21.266565112, 55.4513515541;"{""type"": ""Polygon"", ""coordinates"": [[[55.45298771715064, -21.2703709831763], [55.45244019004456, -21.2703858265491], [55.45235063280927, -21.2703795840459], [55.45174398674645, -21.270334264773396], [55.450008177399944, -21.269963986604253], [55.44881598474593, -21.269630764218707], [55.445714304326344, -21.268950903937423], [55.44358378457746, -21.270493923772143], [55.443390027602476, -21.270499359795455], [55.44338253323061, -21.27038728274706], [55.44283827901645, -21.268808723986073], [55.443342057879974, -21.26718023336012], [55.44407471661343, -21.26664954409891], [55.44490929762502, -21.265956296685527], [55.445033894834, -21.26583730912388], [55.44519461773421, -21.265673490344575], [55.44528832378175, -21.265559637239328], [55.44548869790294, -21.265290499102022], [55.44558458662727, -21.265152277112723], [55.44664201040538, -21.26360791808594], [55.447258050536504, -21.26243299517016], [55.44731532952241, -21.26207085173073], [55.447589454732615, -21.26133809856132], [55.44761721000864, -21.261264284391753], [55.44764982077133, -21.261186901779954], [55.44769109377965, -21.261110502243767], [55.44772840848403, -21.26104400243428], [55.44789027798969, -21.260769989620435], [55.447920469160444, -21.26073955579053], [55.44795826438889, -21.26071912818918], [55.44797494519007, -21.26078251219382], [55.44934766896647, -21.26211214807982], [55.451400975259205, -21.262613614100925], [55.4531210798155, -21.263418665084206], [55.45460166165186, -21.2652234802821], [55.4565031041399, -21.26530052695681], [55.457796337670146, -21.264744197183855], [55.458601647485, -21.264032544052355], [55.458716141335614, -21.26386467537347], [55.45872787318945, -21.263848523390067], [55.4587366767793, -21.263835957797767], [55.45935361077391, -21.2630756060702], [55.45965938373898, -21.263046786178542], [55.45973499830101, -21.26346660605051], [55.45989263903582, -21.265079524375565], [55.45975061820842, -21.265855510960282], [55.459400602237324, -21.268931188650505], [55.45676488251327, -21.269469139006773], [55.455472709594915, -21.26938842086173], [55.455324138377826, -21.269404221211992], [55.45454880462009, -21.269547960076757], [55.45418276607296, -21.26962499471009], [55.45365250229494, -21.269740265998774], [55.45353936629867, -21.269777165723774], [55.453430925496434, -21.2698258512693], [55.453296978304095, -21.269917660569455], [55.45320937757676, -21.27000086239199], [55.45310096555873, -21.27013897386197], [55.45302528707057, -21.27028009572419], [55.45298771715064, -21.2703709831763]]]}";9741402;97414;974;4;974140206;La Riviere Est;Saint-Louis;LA REUNION;La Riviere Est;LA REUNION;;4;;;;;;Iris d'habitat;11735;179.498765522;89.749382761;;185.726126308;;92.863063154;179.498765522;89;89.749382761;86.818603529;;86.818603529;90.635098607;;90.635098607;86.818603529;86;86.818603529;504.685181842;157.434069900;646.954504832;139.821258342;99.437363023;101.424008377;99.437363023;80.061402498;84.302117931;80.061402498;100.705618111;98.829578867;100.705618111;102.491616716;105.402021087;102.491616716;127.261592798;124.977074897;127.261592798;86.818603529;90.635098607;86.818603529;102.491616716;;102.491616716;105.402021087;;105.402021087;102.491616716;102;102.491616716;227.967210909;;113.983605455;223.806653763;;111.903326882;227.967210909;113;113.983605455;13328;;;266.317369051;;88.772456350;276.361224916;;92.120408305;266.317369051;88;88.772456350;330.458827626;;110.152942542;329.208674851;;109.736224950;330.458827626;110;110.152942542;Polygon;12378.596491228;1;1224.070625939;571.970470713;22.478752021;357.182610839;232.331200205;0.311945101;0.216122242;0.467269174;0.207822578;0.135179226;12378.596491228;13328;596.776196677;;605.569899766;;596.776196677;99;0.313710150;0.307565344;0.313710150;0.269945611;0.256366326;0.269945611;0.463995141;0.472802960;0.463995141;0.202770319;0.197171340;0.202770319;0.106221542;0.108163218;0.106221542;14258;13657.619047619;14258
Saint-Louis;LA REUNION;CA Civis (Communauté Intercommunale des Villes Solidaires);LA REUNION;3185.998348834;100.286875629;101.897457967;100.286875629;Non;974140201;97414;69;249740077;-21.2661039514, 55.4411619924;"{""type"": ""Polygon"", ""coordinates"": [[[55.443390027602476, -21.270499359795455], [55.443244126969674, -21.270535949670105], [55.44068883459439, -21.27141379724088], [55.44047742245407, -21.271631339009243], [55.4404276510305, -21.271690495194928], [55.44041007791744, -21.27171201139708], [55.44025470270515, -21.27219021845958], [55.44022877341128, -21.272273080811914], [55.4402279737785, -21.272348949557173], [55.44025098803199, -21.272451234151376], [55.440355998287764, -21.272728612466523], [55.44080388286555, -21.273848319104466], [55.44084151358794, -21.27393538305003], [55.44044511115127, -21.27405727012393], [55.44030405300196, -21.274091192189644], [55.44001524839757, -21.274153554286986], [55.43990804019938, -21.2741760467838], [55.43972175886356, -21.274203226456518], [55.43843570725451, -21.274110915661513], [55.43802085350665, -21.273926411663908], [55.43719104839585, -21.27155933009761], [55.43716926731172, -21.2715229965556], [55.437182337636344, -21.271471630481564], [55.43642242640308, -21.26842005137195], [55.436151374745094, -21.267167838428033], [55.43636990128844, -21.26390448442185], [55.43646926962559, -21.263711199775603], [55.436546810364376, -21.263577329479233], [55.436930087122676, -21.263235829569513], [55.43774763587258, -21.262559622621705], [55.43857278067445, -21.261893417815866], [55.439408599003656, -21.262316673041163], [55.44016856444668, -21.262531465864996], [55.441070350163685, -21.262089973268598], [55.44140817844505, -21.261853726707365], [55.44163146331696, -21.26169681289618], [55.44186945725562, -21.261515645961385], [55.44204064417376, -21.261364572854735], [55.44209414179605, -21.261317193118046], [55.44214286926423, -21.261265252818227], [55.44217124862654, -21.261223963867813], [55.442187989646854, -21.26118979363746], [55.44220009356763, -21.261138418043235], [55.442198438239835, -21.261020975140113], [55.444723950418286, -21.260064817606953], [55.44734576854167, -21.25912188734334], [55.44736897812061, -21.25911397155091], [55.447389259276086, -21.25910964194082], [55.44741239309795, -21.259108951772962], [55.44743356201434, -21.259111856664752], [55.44746816332544, -21.259120305043357], [55.44750168750266, -21.25913958298584], [55.44752934538227, -21.259166936502623], [55.44758451914965, -21.25923519158292], [55.447608266190805, -21.259267928809898], [55.44761489718561, -21.259278829384492], [55.44762813077423, -21.259303340144783], [55.44763719786164, -21.259357621132896], [55.44764170300366, -21.25938747123856], [55.44764530143757, -21.25941189324537], [55.44766338829904, -21.259524971239156], [55.44768064421281, -21.25962539550133], [55.4476980516287, -21.25971136849944], [55.447720210384745, -21.259803708298335], [55.447883918321835, -21.26045739232899], [55.44793681330877, -21.26065118379355], [55.44795826438889, -21.26071912818918], [55.447920469160444, -21.26073955579053], [55.44789027798969, -21.260769989620435], [55.44772840848403, -21.26104400243428], [55.44769109377965, -21.261110502243767], [55.44764982077133, -21.261186901779954], [55.44761721000864, -21.261264284391753], [55.447589454732615, -21.26133809856132], [55.44731532952241, -21.26207085173073], [55.447258050536504, -21.26243299517016], [55.44664201040538, -21.26360791808594], [55.44558458662727, -21.265152277112723], [55.44548869790294, -21.265290499102022], [55.44528832378175, -21.265559637239328], [55.44519461773421, -21.265673490344575], [55.445033894834, -21.26583730912388], [55.44490929762502, -21.265956296685527], [55.44407471661343, -21.26664954409891], [55.443342057879974, -21.26718023336012], [55.44283827901645, -21.268808723986073], [55.44338253323061, -21.27038728274706], [55.443390027602476, -21.270499359795455]]]}";9741402;97414;974;4;974140201;La Riviere-Centre;Saint-Louis;LA REUNION;La Riviere-Centre;LA REUNION;;4;;;;;;Iris d'habitat;11735;201.542641537;100.771320769;;208.435851120;;104.217925560;201.542641537;100;100.771320769;86.818603529;;86.818603529;90.635098607;;90.635098607;86.818603529;86;86.818603529;916.526117412;329.638896192;1213.739118634;284.705938844;114.647617900;116.938146836;114.647617900;86.895023638;91.497704284;86.895023638;112.569917236;110.472858637;112.569917236;100.442640309;103.294860898;100.442640309;100.347451160;98.546078542;100.347451160;86.818603529;90.635098607;86.818603529;100.442640309;;100.442640309;103.294860898;;103.294860898;100.442640309;100;100.442640309;212.917368396;;106.458684198;209.018937179;;104.509468590;212.917368396;106;106.458684198;9808;;;288.361245067;;96.120415022;299.070949728;;99.690316576;288.361245067;96;96.120415022;313.360008705;;104.453336235;312.313798077;;104.104599359;313.360008705;104;104.453336235;Polygon;12378.596491228;1;2086.312320212;1089.720451585;25.972504609;648.885471670;339.597507301;0.359661214;0.234569303;0.522318946;0.203667862;0.106590610;12378.596491228;9808;601.721253772;;611.384747804;;601.721253772;100;0.313710150;0.307565344;0.313710150;0.269945611;0.256366326;0.269945611;0.463995141;0.472802960;0.463995141;0.202770319;0.197171340;0.202770319;0.106221542;0.108163218;0.106221542;14258;13657.619047619;14258
Saint-Louis;LA REUNION;CA Civis (Communauté Intercommunale des Villes Solidaires);LA REUNION;3107.195606971;107.490029527;109.396824326;107.490029527;Non;974140108;97414;69;249740077;-21.2883247956, 55.3987147637;"{""type"": ""Polygon"", ""coordinates"": [[[55.41920055654625, -21.291623122461722], [55.41925930443331, -21.291627287304877], [55.419573409236044, -21.291546231912076], [55.41998522515801, -21.291430865261184], [55.4202899057664, -21.291239519955383], [55.42131259915987, -21.290914901392462], [55.42280583948352, -21.291112265448895], [55.422938446331386, -21.291149639128086], [55.42326221554231, -21.29124661342692], [55.42354078698754, -21.291334131017223], [55.423777938340734, -21.29141945373504], [55.42400063426566, -21.291504640785725], [55.42403517395483, -21.291519416665537], [55.42405039496522, -21.291899840224293], [55.424171726212045, -21.29362804818717], [55.42308639456243, -21.29363414200006], [55.41959907528, -21.29473504714329], [55.41761967121558, -21.295877160378588], [55.41593140105087, -21.297101477636502], [55.41275545190259, -21.29845537150178], [55.411870440720946, -21.29883226853848], [55.41084793051629, -21.29926747835396], [55.409833168464296, -21.29969869009338], [55.40871186161666, -21.300177664638582], [55.40768085003245, -21.30068458403752], [55.406987044399074, -21.301025777366213], [55.405160503841785, -21.30200930134694], [55.40396366399744, -21.303588615881246], [55.403865399198615, -21.303494646576528], [55.40267979799966, -21.302471729499437], [55.40140179918862, -21.301126136286552], [55.39937420182388, -21.298911232791223], [55.39881784911912, -21.298130029529297], [55.39856208078149, -21.2977175103953], [55.39807546394899, -21.296816833545567], [55.39797845060734, -21.296608157607114], [55.39776794204466, -21.296377625859297], [55.3973200541247, -21.295994890370167], [55.39690802618466, -21.295682950540623], [55.39640615782483, -21.295390025729457], [55.39421247068603, -21.294193954132332], [55.39213474214982, -21.293106452568047], [55.39190590921645, -21.293011229569505], [55.3916440939523, -21.292891302818614], [55.39148303605246, -21.29281208249641], [55.39131932308774, -21.292711158180072], [55.39118146333821, -21.29262583641968], [55.39119013669846, -21.292625919324088], [55.3912335624724, -21.292620914785203], [55.391296468771614, -21.29259712776492], [55.391357771959186, -21.29254351749835], [55.39143495628337, -21.292447605305924], [55.391502886703165, -21.292316377115935], [55.3915810814594, -21.291950396824184], [55.3916358800979, -21.291431540290283], [55.39097465282147, -21.290994361050824], [55.389814867037956, -21.290229040527482], [55.38836390431565, -21.28938685701001], [55.38685550257619, -21.28851069043013], [55.38551943185871, -21.287564805813453], [55.385003895825136, -21.287027835925155], [55.3845149709383, -21.285996129086637], [55.38442038423477, -21.285744112904982], [55.38421725336451, -21.2853709203298], [55.383984769753994, -21.285038092869076], [55.383842284497455, -21.28484794214948], [55.383773888542855, -21.284756958783458], [55.383417080127614, -21.28433622339183], [55.38322344393473, -21.28415280721324], [55.38312214643567, -21.28407415341502], [55.38302556853454, -21.284004577565398], [55.382773936778996, -21.283836862742984], [55.38249453772059, -21.283652621998243], [55.38222466713378, -21.283478408320732], [55.381961285795846, -21.283327741558065], [55.38167663574449, -21.283183192856587], [55.38134559319727, -21.283050843455484], [55.38078901228959, -21.281247990024593], [55.38188899989663, -21.27980430299344], [55.38337193809249, -21.277840839960025], [55.38479080490807, -21.275916490689397], [55.38566430247343, -21.274732549885716], [55.38613667953823, -21.27409115810182], [55.3873049357784, -21.272481962068433], [55.3874106157841, -21.272334837500097], [55.38742982818934, -21.27234044105292], [55.38930658491597, -21.27282719531623], [55.389355579884146, -21.272841212888164], [55.389517932941196, -21.272887928816058], [55.38972130718034, -21.272972974148992], [55.38991953949044, -21.273087778044374], [55.390141419462886, -21.273243454943856], [55.39068036036878, -21.273664109936664], [55.39295081528636, -21.275437232414347], [55.395145655831804, -21.27716760411893], [55.396271108554274, -21.278071210371838], [55.397183649742374, -21.278791677173427], [55.39895281894197, -21.28014760951398], [55.40027408906746, -21.28112802462149], [55.40137316649672, -21.28189179321522], [55.403302207813304, -21.283265008530574], [55.40381481642795, -21.28363208202015], [55.404655360688686, -21.284243436081766], [55.40482843855532, -21.28436972791784], [55.40476109851454, -21.284447674809382], [55.404688862160874, -21.28453280147415], [55.4034030645215, -21.286242254098063], [55.40411991839208, -21.28697438030673], [55.40470128319282, -21.28740171963628], [55.405104809325834, -21.28769730080605], [55.40555710513151, -21.288028570725412], [55.40527109311794, -21.28836458954168], [55.40624663461912, -21.28906212376684], [55.40665610628479, -21.289343305456896], [55.40736287588093, -21.289851311552354], [55.4077336775662, -21.290143867523188], [55.4084528091127, -21.290757669558364], [55.40911596804154, -21.291602629969695], [55.40964235188942, -21.29181309952649], [55.410219696414025, -21.29199017600261], [55.41069117242125, -21.29224302940992], [55.412406923341464, -21.29249678325366], [55.41516275066327, -21.292470364437435], [55.41709481783962, -21.292055875339305], [55.41905676044042, -21.291640740776383], [55.41920055654625, -21.291623122461722]]]}";9741401;97414;974;4;974140108;Le Bas de la Ville-Bel Air;Saint-Louis;LA REUNION;Le Bas de la Ville-Bel Air;LA REUNION;;4;;;;;;Iris d'habitat;11735;251.269787672;125.634893836;;258.965814034;;129.482907017;251.269787672;125;125.634893836;86.818603529;;86.818603529;90.635098607;;90.635098607;86.818603529;86;86.818603529;846.632036560;451.925744578;1083.939443091;237.346711382;170.154646694;173.554142899;170.154646694;81.115140978;85.411671134;81.115140978;125.663442215;123.322465082;125.663442215;119.138185429;122.521294279;119.138185429;62.050158314;60.936273956;62.050158314;86.818603529;90.635098607;86.818603529;119.138185429;;119.138185429;122.521294279;;122.521294279;119.138185429;119;119.138185429;187.713600529;;93.856800264;184.258739039;;92.129369519;187.713600529;93;93.856800264;3560;;;338.088391202;;112.696130401;349.600912641;;116.533637547;338.088391202;112;112.696130401;306.851785957;;102.283928652;306.780033318;;102.260011106;306.851785957;102;102.283928652;Polygon;12378.596491228;1;1892.269198115;1103.329688048;79.849731306;750.626615026;204.797235386;0.533792397;0.218966763;0.583072265;0.241576878;0.065910635;12378.596491228;3560;644.940177159;;656.380945959;;644.940177159;107;0.313710150;0.307565344;0.313710150;0.269945611;0.256366326;0.269945611;0.463995141;0.472802960;0.463995141;0.202770319;0.197171340;0.202770319;0.106221542;0.108163218;0.106221542;14258;13657.619047619;14258
Saint-Louis;LA REUNION;CA Civis (Communauté Intercommunale des Villes Solidaires);LA REUNION;5187.945894080;81.041890019;82.685643249;81.041890019;Non;974140107;97414;69;249740077;-21.2800158908, 55.4358935366;"{""type"": ""Polygon"", ""coordinates"": [[[55.41950668145769, -21.281287060549225], [55.419582442809485, -21.28132209627716], [55.42201344154209, -21.2804579542244], [55.42388966239686, -21.279037420853395], [55.42474731366691, -21.278048222423084], [55.426824669934966, -21.27582298322048], [55.42784131298482, -21.274106301978108], [55.42842065603817, -21.27263935630601], [55.429203105256185, -21.27055735882062], [55.42922232393358, -21.27047172603312], [55.429285843548755, -21.270479544587534], [55.432023826617126, -21.271235809401833], [55.43470754624609, -21.27193190997413], [55.436551213855545, -21.272101687567705], [55.43698467776995, -21.271572771213673], [55.43716926731172, -21.2715229965556], [55.43719104839585, -21.27155933009761], [55.43802085350665, -21.273926411663908], [55.43843570725451, -21.274110915661513], [55.43972175886356, -21.274203226456518], [55.43990804019938, -21.2741760467838], [55.44001524839757, -21.274153554286986], [55.44030405300196, -21.274091192189644], [55.44044511115127, -21.27405727012393], [55.44084151358794, -21.27393538305003], [55.44102397179336, -21.27436252037014], [55.441151835414445, -21.274666305143654], [55.44120296662735, -21.274752590683967], [55.441254335757826, -21.274816296223527], [55.44139654430859, -21.27494768566767], [55.44141277354767, -21.27496228845134], [55.442052956225204, -21.275484891935083], [55.44262186997701, -21.275911988955933], [55.44303417822647, -21.276202143323157], [55.443202559633065, -21.276319320719104], [55.443247526896165, -21.27635044816586], [55.44337025325235, -21.276410296247388], [55.44354490149596, -21.276481463551445], [55.443959478191445, -21.276647886284177], [55.44503734139085, -21.277066127869844], [55.44573904177594, -21.277330945757797], [55.446015590842286, -21.27742653651665], [55.44618747412754, -21.277485932929558], [55.44628640591447, -21.277517557494004], [55.44634499789522, -21.2775361638135], [55.44662644183545, -21.277624572451312], [55.44679071137187, -21.277674865153518], [55.447204748992625, -21.277801530535783], [55.44801373380608, -21.27803751992098], [55.448799367955154, -21.278248901641984], [55.44943027480347, -21.278419110498504], [55.44968582729824, -21.278495533030124], [55.449961247513016, -21.278607366363225], [55.44959109568986, -21.27999412195572], [55.44952200989833, -21.28024098724439], [55.449494222931804, -21.280317511015955], [55.44940993808086, -21.280451325084933], [55.449219279562186, -21.28071152332758], [55.44855557897576, -21.281599666120375], [55.447597663900865, -21.282879830710865], [55.44725313930322, -21.28420900462502], [55.44923985923683, -21.28637804626876], [55.449575577749265, -21.286623219783], [55.449882698929, -21.28683832082727], [55.44999087712884, -21.286907966826842], [55.44994278499184, -21.286990626637348], [55.44812245988138, -21.287974700224044], [55.447316063163335, -21.288313223949487], [55.44649539135863, -21.288657031596465], [55.44565292807796, -21.289010569981123], [55.443925869027744, -21.28973621297891], [55.44355591056364, -21.28853232440823], [55.44321001852324, -21.287514734841913], [55.44152940962378, -21.286851528701757], [55.440534919932816, -21.286472875507464], [55.438606464199786, -21.285781150111088], [55.437186425184116, -21.285271167502042], [55.43599022169606, -21.28483054755951], [55.434914555878485, -21.284429881219413], [55.434252183663574, -21.284181642495913], [55.43257026366343, -21.283558986244405], [55.43031409222597, -21.282742175192283], [55.429691912784214, -21.28252229572651], [55.42955718743909, -21.282594205147284], [55.429329231304465, -21.282732991022524], [55.42865064136118, -21.283151202473704], [55.42832213822031, -21.283364924239308], [55.42767846686001, -21.28380694272673], [55.42755610386012, -21.283894321665855], [55.42739596562006, -21.28399941332817], [55.427243776615086, -21.284081997025563], [55.42712266496802, -21.284142288846372], [55.426991068144815, -21.28419164322996], [55.42692528891556, -21.284214513996407], [55.42681508483189, -21.284246002467675], [55.426707829359984, -21.28427209872525], [55.42650804240867, -21.284299136740405], [55.426119145589006, -21.28434608560152], [55.42427220107382, -21.284561856933035], [55.4241419516902, -21.28457509038078], [55.42405322670806, -21.284580582881627], [55.42386811550299, -21.284586979617018], [55.42282688059497, -21.284621489756667], [55.421761563564765, -21.284654864401677], [55.42154249257714, -21.284682618954275], [55.42132988762552, -21.28473662897227], [55.42115293831618, -21.284790973080664], [55.42099694855348, -21.284868095569188], [55.420835060883185, -21.28495600194467], [55.419970053513104, -21.285454626283563], [55.419923488389095, -21.28548309422028], [55.41987385852249, -21.285527792413113], [55.419837623560454, -21.285581649106838], [55.419770003708734, -21.285506042225297], [55.41971678111717, -21.28543599013565], [55.41963509236387, -21.285324119965292], [55.419623779236176, -21.285300528501107], [55.41960919052438, -21.285222709512187], [55.41961962832492, -21.285147835282356], [55.4196865588885, -21.28240158972761], [55.419489903804774, -21.281323937549626], [55.41950668145769, -21.281287060549225]]]}";9741401;97414;974;4;974140107;Le Bois de Nefles;Saint-Louis;LA REUNION;Le Bois de Nefles;LA REUNION;;4;;;;;;Iris d'habitat;11735;156.591538444;78.295769222;;162.221043120;;81.110521560;156.591538444;78;78.295769222;86.818603529;;86.818603529;90.635098607;;90.635098607;86.818603529;86;86.818603529;1439.433801376;364.773545678;1806.654921737;369.732495752;80.779854652;82.393744221;80.779854652;75.811683791;79.827298900;75.811683791;85.037000168;83.452850718;85.037000168;104.286746415;107.248126207;104.286746415;53.517451556;52.556740839;53.517451556;86.818603529;90.635098607;86.818603529;104.286746415;;104.286746415;107.248126207;;107.248126207;104.286746415;104;104.286746415;138.554451724;;69.277225862;136.009591557;;68.004795779;138.554451724;69;69.277225862;11744;;;243.410141973;;81.136713991;252.856141728;;84.285380576;243.410141973;81;81.136713991;242.841198140;;80.947066047;243.257717764;;81.085905921;242.841198140;80;80.947066047;Polygon;12378.596491228;1;3413.592616281;1346.892870128;52.448934119;1097.056361854;294.919483275;0.253414603;0.204650313;0.394567548;0.211462568;0.056847062;12378.596491228;11744;486.251340113;;496.113859492;;486.251340113;81;0.313710150;0.307565344;0.313710150;0.269945611;0.256366326;0.269945611;0.463995141;0.472802960;0.463995141;0.202770319;0.197171340;0.202770319;0.106221542;0.108163218;0.106221542;14258;13657.619047619;14258
Saint-Louis;LA REUNION;CA Civis (Communauté Intercommunale des Villes Solidaires);LA REUNION;5364.192204265;97.613789822;99.046776525;97.613789822;Non;974140301;97414;69;249740077;-21.2517571374, 55.4029641591;"{""type"": ""Polygon"", ""coordinates"": [[[55.41401715797037, -21.23405168388019], [55.41408445362713, -21.2341552908189], [55.415019118685926, -21.235945349725213], [55.414699142344745, -21.237037121542542], [55.41440778590369, -21.23833510985672], [55.41483092996582, -21.239579294399533], [55.415324506619974, -21.24075921947306], [55.416620936887966, -21.2425670070061], [55.418030998132146, -21.24514014538068], [55.418256120963456, -21.246164773789754], [55.41824219370267, -21.246973081416453], [55.41822405214794, -21.247634565957608], [55.41822998523812, -21.24843267201374], [55.41824392496368, -21.248571005064495], [55.41829605495566, -21.248742214588166], [55.418366557807836, -21.248907273482622], [55.418442321462685, -21.249030830694988], [55.41851273843747, -21.24911368999621], [55.41859004414758, -21.249183064646104], [55.42026025557322, -21.25050035443405], [55.42041664250002, -21.250563243078695], [55.42055904966551, -21.25058173972574], [55.42075726941097, -21.250607082086706], [55.42144104752304, -21.250638778119427], [55.42253896283553, -21.250597567935515], [55.42267025137556, -21.250574407708196], [55.42288969634847, -21.25059723631622], [55.42310005700743, -21.250658820887338], [55.42408537816629, -21.25105735019016], [55.42414943946499, -21.251104016541667], [55.42421038949436, -21.251171429330906], [55.424249170557026, -21.25123953816706], [55.42428840597373, -21.251355525319568], [55.42431922011711, -21.251447948355572], [55.42435281899374, -21.251550333544493], [55.424242588476986, -21.25149600942743], [55.42423001553495, -21.251500408324787], [55.42417294114929, -21.251521553639474], [55.424101001802946, -21.25158140120179], [55.42403371633962, -21.251656648071823], [55.423996249898906, -21.2517366901116], [55.42368269442539, -21.25249884012252], [55.4232096231827, -21.254487060039217], [55.42192873949902, -21.257092787943506], [55.42109305044079, -21.259083022706857], [55.41954317602912, -21.261807246273744], [55.419104184142704, -21.26212921312226], [55.41907164539393, -21.262198460543047], [55.419002590082385, -21.262168004362394], [55.418408544892316, -21.261849894394796], [55.41826869120393, -21.26177180278202], [55.41787221685808, -21.261541357172977], [55.417278642064545, -21.261089562250667], [55.416455754182394, -21.260436658057067], [55.41494221062371, -21.259979148861788], [55.41281466112623, -21.259881442408926], [55.410839175212686, -21.25980140225909], [55.41025438256276, -21.260149972090964], [55.41036446174724, -21.26138534129634], [55.41035061968244, -21.26366192508769], [55.41015185489214, -21.264942253782834], [55.409626787973046, -21.26780204546662], [55.40865719350603, -21.27046117191138], [55.40781152116313, -21.272955527150927], [55.40748052816165, -21.273911409552937], [55.40680129528207, -21.275148797850953], [55.40653005614539, -21.276442433370995], [55.40650140200589, -21.27659752576871], [55.40650216491851, -21.27738518470528], [55.406508596865066, -21.27843485749359], [55.40653628949626, -21.278548029033548], [55.4065866227208, -21.278706578597493], [55.40682336763641, -21.27936369366314], [55.406877935240004, -21.279487055451597], [55.40695116202702, -21.27957807580627], [55.40704531644061, -21.27969458583149], [55.40719853537476, -21.279874883824654], [55.40730238483052, -21.279986065768853], [55.40738421674437, -21.280083490279054], [55.40744394353887, -21.28017528604161], [55.407498793896764, -21.28027245532613], [55.40753414800373, -21.280390215574137], [55.407549372768045, -21.280497849418474], [55.40754628846286, -21.280605310114478], [55.40752007686437, -21.280712552092464], [55.40748889145969, -21.28083419944202], [55.40744228778342, -21.280955700960945], [55.40739490514438, -21.28106003284855], [55.4073310141402, -21.2811759511642], [55.40727324524923, -21.281260312696585], [55.407171840137444, -21.281369553163547], [55.40708901639893, -21.281453677614454], [55.406997607329735, -21.28152959131412], [55.40689065343264, -21.281617100472527], [55.406888706692804, -21.281618888605713], [55.405082116504815, -21.284082179908932], [55.40492376359512, -21.284288433023175], [55.40482843855532, -21.28436972791784], [55.404655360688686, -21.284243436081766], [55.40381481642795, -21.28363208202015], [55.403302207813304, -21.283265008530574], [55.40137316649672, -21.28189179321522], [55.40027408906746, -21.28112802462149], [55.39895281894197, -21.28014760951398], [55.397183649742374, -21.278791677173427], [55.396271108554274, -21.278071210371838], [55.395145655831804, -21.27716760411893], [55.39295081528636, -21.275437232414347], [55.39068036036878, -21.273664109936664], [55.390141419462886, -21.273243454943856], [55.38991953949044, -21.273087778044374], [55.38972130718034, -21.272972974148992], [55.389517932941196, -21.272887928816058], [55.389355579884146, -21.272841212888164], [55.38930658491597, -21.27282719531623], [55.38742982818934, -21.27234044105292], [55.3874106157841, -21.272334837500097], [55.38743622964392, -21.27228359630147], [55.38769350717167, -21.271843456576995], [55.38856309239988, -21.27048332236613], [55.389082449083716, -21.269160481113637], [55.38929951366975, -21.267942688644137], [55.3889565820075, -21.26673580047131], [55.388950967886444, -21.266720391172232], [55.388928501583294, -21.266659657151965], [55.38870960997665, -21.265522151661507], [55.388697093779506, -21.26543260808592], [55.388686405880144, -21.26508655288379], [55.38869117402523, -21.264914073619444], [55.388694054595526, -21.264826483826578], [55.388713511468815, -21.264632466507987], [55.388735032931656, -21.264425823121126], [55.38875257268454, -21.264319404798915], [55.38877097763432, -21.264222027462182], [55.38880485784915, -21.264119378471243], [55.388849297409585, -21.264020443525514], [55.388890590811485, -21.26394496354551], [55.388906252821364, -21.26392253150806], [55.38899038321651, -21.263806813856313], [55.389466120506846, -21.263213395733125], [55.38989637640209, -21.262991689565663], [55.39082028814359, -21.26247752064807], [55.391942709820455, -21.261163586023102], [55.39234912315998, -21.260385680860743], [55.39282662225695, -21.25820702353467], [55.39237771613181, -21.256065145237773], [55.39198734054002, -21.253414377928266], [55.39195630589016, -21.25250087205816], [55.39179669971387, -21.251537362797837], [55.39154345475562, -21.250900848421125], [55.39099090941473, -21.249942040877833], [55.389841322705095, -21.247580424982925], [55.38917128289832, -21.24575573510175], [55.38908378442572, -21.242991333276457], [55.388853320160294, -21.239640695051115], [55.388386833377005, -21.238149900608033], [55.38817805078468, -21.23723740523197], [55.388148666147735, -21.237015822265658], [55.388140840519235, -21.236938065906674], [55.3879280539086, -21.234621843886064], [55.38775099475243, -21.23249790864139], [55.387657138370024, -21.23056355256276], [55.38765279317732, -21.230520153855565], [55.40325206515027, -21.2263291573553], [55.40655635631056, -21.225441756221628], [55.40679758594779, -21.225495521020406], [55.407037403248005, -21.22550139823408], [55.40765225559168, -21.225481006261486], [55.40960463391424, -21.226774853116627], [55.41122780295092, -21.2280466104626], [55.412414661425764, -21.22805055577373], [55.412511158387204, -21.228215861204646], [55.41350737783223, -21.229920693935046], [55.41376721584883, -21.232018753855716], [55.41368816944068, -21.23220318359928], [55.41364467890573, -21.232396077189932], [55.41359204873406, -21.23281289896073], [55.413576938863166, -21.23296450838424], [55.41358654992167, -21.23305673361537], [55.4137271210775, -21.23360544489626], [55.41401715797037, -21.23405168388019]]]}";9741403;97414;974;4;974140301;Le Gol;Saint-Louis;LA REUNION;Le Gol;LA REUNION;;4;;;;;;Iris d'habitat;11735;170.563702321;85.281851160;;176.034957275;;88.017478638;170.563702321;85;85.281851160;86.818603529;;86.818603529;90.635098607;;90.635098607;86.818603529;86;86.818603529;1393.530662059;472.184847541;1655.649673337;279.571303362;108.010741348;110.168673044;108.010741348;62.552960973;65.866284231;62.552960973;128.286674223;125.896829049;128.286674223;114.148366724;117.389782130;114.148366724;85.865392136;84.323992086;85.865392136;86.818603529;90.635098607;86.818603529;114.148366724;;114.148366724;117.389782130;;117.389782130;114.148366724;114;114.148366724;214.152066359;;107.076033179;210.220821136;;105.110410568;214.152066359;107;107.076033179;7184;;;257.382305850;;85.794101950;266.670055882;;88.890018627;257.382305850;85;85.794101950;328.300433083;;109.433477694;327.610603266;;109.203534422;328.300433083;109;109.433477694;Polygon;12378.596491228;1;3511.044841554;2089.928145405;77.349747917;1241.590601053;489.254794058;0.338840659;0.168858973;0.595243934;0.231459007;0.091207544;12378.596491228;7184;585.682738933;;594.280659149;;585.682738933;97;0.313710150;0.307565344;0.313710150;0.269945611;0.256366326;0.269945611;0.463995141;0.472802960;0.463995141;0.202770319;0.197171340;0.202770319;0.106221542;0.108163218;0.106221542;14258;13657.619047619;14258
Saint-Louis;LA REUNION;CA Civis (Communauté Intercommunale des Villes Solidaires);LA REUNION;2830.636584922;88.577579000;89.970731739;88.577579000;Non;974140203;97414;69;249740077;-21.2461190284, 55.4280372814;"{""type"": ""Polygon"", ""coordinates"": [[[55.41401715797037, -21.23405168388019], [55.41503883543166, -21.234010702587998], [55.41712074274096, -21.23392727651834], [55.42133407420636, -21.233905335881065], [55.42229524636818, -21.23393691031759], [55.42217828590108, -21.23542172092776], [55.42269367473229, -21.237056971293864], [55.42308405768518, -21.23740206340388], [55.423873684955055, -21.23816549410499], [55.42463596197877, -21.23896479743819], [55.42453427427478, -21.241642992797715], [55.424560385225185, -21.241724532424982], [55.42463977761935, -21.241960128330003], [55.42543140345358, -21.24344529696506], [55.426576783689335, -21.24364748467843], [55.42849838535918, -21.243493018733364], [55.42935716218122, -21.243401515467948], [55.43016343773125, -21.24305403148268], [55.433196598530735, -21.24350317299961], [55.435836963980215, -21.244837454001118], [55.43633641098506, -21.246448133914793], [55.43763695884344, -21.246593620174608], [55.438969352488705, -21.246391234784802], [55.44026829080501, -21.245694172877787], [55.44247628650774, -21.246327014110292], [55.44300387369719, -21.24650486702013], [55.44317038843689, -21.246567376727224], [55.44331513597779, -21.246638266577094], [55.44349722983506, -21.246731180059722], [55.44353073177447, -21.246752265022952], [55.44357284769909, -21.246778849242627], [55.44359289005911, -21.246797100074886], [55.44359956768476, -21.24680348475302], [55.44360717079864, -21.246813491138333], [55.4436040148817, -21.24683875415731], [55.44344199007237, -21.247403621919062], [55.44341516132866, -21.24748105725747], [55.443349619888195, -21.247666530086942], [55.44430497211187, -21.250648078796655], [55.44523933315393, -21.251180155782226], [55.44559875834177, -21.2514079381469], [55.4457707101058, -21.251641669431145], [55.4458183785963, -21.25205762291245], [55.445822482253824, -21.252217543302134], [55.4457547759069, -21.253895233202417], [55.445477034665934, -21.25501907668288], [55.445460408927964, -21.255042408912058], [55.44539690407875, -21.25503369359503], [55.44352361157774, -21.25435474549499], [55.44153691056291, -21.253466520623146], [55.439471030462045, -21.25191046138697], [55.43920821882502, -21.251704788219403], [55.4387692960154, -21.25175266293439], [55.43783011825974, -21.251907909242686], [55.43771715491972, -21.251929444602066], [55.437653394874104, -21.251945112884922], [55.437567246535615, -21.251982252566776], [55.43749173436529, -21.252015877634093], [55.436424604330675, -21.252882172684295], [55.43582307735079, -21.253637160572072], [55.43516087482861, -21.25384148044966], [55.43285867144978, -21.254137146106114], [55.43255995397958, -21.25422921372409], [55.432305661242395, -21.25431175781766], [55.430039018744914, -21.25425136862711], [55.42712430635898, -21.254515505303413], [55.42685849691713, -21.254593417090472], [55.42683916984606, -21.254598656420082], [55.4259605258493, -21.254767497460843], [55.42583625657366, -21.254764530373475], [55.425795028660026, -21.254745176359624], [55.4257701030616, -21.254733200869115], [55.425707985869785, -21.254684746631447], [55.425660532043025, -21.254616557069788], [55.42553698563481, -21.254364289981083], [55.42450888457634, -21.252006144284262], [55.424386427518144, -21.251651815533712], [55.42435281899374, -21.251550333544493], [55.42431922011711, -21.251447948355572], [55.42428840597373, -21.251355525319568], [55.424249170557026, -21.25123953816706], [55.42421038949436, -21.251171429330906], [55.42414943946499, -21.251104016541667], [55.42408537816629, -21.25105735019016], [55.42310005700743, -21.250658820887338], [55.42288969634847, -21.25059723631622], [55.42267025137556, -21.250574407708196], [55.42253896283553, -21.250597567935515], [55.42144104752304, -21.250638778119427], [55.42075726941097, -21.250607082086706], [55.42055904966551, -21.25058173972574], [55.42041664250002, -21.250563243078695], [55.42026025557322, -21.25050035443405], [55.41859004414758, -21.249183064646104], [55.41851273843747, -21.24911368999621], [55.418442321462685, -21.249030830694988], [55.418366557807836, -21.248907273482622], [55.41829605495566, -21.248742214588166], [55.41824392496368, -21.248571005064495], [55.41822998523812, -21.24843267201374], [55.41822405214794, -21.247634565957608], [55.41824219370267, -21.246973081416453], [55.418256120963456, -21.246164773789754], [55.418030998132146, -21.24514014538068], [55.416620936887966, -21.2425670070061], [55.415324506619974, -21.24075921947306], [55.41483092996582, -21.239579294399533], [55.41440778590369, -21.23833510985672], [55.414699142344745, -21.237037121542542], [55.415019118685926, -21.235945349725213], [55.41408445362713, -21.2341552908189], [55.41401715797037, -21.23405168388019]]]}";9741402;97414;974;4;974140203;Le Gol Les Hauts;Saint-Louis;LA REUNION;Le Gol Les Hauts;LA REUNION;;4;;;;;;Iris d'habitat;11735;154.561294620;77.280647310;;160.396507458;;80.198253729;154.561294620;77;77.280647310;86.818603529;;86.818603529;90.635098607;;90.635098607;86.818603529;86;86.818603529;782.804909568;175.056058175;1022.692505662;229.903407738;71.284487854;72.708670800;71.284487854;83.276806766;87.687836658;83.276806766;92.796980472;91.068270789;92.796980472;85.818744285;88.255697242;85.818744285;111.469851096;109.468816340;111.469851096;86.818603529;90.635098607;86.818603529;85.818744285;;85.818744285;88.255697242;;88.255697242;85.818744285;85;85.818744285;204.266831567;;102.133415784;200.537087129;;100.268543564;204.266831567;102;102.133415784;11796;;;241.379898150;;80.459966050;251.031606066;;83.677202022;241.379898150;80;80.459966050;290.085575852;;96.695191951;288.792784371;;96.264261457;290.085575852;96;96.695191951;Polygon;12378.596491228;1;1927.953764740;830.125761768;32.421818265;492.573059185;335.161509738;0.223626674;0.224802085;0.430573480;0.174014941;0.118404995;12378.596491228;11796;531.465474002;;539.824390437;;531.465474002;88;0.313710150;0.307565344;0.313710150;0.269945611;0.256366326;0.269945611;0.463995141;0.472802960;0.463995141;0.202770319;0.197171340;0.202770319;0.106221542;0.108163218;0.106221542;14258;13657.619047619;14258
Saint-Louis;LA REUNION;CA Civis (Communauté Intercommunale des Villes Solidaires);LA REUNION;3368.153997413;94.851453012;96.324391450;94.851453012;Non;974140401;97414;69;249740077;-21.2767826291, 55.4508559025;"{""type"": ""Polygon"", ""coordinates"": [[[55.45298771715064, -21.2703709831763], [55.45296596115293, -21.270424077593027], [55.45276863716647, -21.27123161463865], [55.45271052135882, -21.271720664849433], [55.452694510044516, -21.27205383233734], [55.45269456709224, -21.272140548842618], [55.45269676853771, -21.27220650934142], [55.45271989539122, -21.272298857506694], [55.452735842257745, -21.27234055539549], [55.45280954913299, -21.27248033930618], [55.452916368578144, -21.272679141264966], [55.45297338235131, -21.272756444682052], [55.45331069391, -21.273031433082767], [55.45345407410323, -21.27314385446343], [55.45355360984421, -21.273209805327213], [55.453667647011635, -21.273271372806832], [55.45377702666019, -21.273317541500216], [55.45422541930625, -21.273476119925846], [55.45430014302007, -21.27324194977565], [55.45598075008177, -21.27075659829933], [55.45676724874114, -21.27083652038472], [55.45699833271085, -21.270855799775454], [55.45698088441007, -21.270865576175183], [55.4568561221683, -21.27100083055463], [55.456645511131065, -21.27132860296933], [55.456632751750796, -21.271443204251106], [55.457889299363075, -21.272285741872054], [55.45811906839425, -21.272431468848442], [55.45853591143379, -21.27261232943832], [55.45948985470411, -21.27373630941762], [55.4602536916602, -21.274836593523034], [55.458627820360014, -21.277851366773312], [55.456930475963915, -21.280597187250947], [55.45663120952976, -21.2808302038249], [55.456431809484734, -21.281282731884605], [55.45613664388498, -21.282046017206863], [55.45606334323414, -21.28223593963021], [55.45580415378401, -21.283153113504014], [55.455403885888224, -21.284658841646703], [55.455420002643734, -21.285145863381963], [55.45549089251001, -21.285833014893786], [55.45492839940838, -21.285891084056683], [55.453611401312216, -21.286028035384536], [55.45231888090231, -21.28622030198022], [55.451312707389846, -21.28640254673878], [55.4509332187436, -21.286471318582514], [55.45016457521608, -21.28661148052708], [55.44999087712884, -21.286907966826842], [55.449882698929, -21.28683832082727], [55.449575577749265, -21.286623219783], [55.44923985923683, -21.28637804626876], [55.44725313930322, -21.28420900462502], [55.447597663900865, -21.282879830710865], [55.44855557897576, -21.281599666120375], [55.449219279562186, -21.28071152332758], [55.44940993808086, -21.280451325084933], [55.449494222931804, -21.280317511015955], [55.44952200989833, -21.28024098724439], [55.44959109568986, -21.27999412195572], [55.449961247513016, -21.278607366363225], [55.44968582729824, -21.278495533030124], [55.44943027480347, -21.278419110498504], [55.448799367955154, -21.278248901641984], [55.44801373380608, -21.27803751992098], [55.447204748992625, -21.277801530535783], [55.44679071137187, -21.277674865153518], [55.44662644183545, -21.277624572451312], [55.44634499789522, -21.2775361638135], [55.44628640591447, -21.277517557494004], [55.44618747412754, -21.277485932929558], [55.446015590842286, -21.27742653651665], [55.44573904177594, -21.277330945757797], [55.44503734139085, -21.277066127869844], [55.443959478191445, -21.276647886284177], [55.44354490149596, -21.276481463551445], [55.44337025325235, -21.276410296247388], [55.443247526896165, -21.27635044816586], [55.443202559633065, -21.276319320719104], [55.44303417822647, -21.276202143323157], [55.44262186997701, -21.275911988955933], [55.442052956225204, -21.275484891935083], [55.44141277354767, -21.27496228845134], [55.44139654430859, -21.27494768566767], [55.441254335757826, -21.274816296223527], [55.44120296662735, -21.274752590683967], [55.441151835414445, -21.274666305143654], [55.44102397179336, -21.27436252037014], [55.44084151358794, -21.27393538305003], [55.44080388286555, -21.273848319104466], [55.440355998287764, -21.272728612466523], [55.44025098803199, -21.272451234151376], [55.4402279737785, -21.272348949557173], [55.44022877341128, -21.272273080811914], [55.44025470270515, -21.27219021845958], [55.44041007791744, -21.27171201139708], [55.4404276510305, -21.271690495194928], [55.44047742245407, -21.271631339009243], [55.44068883459439, -21.27141379724088], [55.443244126969674, -21.270535949670105], [55.443390027602476, -21.270499359795455], [55.44358378457746, -21.270493923772143], [55.445714304326344, -21.268950903937423], [55.44881598474593, -21.269630764218707], [55.450008177399944, -21.269963986604253], [55.45174398674645, -21.270334264773396], [55.45235063280927, -21.2703795840459], [55.45244019004456, -21.2703858265491], [55.45298771715064, -21.2703709831763]]]}";9741404;97414;974;4;974140401;Le Ouaki;Saint-Louis;LA REUNION;Le Ouaki;LA REUNION;;4;;;;;;Iris d'habitat;11735;175.285362359;87.642681180;;181.556463059;;90.778231530;175.285362359;87;87.642681180;86.818603529;;86.818603529;90.635098607;;90.635098607;86.818603529;86;86.818603529;960.925049185;275.365456043;1258.572977375;285.179523668;91.346386686;93.171383540;91.346386686;83.938975673;88.385079519;83.938975673;102.357470007;100.450658508;102.357470007;93.435633145;96.088879174;93.435633145;111.211649029;109.215249349;111.211649029;86.818603529;90.635098607;86.818603529;93.435633145;;93.435633145;96.088879174;;96.088879174;93.435633145;93;93.435633145;213.569119036;;106.784559518;209.665907857;;104.832953928;213.569119036;106;106.784559518;12688;;;262.103965889;;87.367988630;272.191561666;;90.730520555;262.103965889;87;87.367988630;307.004752181;;102.334917394;305.754787031;;101.918262344;307.004752181;102;102.334917394;Polygon;12378.596491228;1;2344.666386492;1113.561051407;40.055144232;638.129550735;397.882485241;0.286562887;0.226589581;0.474933687;0.189459731;0.118130728;12378.596491228;12688;569.108718070;;577.946348698;;569.108718070;94;0.313710150;0.307565344;0.313710150;0.269945611;0.256366326;0.269945611;0.463995141;0.472802960;0.463995141;0.202770319;0.197171340;0.202770319;0.106221542;0.108163218;0.106221542;14258;13657.619047619;14258
Saint-Louis;LA REUNION;CA Civis (Communauté Intercommunale des Villes Solidaires);LA REUNION;968.331982918;93.935467158;95.479243979;93.935467158;Non;974140402;97414;69;249740077;-21.2195728574, 55.4534528732;"{""type"": ""Polygon"", ""coordinates"": [[[55.45298771715064, -21.2703709831763], [55.45302528707057, -21.27028009572419], [55.45310096555873, -21.27013897386197], [55.45320937757676, -21.27000086239199], [55.453296978304095, -21.269917660569455], [55.453430925496434, -21.2698258512693], [55.45353936629867, -21.269777165723774], [55.45365250229494, -21.269740265998774], [55.45418276607296, -21.26962499471009], [55.45454880462009, -21.269547960076757], [55.455324138377826, -21.269404221211992], [55.455472709594915, -21.26938842086173], [55.45676488251327, -21.269469139006773], [55.459400602237324, -21.268931188650505], [55.45975061820842, -21.265855510960282], [55.45989263903582, -21.265079524375565], [55.45973499830101, -21.26346660605051], [55.45965938373898, -21.263046786178542], [55.45935361077391, -21.2630756060702], [55.4587366767793, -21.263835957797767], [55.45872787318945, -21.263848523390067], [55.458737579406915, -21.263749249810726], [55.45874655502781, -21.263488731527016], [55.45873663573581, -21.2631919086372], [55.45871701793805, -21.26266962510284], [55.458697728917066, -21.262300904589143], [55.458678025938106, -21.26215710057163], [55.4585718211911, -21.26180655420603], [55.458418121583854, -21.261482672137863], [55.45826283333098, -21.261311432155964], [55.4581934057891, -21.257983963526073], [55.458347145043, -21.25784084274163], [55.45842421198693, -21.257750314906225], [55.45845290589543, -21.257678313781433], [55.4584916955157, -21.25756214354576], [55.458511233691745, -21.257443990632673], [55.458548632101206, -21.256535618091114], [55.458539410666766, -21.25631061333287], [55.45843366526747, -21.256194024460886], [55.45778689145285, -21.255565737712555], [55.45746777382055, -21.25530447530402], [55.45722663832565, -21.255142385230716], [55.456832552766386, -21.25495540896169], [55.456397401788706, -21.254640691252195], [55.45605120745418, -21.25438911464033], [55.45575135293054, -21.25375948162498], [55.455520608167845, -21.25287846228687], [55.45543234506195, -21.252032847594176], [55.455595861452416, -21.250835899834122], [55.45519932266841, -21.249406868006044], [55.45448547280472, -21.247823173557528], [55.45326073265692, -21.24616975361446], [55.452527523317606, -21.24561291999501], [55.451514699746824, -21.245075194938355], [55.450656362030166, -21.24459940432892], [55.4505406189735, -21.24451885098541], [55.450396256738614, -21.24441093576377], [55.45036800575627, -21.24434834889259], [55.45017922710067, -21.243650626324477], [55.450097209251744, -21.243339591187414], [55.45004935974511, -21.243124167537818], [55.449903601811926, -21.24241283907723], [55.44989397738252, -21.242135439491452], [55.45005781259704, -21.241486573944336], [55.45040299896828, -21.240263976345048], [55.45104762644182, -21.239013867544703], [55.45181654132785, -21.236286428858158], [55.451785575201846, -21.23302366928049], [55.45177537871165, -21.23238539772102], [55.451590743474284, -21.230783741641286], [55.450785531544284, -21.229426149344864], [55.4503271183519, -21.22899468097426], [55.45019277187591, -21.22885162967571], [55.44991321672832, -21.228222174927552], [55.449594337596714, -21.227483963079283], [55.449120707249406, -21.225514040816197], [55.44884040551905, -21.22339052781558], [55.44897471598429, -21.222707064556662], [55.44902201007712, -21.222329921803542], [55.44900314977892, -21.222014498429584], [55.44872260891318, -21.220835829584296], [55.44860780528632, -21.22057507694908], [55.44847249019838, -21.22034123455318], [55.44665009525061, -21.217554066752438], [55.44521300298262, -21.21606304582376], [55.44466350674165, -21.215641565019478], [55.44447079883548, -21.215461840360213], [55.44436519615151, -21.215335309300706], [55.44421930142404, -21.215100914814503], [55.4441426599009, -21.214968553302132], [55.44400969285771, -21.21451184155824], [55.44390832647407, -21.21351489422139], [55.44387615013352, -21.21186931220737], [55.44333305016763, -21.209496835728462], [55.44166648689073, -21.207577318543443], [55.43939613921286, -21.20527824440414], [55.43907697376089, -21.204942882519955], [55.43903808233493, -21.204885615534423], [55.43868225465892, -21.204189499901165], [55.43867291747768, -21.204161411472068], [55.43865987011765, -21.204119739335187], [55.438580993281846, -21.20383447256083], [55.438543490108685, -21.203461968791252], [55.43853554616526, -21.203026507733878], [55.43855527157841, -21.20270782737789], [55.43857557482606, -21.202517420078358], [55.43863343636906, -21.202236127301536], [55.43874137666082, -21.201864064721473], [55.43894441636436, -21.20124176525131], [55.439158034584715, -21.20052923373497], [55.43919845817166, -21.20016557968023], [55.43919908040043, -21.19964799777313], [55.43910668860737, -21.198540608384203], [55.4389443982965, -21.19757710007728], [55.43881180365468, -21.196995959644575], [55.43864037315316, -21.196260900120063], [55.438571960689316, -21.195988376156073], [55.43772037017332, -21.19291619001206], [55.437582429063816, -21.18960738762428], [55.43759349745538, -21.189562325224394], [55.43759273786702, -21.189634581788667], [55.439579072855295, -21.1901551687442], [55.44120801486759, -21.19031563445639], [55.442942813703255, -21.190485189799535], [55.443121773894795, -21.190503098156213], [55.44386539288497, -21.190589438282892], [55.445058933060636, -21.19103220205396], [55.448341527480444, -21.191019923689495], [55.4488485203017, -21.19107697004503], [55.44945649880976, -21.191332764000244], [55.44996361291676, -21.19165537798266], [55.4506887939031, -21.192402734098856], [55.45116615494591, -21.19308548816254], [55.45167114876308, -21.193520087090054], [55.45210189244761, -21.19368572456289], [55.45287789416897, -21.193346868762948], [55.45347344688376, -21.192800710071648], [55.453935171652624, -21.192264457734485], [55.455243122296025, -21.19216331773135], [55.45635164410823, -21.192277519407973], [55.458781007939024, -21.19355528584513], [55.461327063554904, -21.194637162321868], [55.462048222302535, -21.194942721774787], [55.46219782241491, -21.195285531774097], [55.462221479694584, -21.195419435825194], [55.46223405645182, -21.19550717060713], [55.462390624918704, -21.19687529171402], [55.46239534113574, -21.19723394552532], [55.46222328138151, -21.198455901671668], [55.461391862233185, -21.199866514009486], [55.46082324543217, -21.202081195956595], [55.46105501428135, -21.204720043336312], [55.461462832833185, -21.206544813639784], [55.462271102532114, -21.20904799607458], [55.46295068171419, -21.212120438213137], [55.4631597662595, -21.21309293816672], [55.463343376633894, -21.21406046369737], [55.46336447363285, -21.215232913998396], [55.46311711279622, -21.21628210378354], [55.4624877043101, -21.21780385251339], [55.462376938318464, -21.21798802001906], [55.462356476023544, -21.218010416114605], [55.462284390352615, -21.218087443216536], [55.461602199178635, -21.218937555069335], [55.461368505717914, -21.219270549039038], [55.46123787905279, -21.21969752212113], [55.460899668689734, -21.221097713677423], [55.46068715292144, -21.222592541959177], [55.46059928219197, -21.223772803666954], [55.460623834435815, -21.225398965268155], [55.4611804398505, -21.227702739997333], [55.46126682277029, -21.2287962643983], [55.46126001715475, -21.22935940891091], [55.46117366980827, -21.230438966205472], [55.46105682854337, -21.230743215267214], [55.46090160682551, -21.231078729517296], [55.46033690952399, -21.232413393572582], [55.45946712247698, -21.234550558765555], [55.45930659650417, -21.235349414050702], [55.45918747724483, -21.23633562976061], [55.45921640573399, -21.236611399617097], [55.45938093138137, -21.23742135329436], [55.459757686079406, -21.240617045675034], [55.460696491186454, -21.243365316771136], [55.460983814719725, -21.243856622911057], [55.461228522106396, -21.24427663093987], [55.461442125718285, -21.244676482336168], [55.46220877712964, -21.24619198190447], [55.462244619210246, -21.246266379146935], [55.46226404538151, -21.24634423985954], [55.46227667126338, -21.24642745833461], [55.462302624075754, -21.246619193992068], [55.46227785931936, -21.247984301483786], [55.46173434517409, -21.248827087441775], [55.46160318489831, -21.24916327195862], [55.461461459605886, -21.249635306034985], [55.461427622086674, -21.249785396093205], [55.46144620532962, -21.24989802609174], [55.461520372266115, -21.250271764355407], [55.46155533451073, -21.250384543812963], [55.461581589366496, -21.250454337226085], [55.4620984933115, -21.25161888614655], [55.46212307480959, -21.25166427521985], [55.462144840908046, -21.251702412234778], [55.46216569042185, -21.251736024403467], [55.462315477111765, -21.25197269949478], [55.46266896448451, -21.25245060585446], [55.46282000759027, -21.252612770046433], [55.46314761334874, -21.25288208557259], [55.463566974245886, -21.253336797512173], [55.46379337994901, -21.253618882982305], [55.464108406516985, -21.254089661435348], [55.464254596911374, -21.25434843302757], [55.464284809611705, -21.254501365462318], [55.4643426010469, -21.25547691349793], [55.46417350222633, -21.25687240849944], [55.46368060907187, -21.259420937037657], [55.46327275457996, -21.262423082052752], [55.463047526491884, -21.26332613016244], [55.462163151867976, -21.26506503427735], [55.461678069567974, -21.26686222790674], [55.46148021550347, -21.268143099740282], [55.46142509519215, -21.26839326061496], [55.46139696952567, -21.26850320569064], [55.461328007163154, -21.26864800627857], [55.46113805420465, -21.269029268131952], [55.46102589527561, -21.26925045399726], [55.46078394056923, -21.26972066641343], [55.46071090108828, -21.26979406917318], [55.45994698707935, -21.270229701360567], [55.45963714281123, -21.270370492198552], [55.4591717643778, -21.270547798214302], [55.4589822697874, -21.270606585525677], [55.45882091682626, -21.270646660916746], [55.45874180798302, -21.270654970079562], [55.458068186526305, -21.270701648220626], [55.45723911535119, -21.270776708735283], [55.45719184270052, -21.270781695550816], [55.45717157895725, -21.27078421984196], [55.45711359376866, -21.270799948038135], [55.457051669443345, -21.270823769770324], [55.45699833271085, -21.270855799775454], [55.45676724874114, -21.27083652038472], [55.45598075008177, -21.27075659829933], [55.45430014302007, -21.27324194977565], [55.45422541930625, -21.273476119925846], [55.45377702666019, -21.273317541500216], [55.453667647011635, -21.273271372806832], [55.45355360984421, -21.273209805327213], [55.45345407410323, -21.27314385446343], [55.45331069391, -21.273031433082767], [55.45297338235131, -21.272756444682052], [55.452916368578144, -21.272679141264966], [55.45280954913299, -21.27248033930618], [55.452735842257745, -21.27234055539549], [55.45271989539122, -21.272298857506694], [55.45269676853771, -21.27220650934142], [55.45269456709224, -21.272140548842618], [55.452694510044516, -21.27205383233734], [55.45271052135882, -21.271720664849433], [55.45276863716647, -21.27123161463865], [55.45296596115293, -21.270424077593027], [55.45298771715064, -21.2703709831763]]]}";9741404;97414;974;4;974140402;Le Petit Serre-Ilet Furcy;Saint-Louis;LA REUNION;Le Petit Serre-Ilet Furcy;LA REUNION;;4;;;;;;Iris d'habitat;11735;164.195428292;82.097714146;;169.793762219;;84.896881109;164.195428292;82;82.097714146;86.818603529;;86.818603529;90.635098607;;90.635098607;86.818603529;86;86.818603529;280.252410262;82.584600366;342.800752682;65.018545067;93.933638442;95.810325642;93.933638442;70.261789850;73.983436577;70.261789850;134.399231615;131.895515957;134.399231615;119.756768488;123.157442939;119.756768488;58.442771023;57.393644152;58.442771023;86.818603529;90.635098607;86.818603529;119.756768488;;119.756768488;123.157442939;;123.157442939;119.756768488;119;119.756768488;192.842002638;;96.421001319;189.289160109;;94.644580054;192.842002638;96;96.421001319;;;;251.014031821;;83.671343940;260.428860826;;86.809620275;251.014031821;83;83.671343940;312.598771125;;104.199590375;312.446603048;;104.148867683;312.598771125;104;104.199590375;Polygon;12378.596491228;1;698.181699566;435.390229694;9.999299048;235.141199156;60.112899654;0.294679358;0.189668618;0.623605904;0.242831181;0.062078813;12378.596491228;12378.596491228;563.612802947;;572.875463874;;563.612802947;93;0.313710150;0.307565344;0.313710150;0.269945611;0.256366326;0.269945611;0.463995141;0.472802960;0.463995141;0.202770319;0.197171340;0.202770319;0.106221542;0.108163218;0.106221542;14258;13657.619047619;14258
Saint-Louis;LA REUNION;CA Civis (Communauté Intercommunale des Villes Solidaires);LA REUNION;2263.664282363;99.960594334;101.467296810;99.960594334;Non;974140105;97414;69;249740077;-21.2746321695, 55.4222580888;"{""type"": ""Polygon"", ""coordinates"": [[[55.41950668145769, -21.281287060549225], [55.419516800432625, -21.28124199152824], [55.41951326430811, -21.28121215009878], [55.419506134160436, -21.281157886376047], [55.419473168961645, -21.28108621784099], [55.41938950702883, -21.28097884551371], [55.41915323560357, -21.280722805885855], [55.41758947283707, -21.27978586966595], [55.41716880596791, -21.279830693227954], [55.41714056095052, -21.279858429396427], [55.41710692346798, -21.279759655763808], [55.41697744339263, -21.27934112357536], [55.416664817179075, -21.276855069480312], [55.41666083999649, -21.27677644677337], [55.4166734182453, -21.276681720678468], [55.41671020281035, -21.276576382793277], [55.416718636598404, -21.276508716114357], [55.41675129601548, -21.27642863126153], [55.41679878649701, -21.27631345791537], [55.41686537518392, -21.27621472310782], [55.41696560320453, -21.276124433977227], [55.417084052745835, -21.27604244555547], [55.41715670038271, -21.276007900419895], [55.41748311805423, -21.27585379715049], [55.417748402749616, -21.275738863219576], [55.41788722255919, -21.275644419638123], [55.418173785170694, -21.275432130622185], [55.418296561031816, -21.275305921180077], [55.41857718005142, -21.274928275293668], [55.418620727296, -21.274821193812087], [55.41869526579644, -21.274609622760206], [55.41869759997226, -21.274481378861736], [55.418698921669154, -21.27327551188337], [55.41867587418049, -21.27317774121673], [55.4186337382518, -21.273062629009466], [55.418571125665785, -21.272969906557737], [55.41849686319388, -21.27288520422833], [55.41838625465419, -21.272774868740544], [55.41815262726624, -21.27254324165883], [55.418063584529364, -21.26906296879383], [55.41816869210746, -21.268966401436025], [55.41819692506746, -21.268939568109225], [55.418355044712364, -21.269022347973376], [55.41856023454354, -21.269119118784104], [55.41989777012421, -21.26930238963431], [55.42186302792472, -21.26954121215495], [55.42400854918971, -21.269775375588186], [55.42658727887231, -21.270142728285858], [55.42804757179593, -21.270383988759416], [55.429165491871814, -21.27046938952084], [55.42922232393358, -21.27047172603312], [55.429203105256185, -21.27055735882062], [55.42842065603817, -21.27263935630601], [55.42784131298482, -21.274106301978108], [55.426824669934966, -21.27582298322048], [55.42474731366691, -21.278048222423084], [55.42388966239686, -21.279037420853395], [55.42201344154209, -21.2804579542244], [55.419582442809485, -21.28132209627716], [55.41950668145769, -21.281287060549225]]]}";9741401;97414;974;4;974140105;Le Pont Neuf;Saint-Louis;LA REUNION;Le Pont Neuf;LA REUNION;;4;;;;;;Iris d'habitat;11735;198.091951027;99.045975513;;204.092846115;;102.046423058;198.091951027;99;99.045975513;86.818603529;;86.818603529;90.635098607;;90.635098607;86.818603529;86;86.818603529;685.010750532;292.591426059;807.483879183;135.006743802;136.155640599;138.875875353;136.155640599;61.936310428;65.216970762;61.936310428;107.273584660;105.275191140;107.273584660;106.748173398;109.779449129;106.748173398;100.831253388;99.021195866;100.831253388;86.818603529;90.635098607;86.818603529;106.748173398;;106.748173398;109.779449129;;109.779449129;106.748173398;106;106.748173398;208.104838049;;104.052419024;204.296387006;;102.148193503;208.104838049;104;104.052419024;13060;;;284.910554556;;94.970184852;294.727944723;;98.242648241;284.910554556;94;94.970184852;314.853011447;;104.951003816;314.075836135;;104.691945378;314.853011447;104;104.951003816;Polygon;12378.596491228;1;1583.297223503;788.077041480;17.517117632;489.978308969;242.448658604;0.427134064;0.167194352;0.497744220;0.216453611;0.107104512;12378.596491228;13060;599.763566003;;608.803780858;;599.763566003;99;0.313710150;0.307565344;0.313710150;0.269945611;0.256366326;0.269945611;0.463995141;0.472802960;0.463995141;0.202770319;0.197171340;0.202770319;0.106221542;0.108163218;0.106221542;14258;13657.619047619;14258
Saint-Louis;LA REUNION;CA Civis (Communauté Intercommunale des Villes Solidaires);LA REUNION;2352.080065006;95.084574635;96.511879711;95.084574635;Non;974140204;97414;69;249740077;-21.25745322, 55.4390541695;"{""type"": ""Polygon"", ""coordinates"": [[[55.43646926962559, -21.263711199775603], [55.43633914397982, -21.26362327670786], [55.43625409492847, -21.263555644195957], [55.436171087509905, -21.263477191147775], [55.43613300391574, -21.26343347991673], [55.43610082559079, -21.26337808075436], [55.436077509927685, -21.263304698103017], [55.43605080762216, -21.263187022949808], [55.43523217796014, -21.261992168660978], [55.434279846990435, -21.260890681148272], [55.43365240931129, -21.26058360430054], [55.43199620300056, -21.259332055094333], [55.431062284425934, -21.257894364845637], [55.430886046013235, -21.257430241702348], [55.43068848565504, -21.25688688235721], [55.43066780391071, -21.256747132103417], [55.43069139319944, -21.256521530243628], [55.43075219783174, -21.25623936784575], [55.430834964392986, -21.255885146979168], [55.43250172487562, -21.254268416861347], [55.43255995397958, -21.25422921372409], [55.43285867144978, -21.254137146106114], [55.43516087482861, -21.25384148044966], [55.43582307735079, -21.253637160572072], [55.436424604330675, -21.252882172684295], [55.43749173436529, -21.252015877634093], [55.437567246535615, -21.251982252566776], [55.437653394874104, -21.251945112884922], [55.43771715491972, -21.251929444602066], [55.43783011825974, -21.251907909242686], [55.4387692960154, -21.25175266293439], [55.43920821882502, -21.251704788219403], [55.439471030462045, -21.25191046138697], [55.44153691056291, -21.253466520623146], [55.44352361157774, -21.25435474549499], [55.44539690407875, -21.25503369359503], [55.445460408927964, -21.255042408912058], [55.44545256832155, -21.25505498267234], [55.445452915665676, -21.255113699782154], [55.44565850389876, -21.25599901423906], [55.44616711492108, -21.256014543312798], [55.44668638255059, -21.255657109806595], [55.44689018450545, -21.25544998883338], [55.44714498454269, -21.255142555081303], [55.447430068569304, -21.254757057074254], [55.447870315743515, -21.255227210071848], [55.44802111991116, -21.25593305466185], [55.44810839603182, -21.25770306623068], [55.44810041847587, -21.25864828722352], [55.447763553184814, -21.259254003206422], [55.447731217528194, -21.259305192971915], [55.447706731992035, -21.259342905669186], [55.44768333303875, -21.259368885585733], [55.44764170300366, -21.25938747123856], [55.44763719786164, -21.259357621132896], [55.44762813077423, -21.259303340144783], [55.44761489718561, -21.259278829384492], [55.447608266190805, -21.259267928809898], [55.44758451914965, -21.25923519158292], [55.44752934538227, -21.259166936502623], [55.44750168750266, -21.25913958298584], [55.44746816332544, -21.259120305043357], [55.44743356201434, -21.259111856664752], [55.44741239309795, -21.259108951772962], [55.447389259276086, -21.25910964194082], [55.44736897812061, -21.25911397155091], [55.44734576854167, -21.25912188734334], [55.444723950418286, -21.260064817606953], [55.442198438239835, -21.261020975140113], [55.44220009356763, -21.261138418043235], [55.442187989646854, -21.26118979363746], [55.44217124862654, -21.261223963867813], [55.44214286926423, -21.261265252818227], [55.44209414179605, -21.261317193118046], [55.44204064417376, -21.261364572854735], [55.44186945725562, -21.261515645961385], [55.44163146331696, -21.26169681289618], [55.44140817844505, -21.261853726707365], [55.441070350163685, -21.262089973268598], [55.44016856444668, -21.262531465864996], [55.439408599003656, -21.262316673041163], [55.43857278067445, -21.261893417815866], [55.43774763587258, -21.262559622621705], [55.436930087122676, -21.263235829569513], [55.436546810364376, -21.263577329479233], [55.43646926962559, -21.263711199775603]]]}";9741402;97414;974;4;974140204;Le Ruisseau;Saint-Louis;LA REUNION;Le Ruisseau;LA REUNION;;4;;;;;;Iris d'habitat;11735;169.094927845;84.547463922;;175.710874925;;87.855437462;169.094927845;84;84.547463922;86.818603529;;86.818603529;90.635098607;;90.635098607;86.818603529;86;86.818603529;663.133363665;147.606160579;915.763139130;242.611244859;70.953697910;72.371272049;70.953697910;98.141229934;103.339602876;98.141229934;94.450734082;92.691216717;94.450734082;82.911560608;85.265959691;82.911560608;137.231621747;134.768128326;137.231621747;86.818603529;90.635098607;86.818603529;82.911560608;;82.911560608;85.265959691;;85.265959691;82.911560608;82;82.911560608;231.682355829;;115.841177914;227.459345043;;113.729672522;231.682355829;115;115.841177914;13054;;;255.913531374;;85.304510458;266.345973532;;88.781991177;255.913531374;85;85.304510458;314.593916437;;104.864638812;312.725304734;;104.241768245;314.593916437;104;104.864638812;Polygon;12378.596491228;1;1661.578379503;728.181435003;2.498229684;395.431784495;342.861640150;0.222588952;0.264927943;0.438246816;0.168120036;0.145769545;12378.596491228;13054;570.507447811;;579.071278266;;570.507447811;95;0.313710150;0.307565344;0.313710150;0.269945611;0.256366326;0.269945611;0.463995141;0.472802960;0.463995141;0.202770319;0.197171340;0.202770319;0.106221542;0.108163218;0.106221542;14258;13657.619047619;14258
Saint-Louis;LA REUNION;CA Civis (Communauté Intercommunale des Villes Solidaires);LA REUNION;2520.006200676;93.676217148;95.138930013;93.676217148;Non;974140202;97414;69;249740077;-21.2634785701, 55.4275590961;"{""type"": ""Polygon"", ""coordinates"": [[[55.42922232393358, -21.27047172603312], [55.429165491871814, -21.27046938952084], [55.42804757179593, -21.270383988759416], [55.42658727887231, -21.270142728285858], [55.42400854918971, -21.269775375588186], [55.42186302792472, -21.26954121215495], [55.41989777012421, -21.26930238963431], [55.41856023454354, -21.269119118784104], [55.418355044712364, -21.269022347973376], [55.41819692506746, -21.268939568109225], [55.41826019382114, -21.268880545627482], [55.41856005581272, -21.26760250840637], [55.418566803229496, -21.266790522071894], [55.41853088839523, -21.266363836268944], [55.41849477801123, -21.26613587046677], [55.41843844153041, -21.265997139628947], [55.41880352476276, -21.262761850770065], [55.41899866673873, -21.26235494686135], [55.41907164539393, -21.262198460543047], [55.419104184142704, -21.26212921312226], [55.41954317602912, -21.261807246273744], [55.42109305044079, -21.259083022706857], [55.42192873949902, -21.257092787943506], [55.4232096231827, -21.254487060039217], [55.42368269442539, -21.25249884012252], [55.423996249898906, -21.2517366901116], [55.42403371633962, -21.251656648071823], [55.424101001802946, -21.25158140120179], [55.42417294114929, -21.251521553639474], [55.42423001553495, -21.251500408324787], [55.424242588476986, -21.25149600942743], [55.42435281899374, -21.251550333544493], [55.424386427518144, -21.251651815533712], [55.42450888457634, -21.252006144284262], [55.42553698563481, -21.254364289981083], [55.425660532043025, -21.254616557069788], [55.425707985869785, -21.254684746631447], [55.4257701030616, -21.254733200869115], [55.425795028660026, -21.254745176359624], [55.42583625657366, -21.254764530373475], [55.4259605258493, -21.254767497460843], [55.42683916984606, -21.254598656420082], [55.42685849691713, -21.254593417090472], [55.42712430635898, -21.254515505303413], [55.430039018744914, -21.25425136862711], [55.432305661242395, -21.25431175781766], [55.43255995397958, -21.25422921372409], [55.43250172487562, -21.254268416861347], [55.430834964392986, -21.255885146979168], [55.43075219783174, -21.25623936784575], [55.43069139319944, -21.256521530243628], [55.43066780391071, -21.256747132103417], [55.43068848565504, -21.25688688235721], [55.430886046013235, -21.257430241702348], [55.431062284425934, -21.257894364845637], [55.43199620300056, -21.259332055094333], [55.43365240931129, -21.26058360430054], [55.434279846990435, -21.260890681148272], [55.43523217796014, -21.261992168660978], [55.43605080762216, -21.263187022949808], [55.436077509927685, -21.263304698103017], [55.43610082559079, -21.26337808075436], [55.43613300391574, -21.26343347991673], [55.436171087509905, -21.263477191147775], [55.43625409492847, -21.263555644195957], [55.43633914397982, -21.26362327670786], [55.43646926962559, -21.263711199775603], [55.43636990128844, -21.26390448442185], [55.436151374745094, -21.267167838428033], [55.43642242640308, -21.26842005137195], [55.437182337636344, -21.271471630481564], [55.43716926731172, -21.2715229965556], [55.43698467776995, -21.271572771213673], [55.436551213855545, -21.272101687567705], [55.43470754624609, -21.27193190997413], [55.432023826617126, -21.271235809401833], [55.429285843548755, -21.270479544587534], [55.42922232393358, -21.27047172603312]]]}";9741402;97414;974;4;974140202;Le Ruisseau-Terre Rouge;Saint-Louis;LA REUNION;Le Ruisseau-Terre Rouge;LA REUNION;;4;;;;;;Iris d'habitat;11735;175.311999217;87.655999609;;181.806465953;;90.903232977;175.311999217;87;87.655999609;86.818603529;;86.818603529;90.635098607;;90.635098607;86.818603529;86;86.818603529;724.992345381;192.453750825;960.040928779;235.040688280;84.618317920;86.308895616;84.618317920;90.693681297;95.497570337;90.693681297;106.035775759;104.060441310;106.035775759;84.604855106;87.007337845;84.604855106;109.286069275;107.324236359;109.286069275;86.818603529;90.635098607;86.818603529;84.604855106;;84.604855106;87.007337845;;87.007337845;84.604855106;84;84.604855106;215.321845034;;107.660922517;211.384677669;;105.692338835;215.321845034;107;107.660922517;12938;;;262.130602747;;87.376867582;272.441564560;;90.813854853;262.130602747;87;87.376867582;299.926700140;;99.975566713;298.392015515;;99.464005172;299.926700140;99;99.975566713;Polygon;12378.596491228;1;1732.597997319;852.439681862;14.996299770;432.315970309;292.535796622;0.265456252;0.244823612;0.492000847;0.171553534;0.116085348;12378.596491228;12938;562.057302887;;570.833580075;;562.057302887;93;0.313710150;0.307565344;0.313710150;0.269945611;0.256366326;0.269945611;0.463995141;0.472802960;0.463995141;0.202770319;0.197171340;0.202770319;0.106221542;0.108163218;0.106221542;14258;13657.619047619;14258
Saint-Louis;LA REUNION;CA Civis (Communauté Intercommunale des Villes Solidaires);LA REUNION;2388.102677723;92.213788534;93.759327204;92.213788534;Non;974140106;97414;69;249740077;-21.2883874795, 55.4303035592;"{""type"": ""Polygon"", ""coordinates"": [[[55.424171726212045, -21.29362804818717], [55.42405039496522, -21.291899840224293], [55.42403517395483, -21.291519416665537], [55.42400063426566, -21.291504640785725], [55.423777938340734, -21.29141945373504], [55.42354078698754, -21.291334131017223], [55.42326221554231, -21.29124661342692], [55.422938446331386, -21.291149639128086], [55.42280583948352, -21.291112265448895], [55.42131259915987, -21.290914901392462], [55.4202899057664, -21.291239519955383], [55.41998522515801, -21.291430865261184], [55.419573409236044, -21.291546231912076], [55.41925930443331, -21.291627287304877], [55.41920055654625, -21.291623122461722], [55.41920201278366, -21.291577068916926], [55.41863451426745, -21.289577298727554], [55.4180555152474, -21.289194287970215], [55.417703339426886, -21.28896064196083], [55.41767206907667, -21.288910667706013], [55.41769145895851, -21.288900010621234], [55.41770894077819, -21.28888752904195], [55.41772356050574, -21.28887231072277], [55.4185891379386, -21.287872385094904], [55.41916516059493, -21.28709103899965], [55.41952357060586, -21.28647068972135], [55.41988420398973, -21.285822358676956], [55.41985563147999, -21.285790475720283], [55.419823725414126, -21.285709784371193], [55.419816759111974, -21.285640166454925], [55.419837623560454, -21.285581649106838], [55.41987385852249, -21.285527792413113], [55.419923488389095, -21.28548309422028], [55.419970053513104, -21.285454626283563], [55.420835060883185, -21.28495600194467], [55.42099694855348, -21.284868095569188], [55.42115293831618, -21.284790973080664], [55.42132988762552, -21.28473662897227], [55.42154249257714, -21.284682618954275], [55.421761563564765, -21.284654864401677], [55.42282688059497, -21.284621489756667], [55.42386811550299, -21.284586979617018], [55.42405322670806, -21.284580582881627], [55.4241419516902, -21.28457509038078], [55.42427220107382, -21.284561856933035], [55.426119145589006, -21.28434608560152], [55.42650804240867, -21.284299136740405], [55.426707829359984, -21.28427209872525], [55.42681508483189, -21.284246002467675], [55.42692528891556, -21.284214513996407], [55.426991068144815, -21.28419164322996], [55.42712266496802, -21.284142288846372], [55.427243776615086, -21.284081997025563], [55.42739596562006, -21.28399941332817], [55.42755610386012, -21.283894321665855], [55.42767846686001, -21.28380694272673], [55.42832213822031, -21.283364924239308], [55.42865064136118, -21.283151202473704], [55.429329231304465, -21.282732991022524], [55.42955718743909, -21.282594205147284], [55.429691912784214, -21.28252229572651], [55.43031409222597, -21.282742175192283], [55.43257026366343, -21.283558986244405], [55.434252183663574, -21.284181642495913], [55.434914555878485, -21.284429881219413], [55.43599022169606, -21.28483054755951], [55.437186425184116, -21.285271167502042], [55.438606464199786, -21.285781150111088], [55.440534919932816, -21.286472875507464], [55.44152940962378, -21.286851528701757], [55.44321001852324, -21.287514734841913], [55.44355591056364, -21.28853232440823], [55.443925869027744, -21.28973621297891], [55.44332565727444, -21.289988100277082], [55.44321132089798, -21.290045756530446], [55.44292934871092, -21.29018857765828], [55.440811153369154, -21.29126104346868], [55.43890355093621, -21.291463764047137], [55.43699689893517, -21.291667374816843], [55.43576879645408, -21.292050701523227], [55.43540713072014, -21.29216386370576], [55.43381735275817, -21.292660336887824], [55.4320727971634, -21.292663966798596], [55.431736418456424, -21.292664446065853], [55.42965644957099, -21.29266853849029], [55.429550904624186, -21.292714524407046], [55.42750774200916, -21.293607762488254], [55.424802110774266, -21.29362401307639], [55.424171726212045, -21.29362804818717]]]}";9741401;97414;974;4;974140106;Les Cocos-La Palissade;Saint-Louis;LA REUNION;Les Cocos-La Palissade;LA REUNION;;4;;;;;;Iris d'habitat;11735;171.861070419;85.930535210;;177.277218268;;88.638609134;171.861070419;85;85.930535210;86.818603529;;86.818603529;90.635098607;;90.635098607;86.818603529;86;86.818603529;627.656503264;220.066307235;740.218690124;120.084714679;111.764261419;113.997184175;111.764261419;60.096809000;63.280034093;60.096809000;120.682452615;118.434266054;120.682452615;116.745095837;120.060249291;116.745095837;57.175508804;56.149131006;57.175508804;86.818603529;90.635098607;86.818603529;116.745095837;;116.745095837;120.060249291;;120.060249291;116.745095837;116;116.745095837;177.857961419;;88.928980709;174.583397060;;87.291698530;177.857961419;88;88.928980709;7376;;;258.679673949;;86.226557983;267.912316875;;89.304105625;258.679673949;86;86.226557983;294.603057255;;98.201019085;294.643646351;;98.214548784;294.603057255;98;98.201019085;Polygon;12378.596491228;1;1483.058947886;830.454749850;22.469792277;565.322180484;145.035940406;0.350615832;0.162228698;0.559960716;0.236724403;0.060732707;12378.596491228;7376;553.282731204;;562.555963226;;553.282731204;92;0.313710150;0.307565344;0.313710150;0.269945611;0.256366326;0.269945611;0.463995141;0.472802960;0.463995141;0.202770319;0.197171340;0.202770319;0.106221542;0.108163218;0.106221542;14258;13657.619047619;14258
Saint-Louis;LA REUNION;CA Civis (Communauté Intercommunale des Villes Solidaires);LA REUNION;2767.160475192;84.667052856;85.928729952;84.667052856;Non;974140501;97414;69;249740077;-21.211024563, 55.4069881065;"{""type"": ""Polygon"", ""coordinates"": [[[55.40655635631056, -21.225441756221628], [55.406527525912885, -21.225435161004526], [55.40642404503423, -21.225382696753382], [55.40635722694039, -21.2253251590077], [55.406233893184236, -21.225147854345717], [55.40534706563079, -21.22352466252196], [55.40428419745456, -21.221818001367186], [55.40257558528719, -21.219412209014642], [55.4013211409516, -21.216522932289536], [55.4021977903151, -21.213924815648593], [55.40211654962332, -21.211359631660134], [55.40155207126126, -21.209575068502108], [55.401499266693136, -21.207853573758328], [55.40144748973575, -21.205594428287604], [55.401830259091184, -21.20475528933344], [55.40294380709535, -21.202153531451], [55.40322900512594, -21.201518510584936], [55.40414927959733, -21.200046727726225], [55.405576082749796, -21.199320017081025], [55.407680647941305, -21.197957337629344], [55.407796219978536, -21.19777867342714], [55.407878136565195, -21.197684600661997], [55.40805089881088, -21.19765190407968], [55.40824449107693, -21.197652825128344], [55.40840674172246, -21.197702228025587], [55.40862691911321, -21.19782895569621], [55.408761748636415, -21.197920554318333], [55.409774296640315, -21.19879904970796], [55.40999652515839, -21.199004380832598], [55.41135588259233, -21.200599727142116], [55.41259966765385, -21.201655619372563], [55.4134093938436, -21.20231901327918], [55.41423773789219, -21.20277301609461], [55.41479705126124, -21.203525284416138], [55.414172960907145, -21.2052311520345], [55.41373571516126, -21.205765855318234], [55.41304794291417, -21.206578221527554], [55.411167566329354, -21.20888356173938], [55.409026054722055, -21.21057331305517], [55.40738067570489, -21.211289685632874], [55.40686163629098, -21.211543127592012], [55.40624101436056, -21.21224092722411], [55.40597590930662, -21.21284272029713], [55.406201312732094, -21.21329197317188], [55.40688356821643, -21.214525973753723], [55.40737111119924, -21.214874724738287], [55.407730476198296, -21.216300512511786], [55.40808034281598, -21.217995933065847], [55.408901976015706, -21.219890637678944], [55.409101633184086, -21.21995755610196], [55.40925864643174, -21.22004846101535], [55.40962803834386, -21.2202777628504], [55.409786785181424, -21.220386749296427], [55.410148008317435, -21.220659330685617], [55.41015942213276, -21.22067298744732], [55.41027834761366, -21.22081230996897], [55.41048751457459, -21.221070812416613], [55.410651332002416, -21.221336113838625], [55.410721970035716, -21.221486724025176], [55.411091202554836, -21.222631047195947], [55.411684464082576, -21.22480631784674], [55.41210461429791, -21.22659515927589], [55.41208852394124, -21.22692831926777], [55.412128023975676, -21.22728819759625], [55.41220596888441, -21.22765656723991], [55.41226707482391, -21.227798054389833], [55.412414661425764, -21.22805055577373], [55.41122780295092, -21.2280466104626], [55.40960463391424, -21.226774853116627], [55.40765225559168, -21.225481006261486], [55.407037403248005, -21.22550139823408], [55.40679758594779, -21.225495521020406], [55.40655635631056, -21.225441756221628]]]}";9741405;97414;974;4;974140501;Les Makes-Village;Saint-Louis;LA REUNION;Les Makes-Village;LA REUNION;;4;;;;;;Iris d'habitat;11735;139.634374769;69.817187385;;144.409879109;;72.204939555;139.634374769;69;69.817187385;86.818603529;;86.818603529;90.635098607;;90.635098607;86.818603529;86;86.818603529;772.392116859;192.489570404;907.324169093;147.432284119;79.440286198;81.027412713;79.440286198;60.194088571;63.382466396;60.194088571;114.680447909;112.544072353;114.680447909;88.676386804;91.194486840;88.676386804;78.192504123;76.788842802;78.192504123;86.818603529;90.635098607;86.818603529;88.676386804;;88.676386804;91.194486840;;91.194486840;88.676386804;88;88.676386804;192.872952032;;96.436476016;189.332915155;;94.666457578;192.872952032;96;96.436476016;10304;;;226.452978298;;75.484326099;235.044977717;;78.348325906;226.452978298;75;75.484326099;281.549338836;;93.849779612;280.527401995;;93.509133998;281.549338836;93;93.849779612;Polygon;12378.596491228;1;1704.672758650;907.076328930;19.978098625;497.561443025;229.832832312;0.249212241;0.162491300;0.532111706;0.179809392;0.083057284;12378.596491228;10304;508.002317134;;515.572379712;;508.002317134;84;0.313710150;0.307565344;0.313710150;0.269945611;0.256366326;0.269945611;0.463995141;0.472802960;0.463995141;0.202770319;0.197171340;0.202770319;0.106221542;0.108163218;0.106221542;14258;13657.619047619;14258
Saint-Louis;LA REUNION;CA Civis (Communauté Intercommunale des Villes Solidaires);LA REUNION;2724.215690025;110.166899293;111.949899258;110.166899293;Non;974140104;97414;69;249740077;-21.270683441, 55.4129614199;"{""type"": ""Polygon"", ""coordinates"": [[[55.40689065343264, -21.281617100472527], [55.406997607329735, -21.28152959131412], [55.40708901639893, -21.281453677614454], [55.407171840137444, -21.281369553163547], [55.40727324524923, -21.281260312696585], [55.4073310141402, -21.2811759511642], [55.40739490514438, -21.28106003284855], [55.40744228778342, -21.280955700960945], [55.40748889145969, -21.28083419944202], [55.40752007686437, -21.280712552092464], [55.40754628846286, -21.280605310114478], [55.407549372768045, -21.280497849418474], [55.40753414800373, -21.280390215574137], [55.407498793896764, -21.28027245532613], [55.40744394353887, -21.28017528604161], [55.40738421674437, -21.280083490279054], [55.40730238483052, -21.279986065768853], [55.40719853537476, -21.279874883824654], [55.40704531644061, -21.27969458583149], [55.40695116202702, -21.27957807580627], [55.406877935240004, -21.279487055451597], [55.40682336763641, -21.27936369366314], [55.4065866227208, -21.278706578597493], [55.40653628949626, -21.278548029033548], [55.406508596865066, -21.27843485749359], [55.40650216491851, -21.27738518470528], [55.40650140200589, -21.27659752576871], [55.40653005614539, -21.276442433370995], [55.40680129528207, -21.275148797850953], [55.40748052816165, -21.273911409552937], [55.40781152116313, -21.272955527150927], [55.40865719350603, -21.27046117191138], [55.409626787973046, -21.26780204546662], [55.41015185489214, -21.264942253782834], [55.41035061968244, -21.26366192508769], [55.41036446174724, -21.26138534129634], [55.41025438256276, -21.260149972090964], [55.410839175212686, -21.25980140225909], [55.41281466112623, -21.259881442408926], [55.41494221062371, -21.259979148861788], [55.416455754182394, -21.260436658057067], [55.417278642064545, -21.261089562250667], [55.41787221685808, -21.261541357172977], [55.41826869120393, -21.26177180278202], [55.418408544892316, -21.261849894394796], [55.419002590082385, -21.262168004362394], [55.41907164539393, -21.262198460543047], [55.41899866673873, -21.26235494686135], [55.41880352476276, -21.262761850770065], [55.41843844153041, -21.265997139628947], [55.41849477801123, -21.26613587046677], [55.41853088839523, -21.266363836268944], [55.418566803229496, -21.266790522071894], [55.41856005581272, -21.26760250840637], [55.41826019382114, -21.268880545627482], [55.41819692506746, -21.268939568109225], [55.41816869210746, -21.268966401436025], [55.418063584529364, -21.26906296879383], [55.41815262726624, -21.27254324165883], [55.41838625465419, -21.272774868740544], [55.41849686319388, -21.27288520422833], [55.418571125665785, -21.272969906557737], [55.4186337382518, -21.273062629009466], [55.41867587418049, -21.27317774121673], [55.418698921669154, -21.27327551188337], [55.41869759997226, -21.274481378861736], [55.41869526579644, -21.274609622760206], [55.418620727296, -21.274821193812087], [55.41857718005142, -21.274928275293668], [55.418296561031816, -21.275305921180077], [55.418173785170694, -21.275432130622185], [55.41788722255919, -21.275644419638123], [55.417748402749616, -21.275738863219576], [55.41748311805423, -21.27585379715049], [55.41715670038271, -21.276007900419895], [55.417084052745835, -21.27604244555547], [55.41696560320453, -21.276124433977227], [55.41686537518392, -21.27621472310782], [55.41679878649701, -21.27631345791537], [55.41675129601548, -21.27642863126153], [55.416718636598404, -21.276508716114357], [55.41671020281035, -21.276576382793277], [55.41640724438658, -21.276519337624677], [55.41517034563844, -21.277013782935267], [55.41406242223595, -21.27774379781475], [55.41295749177876, -21.279632982693816], [55.4127798958082, -21.27992758402159], [55.41249151816799, -21.280397279935674], [55.4121129034138, -21.281013358581447], [55.41173305893735, -21.28138463638275], [55.41106959692018, -21.281691814264843], [55.407457674894, -21.281674854233184], [55.407239687347555, -21.28169176119251], [55.40695861486944, -21.28166019742166], [55.40689065343264, -21.281617100472527]]]}";9741401;97414;974;4;974140104;Roche Maigre;Saint-Louis;LA REUNION;Roche Maigre;LA REUNION;;4;;;;;;Iris d'habitat;11735;231.924497418;115.962248709;;240.151893572;;120.075946786;231.924497418;115;115.962248709;86.818603529;;86.818603529;90.635098607;;90.635098607;86.818603529;86;86.818603529;706.086467188;272.422637413;989.562554137;291.004503806;122.986299622;125.443425930;122.986299622;108.938197796;114.708467642;108.938197796;115.182201214;113.036478525;115.182201214;105.207748825;108.195281872;105.207748825;121.868344772;119.680642974;121.868344772;86.818603529;90.635098607;86.818603529;105.207748825;;105.207748825;108.195281872;;108.195281872;105.207748825;105;105.207748825;237.050545985;;118.525272993;232.717121499;;116.358560749;237.050545985;118;118.525272993;10540;;;318.743100947;;106.247700316;330.786992179;;110.262330726;318.743100947;106;106.247700316;342.258294810;;114.086098270;340.912403371;;113.637467790;342.258294810;114;114.086098270;Polygon;12378.596491228;1;1855.325766444;991.559962087;20.012579065;581.157171814;352.650906080;0.385820505;0.294073884;0.534439816;0.213330088;0.129450435;12378.596491228;10540;661.001395757;;671.699395550;;661.001395757;110;0.313710150;0.307565344;0.313710150;0.269945611;0.256366326;0.269945611;0.463995141;0.472802960;0.463995141;0.202770319;0.197171340;0.202770319;0.106221542;0.108163218;0.106221542;14258;13657.619047619;14258
Saint-Paul;LA REUNION;CA Territoire de la Côte Ouest (Tco);LA REUNION;2343.007995795;102.591371987;105.082747028;102.591371987;Non;974150401;97415;69;249740101;-20.978205871, 55.3242783609;"{""type"": ""Polygon"", ""coordinates"": [[[55.32638193027929, -20.98330110953941], [55.326298757396884, -20.983256031588144], [55.3251301987099, -20.982565279253205], [55.32508065495022, -20.98252324127448], [55.324869374384285, -20.982236630961346], [55.324605988477224, -20.981879052242924], [55.324549275509725, -20.98178997317269], [55.32163117428694, -20.9798173920109], [55.318328940506476, -20.97840281068744], [55.31817376359812, -20.97851870454965], [55.31811725033347, -20.978584085711265], [55.318109425765726, -20.97859575104038], [55.31805362134446, -20.978683721067185], [55.31789390083747, -20.978947706974765], [55.31772608208932, -20.979247743735147], [55.317712092196736, -20.97920876472599], [55.31770129061351, -20.979142718939066], [55.31755177822052, -20.97806544117951], [55.31754466151102, -20.97801388418549], [55.31753756502992, -20.977960520839837], [55.31749879231719, -20.977643991453867], [55.317493588795784, -20.97759335662891], [55.31749027821183, -20.977545450326268], [55.3174899132118, -20.97749215346241], [55.31749029652958, -20.977372021595738], [55.31750685278664, -20.977009971593294], [55.31751641756613, -20.97692877125056], [55.3175215695353, -20.976898110760647], [55.31753054780633, -20.976869294610758], [55.31757730169708, -20.976730651898002], [55.317590207360794, -20.97669464832381], [55.31760605857795, -20.976653254183113], [55.31762282086006, -20.976616385415998], [55.31765519165934, -20.976559798720007], [55.318114251688094, -20.975801514933234], [55.31861167744337, -20.97539588593059], [55.31873304228891, -20.97529320689856], [55.3188855829877, -20.9751547043494], [55.31895819774266, -20.975025349071338], [55.319010004051684, -20.975036699554508], [55.32051869609458, -20.97549011965397], [55.32149846559915, -20.976027740940506], [55.321579255844426, -20.97611344495784], [55.32168596984013, -20.976203017438944], [55.32177752985598, -20.976271665203797], [55.32186944295064, -20.97630870169944], [55.32202287021898, -20.97634905387743], [55.32232612049383, -20.97640804368156], [55.3224432076499, -20.976429972070928], [55.32354215032938, -20.97663138154305], [55.32366123169039, -20.976647005793822], [55.32376132219004, -20.976640764436077], [55.323863396395524, -20.976629122869173], [55.32395692669168, -20.976607461125965], [55.32461074696344, -20.97644949572189], [55.32476421041697, -20.976400421292542], [55.32481835381338, -20.9763747586328], [55.32488027079084, -20.976341946164723], [55.32491998966565, -20.976316141636794], [55.324963675858406, -20.97627953676709], [55.3250006205411, -20.976243768880597], [55.32505511616593, -20.976186494861498], [55.325115623117505, -20.976107601241104], [55.32517152316238, -20.976010596737225], [55.3251924320425, -20.975946669524035], [55.32523682261482, -20.975846842008465], [55.3252750810197, -20.975779472220182], [55.3253247782862, -20.975721247648814], [55.32537147992326, -20.97567292967776], [55.32543464997108, -20.975613934222466], [55.32551722359587, -20.97553977371875], [55.32556577792838, -20.975497796846156], [55.32585091103793, -20.975283812132552], [55.325931309513756, -20.97523221199656], [55.326110467717335, -20.975121062492846], [55.32623537234798, -20.975045510943065], [55.32642085918759, -20.974970554415183], [55.32672558722516, -20.97489676882796], [55.32680368992787, -20.974878567025844], [55.327259493073136, -20.97479723129182], [55.32730857608643, -20.974794100074654], [55.32738645754977, -20.974795767969354], [55.327605245447145, -20.974839466618235], [55.32769634849106, -20.974862942862273], [55.32784873426212, -20.97491050581084], [55.327963717245936, -20.974948668762273], [55.330795877473776, -20.976086571953225], [55.330881541747466, -20.976166899932803], [55.3308513599235, -20.976200025597013], [55.33041002506476, -20.97645042598915], [55.328623674888874, -20.978734465761548], [55.32779107853102, -20.980783060649937], [55.32641476238335, -20.983202974850496], [55.32638193027929, -20.98330110953941]]]}";9741504;97415;974;4;974150401;Bas de la Plaine;Saint-Paul;LA REUNION;Bas de la Plaine;LA REUNION;;4;;;;;;Iris d'habitat;19950;197.665787313;98.832893656;;208.176221297;;104.088110649;197.665787313;98;98.832893656;109.736639080;;109.736639080;104.357033282;;104.357033282;109.736639080;109;109.736639080;653.760343268;229.529806534;840.954795379;194.662491489;111.915940101;111.836591628;111.915940101;85.749847212;96.339629669;85.749847212;102.078496344;102.882273004;102.078496344;88.751629382;91.983292813;88.751629382;117.315679801;123.097661769;117.315679801;109.736639080;104.357033282;109.736639080;88.751629382;;88.751629382;91.983292813;;91.983292813;88.751629382;88;88.751629382;219.394176145;;109.697088072;225.979934773;;112.989967386;219.394176145;109;109.697088072;15834;;;307.402426393;;102.467475464;312.533254580;;104.177751527;307.402426393;102;102.467475464;308.145805527;;102.715268509;317.963227586;;105.987742529;308.145805527;102;102.715268509;Polygon;15646.25;1;1611.963000000;763.488966697;37.440789280;421.652315354;291.972826258;0.351091664;0.231477949;0.473639263;0.179961962;0.124614524;15646.25;15834;615.548231919;;630.496482166;;615.548231919;102;0.313710150;0.313932729;0.313710150;0.269945611;0.240272824;0.269945611;0.463995141;0.460370138;0.463995141;0.202770319;0.195646357;0.202770319;0.106221542;0.101232243;0.106221542;14258;14993;14258
Saint-Paul;LA REUNION;CA Territoire de la Côte Ouest (Tco);LA REUNION;4467.820115446;91.674665976;93.640655890;91.674665976;Non;974150701;97415;69;249740101;-21.0153243898, 55.3037626512;"{""type"": ""Polygon"", ""coordinates"": [[[55.295028459263925, -21.024913372962107], [55.29500392167447, -21.02487157681906], [55.2949871822525, -21.024820826234972], [55.29497423918618, -21.024774630032155], [55.2949775975278, -21.024733113601723], [55.295045925992824, -21.024477271980775], [55.295165404126166, -21.02412258417759], [55.29522821004653, -21.02401391898553], [55.29473039298255, -21.022446282082907], [55.293587262249716, -21.020355052214597], [55.29273177427282, -21.01965998666561], [55.29159883888681, -21.018746702429098], [55.29010877117473, -21.016800554200273], [55.28995767067261, -21.016300434437387], [55.2898315321599, -21.015889085237188], [55.28971980962023, -21.015647694204265], [55.289594882742755, -21.015467592168072], [55.2887690437106, -21.01445440728482], [55.28795004445378, -21.013517161755207], [55.28766127093828, -21.01319630714115], [55.28744813399579, -21.012906924431867], [55.2873802628133, -21.01278520411025], [55.28733409138275, -21.012700735955416], [55.287321845195216, -21.012678031126477], [55.28724968820356, -21.012426197940933], [55.286203268990434, -21.010641654266156], [55.28542719950396, -21.009444239900095], [55.28719031432216, -21.008443118889243], [55.28938549775638, -21.007636459209394], [55.290587024905236, -21.00733374715706], [55.29264119123293, -21.007208945867674], [55.29372497019379, -21.00748989321405], [55.29578054968537, -21.007410231378454], [55.298823146571245, -21.0063901793348], [55.299261529044905, -21.006242812705466], [55.29957359629048, -21.00612218394794], [55.29960265530741, -21.006104408998077], [55.29968792916746, -21.006049258565774], [55.299767677727836, -21.005972374480006], [55.29985553002152, -21.005859440649814], [55.30000237997752, -21.00563328456491], [55.300029904065035, -21.005581170060836], [55.30013313456087, -21.00538438586965], [55.300264737832805, -21.005060524365717], [55.300347892343524, -21.00476779316885], [55.30040702216672, -21.004557922526658], [55.300433921415184, -21.004391086778277], [55.30042883597991, -21.004330517097607], [55.30042624723133, -21.00430429649911], [55.300380295468216, -21.004199961855285], [55.30031963036224, -21.00412077172577], [55.30025102541443, -21.00406318068181], [55.30013068809188, -21.00398700753616], [55.300588188509415, -21.00223562534508], [55.30153594832672, -21.000651154201623], [55.30347314277104, -20.998726305829802], [55.30581301053872, -20.997395610493296], [55.30791004540834, -20.99584477858576], [55.3079285324072, -20.99582599366432], [55.30803328649822, -20.995919168461366], [55.3090661186863, -20.99696186944099], [55.30910980543826, -20.99709689074639], [55.3091643666167, -20.997205825207768], [55.309245602803564, -20.997337606380476], [55.30925615718051, -20.99742532848003], [55.30925905817526, -20.9975093614775], [55.30909439239929, -20.99846519274834], [55.30905565243203, -20.99857410364579], [55.30902513561971, -20.998636126152224], [55.308912548222864, -20.998811145376152], [55.30872620211077, -20.99908704955605], [55.308602746911234, -21.00001302983171], [55.30847873747057, -21.00103068625187], [55.308555725316744, -21.001454181826723], [55.30862896314622, -21.001783700010016], [55.30950876289065, -21.00313695915496], [55.31091189560465, -21.004401469522392], [55.31251421003362, -21.005619619826472], [55.31412529580092, -21.006936977324017], [55.31551443760908, -21.008361871431806], [55.31580396785625, -21.009562701962146], [55.31616935754859, -21.011033006302586], [55.31644091350532, -21.011779086528506], [55.316473595173974, -21.011867027313983], [55.31727321238271, -21.015296139774684], [55.317862924434706, -21.016904769675364], [55.31788736621036, -21.016955594616384], [55.31793966226981, -21.01701030809759], [55.31808739774128, -21.017132807442273], [55.318196101089995, -21.0172187898599], [55.31831257059609, -21.01729852609444], [55.31854320156154, -21.017406489018448], [55.318722376710774, -21.017470585969217], [55.318723824567456, -21.017513054070886], [55.3187107832678, -21.01756079858404], [55.31868235166158, -21.017608390963964], [55.318649262467375, -21.01764238821563], [55.318598879420634, -21.017674407959024], [55.318535080472174, -21.017701778698974], [55.31845512172966, -21.01771182748515], [55.31836962456746, -21.017701046220107], [55.31601471925849, -21.01848707835028], [55.31407207808472, -21.019267227523894], [55.31350161559752, -21.020463824238618], [55.31348455198983, -21.02052688392802], [55.31347816081135, -21.02058192001989], [55.31347772395817, -21.02062075629822], [55.313486814775366, -21.020667816489475], [55.31351103203164, -21.020738511703346], [55.31353270898492, -21.02077847054336], [55.31357701467732, -21.020859300924716], [55.31390804972882, -21.021278087470254], [55.313987076118934, -21.021351132562845], [55.314038582817425, -21.021390483807632], [55.314715479451955, -21.021851086359405], [55.31573801681596, -21.023272576844526], [55.31446260363256, -21.024812209357243], [55.31306196239863, -21.02615006235566], [55.3119157737467, -21.028020647472292], [55.311001497363705, -21.03014016362792], [55.31027460644798, -21.03295922112746], [55.31058886014706, -21.033161063525547], [55.31068998584328, -21.033237039764085], [55.31074519066903, -21.03328997791236], [55.3107612186641, -21.03331904176291], [55.31077150526862, -21.033345338753662], [55.31077586719548, -21.03338512588509], [55.310728821288265, -21.033376528949443], [55.308600792766256, -21.03302386873659], [55.30739442509122, -21.032716944317297], [55.3060770562928, -21.032016887955596], [55.30500061024592, -21.031410002605647], [55.30202583063977, -21.02932575068287], [55.30075270834296, -21.028637025731467], [55.29953976519852, -21.027939320751333], [55.29847480718979, -21.02723654007645], [55.29726930445191, -21.02633046638471], [55.29535057506304, -21.025097255137407], [55.2953035740213, -21.025085041519052], [55.29523746792396, -21.02506089392492], [55.29520011701628, -21.02504606723895], [55.29516000359285, -21.025020373689355], [55.295098881827535, -21.02498092054387], [55.295032235069066, -21.024919733663847], [55.295028459263925, -21.024913372962107]]]}";9741507;97415;974;4;974150701;Bellemene;Saint-Paul;LA REUNION;Bellemene;LA REUNION;;4;;;;;;Iris d'habitat;19950;147.390493232;73.695246616;;156.041398697;;78.020699349;147.390493232;73;73.695246616;109.736639080;;109.736639080;104.357033282;;104.357033282;109.736639080;109;109.736639080;1192.166048133;287.598293276;1444.570055437;274.885144994;76.899051771;76.844530295;76.899051771;70.491441461;79.196868402;70.491441461;112.527939010;113.413995665;112.527939010;97.271866180;100.813772228;97.271866180;83.121058352;87.217735466;83.121058352;109.736639080;104.357033282;109.736639080;97.271866180;;97.271866180;100.813772228;;100.813772228;97.271866180;97;97.271866180;195.648997362;;97.824498681;200.631731131;;100.315865565;195.648997362;97;97.824498681;12092;;;257.127132312;;85.709044104;260.398431979;;86.799477326;257.127132312;85;85.709044104;292.920863542;;97.640287847;301.445503358;;100.481834453;292.920863542;97;97.640287847;Polygon;15646.25;1;3055.464949467;1595.332097076;43.484879262;881.226017550;394.474872987;0.241240131;0.190288553;0.522124169;0.197238473;0.088292470;15646.25;12092;550.047995854;;561.843935338;;550.047995854;91;0.313710150;0.313932729;0.313710150;0.269945611;0.240272824;0.269945611;0.463995141;0.460370138;0.463995141;0.202770319;0.195646357;0.202770319;0.106221542;0.101232243;0.106221542;14258;14993;14258
Saint-Paul;LA REUNION;CA Territoire de la Côte Ouest (Tco);LA REUNION;3026.330446783;85.166621211;87.218519808;85.166621211;Non;974150801;97415;69;249740101;-21.0232890284, 55.2840653397;"{""type"": ""Polygon"", ""coordinates"": [[[55.295028459263925, -21.024913372962107], [55.2946589681085, -21.02508851378143], [55.29188181735229, -21.02633243148092], [55.29178604014267, -21.02637934215725], [55.291741410213774, -21.026412314462693], [55.291691733826305, -21.026466011074948], [55.29148862423021, -21.026729529235062], [55.29134593669001, -21.026925006432318], [55.29122472037235, -21.027093601426103], [55.29108981003872, -21.02728193043035], [55.290500147882256, -21.02811874549619], [55.28986380015794, -21.029024060005927], [55.28893699268265, -21.029787602153846], [55.28691444620733, -21.029896400044265], [55.284529233243376, -21.031123284467224], [55.28306959425102, -21.03178155386721], [55.28170585328668, -21.033417123262026], [55.281328657479094, -21.034428571297198], [55.280419662693234, -21.0358374913233], [55.28039823971315, -21.03585985600615], [55.28037334197116, -21.0358496682805], [55.280318912785475, -21.035813890568598], [55.28028742626399, -21.035790990570664], [55.28026844563318, -21.03576821710261], [55.280264060749346, -21.035731139202976], [55.28026490488966, -21.0354899781456], [55.28037046875757, -21.03534562182646], [55.280437183879414, -21.03506538385257], [55.28042235182267, -21.03459734664592], [55.280388240799155, -21.034467835792157], [55.2803591449805, -21.034404313438248], [55.280202013617625, -21.034096067913786], [55.27945553988718, -21.032829825227555], [55.279402633998565, -21.032745286833634], [55.2792765899109, -21.032578714972686], [55.27921682595476, -21.032504946190546], [55.279166484669375, -21.032448434657997], [55.278758821411266, -21.0320071310607], [55.27867328199084, -21.03191593924461], [55.27814816681331, -21.031398023075923], [55.27745879677655, -21.029435037394748], [55.27651611399126, -21.026662422347176], [55.276242526694254, -21.0252722470232], [55.27621532046788, -21.025128353432557], [55.27620945307888, -21.024969320805468], [55.27620988844324, -21.024513180668315], [55.276224928955685, -21.024041833202848], [55.275251025921335, -21.022314867422708], [55.27524535841498, -21.02230577737689], [55.27515578577778, -21.0221477022654], [55.2746714633056, -21.02114075825051], [55.274260857435635, -21.019997002406058], [55.27370002832471, -21.01723818562901], [55.273685677583316, -21.016813509476044], [55.27369333061258, -21.016650097737813], [55.2766516075385, -21.016884232416373], [55.27891078785648, -21.01692878543075], [55.28340211340676, -21.017027464574465], [55.28580903916095, -21.01458312711284], [55.286531060014624, -21.01369346310933], [55.28733409138275, -21.012700735955416], [55.2873802628133, -21.01278520411025], [55.28744813399579, -21.012906924431867], [55.28766127093828, -21.01319630714115], [55.28795004445378, -21.013517161755207], [55.2887690437106, -21.01445440728482], [55.289594882742755, -21.015467592168072], [55.28971980962023, -21.015647694204265], [55.2898315321599, -21.015889085237188], [55.28995767067261, -21.016300434437387], [55.29010877117473, -21.016800554200273], [55.29159883888681, -21.018746702429098], [55.29273177427282, -21.01965998666561], [55.293587262249716, -21.020355052214597], [55.29473039298255, -21.022446282082907], [55.29522821004653, -21.02401391898553], [55.295165404126166, -21.02412258417759], [55.295045925992824, -21.024477271980775], [55.2949775975278, -21.024733113601723], [55.29497423918618, -21.024774630032155], [55.2949871822525, -21.024820826234972], [55.29500392167447, -21.02487157681906], [55.295028459263925, -21.024913372962107]]]}";9741508;97415;974;4;974150801;Bois Rouge;Saint-Paul;LA REUNION;Bois Rouge;LA REUNION;;4;;;;;;Iris d'habitat;19950;151.638962564;75.819481282;;161.611811383;;80.805905691;151.638962564;75;75.819481282;109.736639080;;109.736639080;104.357033282;;104.357033282;109.736639080;109;109.736639080;814.483073070;180.084711256;1036.660632807;227.116711498;70.480051109;70.430080708;70.480051109;81.158911455;91.181730675;81.158911455;84.119917751;84.782286703;84.119917751;85.542344272;88.657149800;85.542344272;79.961863599;83.902837680;79.961863599;109.736639080;104.357033282;109.736639080;85.542344272;;85.542344272;88.657149800;;88.657149800;85.542344272;85;85.542344272;164.081781350;;82.040890675;168.685124383;;84.342562191;164.081781350;82;82.040890675;13116;;;261.375601643;;87.125200548;265.968844665;;88.656281555;261.375601643;87;87.125200548;249.624125622;;83.208041874;257.342274183;;85.780758061;249.624125622;83;83.208041874;Polygon;15646.25;1;1978.440903976;772.209880256;67.482363423;524.930586419;257.046595413;0.221103074;0.219084920;0.390312331;0.173454484;0.084936725;15646.25;13116;510.999727266;;523.311118848;;510.999727266;85;0.313710150;0.313932729;0.313710150;0.269945611;0.240272824;0.269945611;0.463995141;0.460370138;0.463995141;0.202770319;0.195646357;0.202770319;0.106221542;0.101232243;0.106221542;14258;14993;14258
Saint-Paul;LA REUNION;CA Territoire de la Côte Ouest (Tco);LA REUNION;3738.653504432;95.253926975;97.277816751;95.253926975;Non;974150602;97415;69;249740101;-20.9950367282, 55.3190016607;"{""type"": ""Polygon"", ""coordinates"": [[[55.3079285324072, -20.99582599366432], [55.30794037877783, -20.99579901330016], [55.308395373625416, -20.992722478545375], [55.3091783155591, -20.991098948009295], [55.310029892696285, -20.99021226033577], [55.310582239003175, -20.989761589306173], [55.3105633624904, -20.98768972310563], [55.31042118337373, -20.985439640588528], [55.3113765272116, -20.98435862178352], [55.31252467209334, -20.983380258549623], [55.31255808710181, -20.983402268182374], [55.3125705076688, -20.983409617429327], [55.3149661350941, -20.984453132349294], [55.316190018679066, -20.984924100587666], [55.31743072569682, -20.985525298223784], [55.31829882908474, -20.986205006258082], [55.319327566433024, -20.987013205881482], [55.319985036605736, -20.98803813657573], [55.32291076725646, -20.98976965256213], [55.32341621092201, -20.989898379025707], [55.323597017881674, -20.989985970516823], [55.323682036210755, -20.990038294304497], [55.32379061369573, -20.990134207253902], [55.32388461429823, -20.990243525796487], [55.323982939792714, -20.990396244140896], [55.32405804301339, -20.990561379734217], [55.324094128972746, -20.99068909692404], [55.325403169498024, -20.992802998722635], [55.32730499751841, -20.994980978979953], [55.32782910406252, -20.99594044042219], [55.328363935321704, -20.996930717285075], [55.328990045800595, -20.99831933098261], [55.33029623688821, -21.000873972702923], [55.330638440594036, -21.00167311722022], [55.33055537213266, -21.00321735887142], [55.33038039148034, -21.00403085022467], [55.329061270830664, -21.0050973192156], [55.32905029222641, -21.005046627908662], [55.3290218198708, -21.00501202380935], [55.32898551217739, -21.0049899886431], [55.32892585936049, -21.00499120942342], [55.328837911482395, -21.005028283389375], [55.328740103958474, -21.00508693911878], [55.32864203480172, -21.005169077412948], [55.3285759570831, -21.00522894795002], [55.328554495247246, -21.00525583545108], [55.32811066425248, -21.005894608374383], [55.32808665892903, -21.005890759413884], [55.32798642232707, -21.005822028809348], [55.32563470888382, -21.003821408840913], [55.32529937513631, -21.003529286813244], [55.32523936593686, -21.00347630628023], [55.32520129687917, -21.003439800609808], [55.3251622962742, -21.003400575936872], [55.32512248508693, -21.003347794142883], [55.32509220125377, -21.003303235588646], [55.32506387128895, -21.003255986432578], [55.3250140549273, -21.00315161943184], [55.3249925080433, -21.0030999206478], [55.32367709735988, -21.002884635250584], [55.32288968361571, -21.004313084564675], [55.322027551327864, -21.006314371622405], [55.321537753249835, -21.00598616887778], [55.321069501386965, -21.00562385300115], [55.32099140039199, -21.005554433584514], [55.320942002381535, -21.005498846461833], [55.32076016361766, -21.005244135434708], [55.31936705061655, -21.00320524300054], [55.318931163655414, -21.00210165386066], [55.31776268932285, -21.00075055380165], [55.316834652222084, -20.999876042974503], [55.3162704617633, -20.999365533132803], [55.315658685648906, -20.999024366031254], [55.314964331972114, -20.99867063686984], [55.314723314514445, -20.998548115480887], [55.31385877939081, -20.998359802401033], [55.31327804155338, -20.99825333381885], [55.3126028790367, -20.998161282893125], [55.309366704103915, -20.99751675354839], [55.309245602803564, -20.997337606380476], [55.3091643666167, -20.997205825207768], [55.30910980543826, -20.99709689074639], [55.3090661186863, -20.99696186944099], [55.30803328649822, -20.995919168461366], [55.3079285324072, -20.99582599366432]]]}";9741506;97415;974;4;974150602;Bois de Nefles-St Paul Centre;Saint-Paul;LA REUNION;Bois de Nefles-St Paul Centre;LA REUNION;;4;;;;;;Iris d'habitat;19950;149.129554812;74.564777406;;157.112286441;;78.556143221;149.129554812;74;74.564777406;109.736639080;;109.736639080;104.357033282;;104.357033282;109.736639080;109;109.736639080;1072.224132009;282.574952692;1264.418304723;222.276353906;84.007781450;83.948219880;84.007781450;65.121773362;73.164066561;65.121773362;112.322427894;113.206866333;112.322427894;94.604655836;98.049442245;94.604655836;105.730284227;110.941272203;105.730284227;109.736639080;104.357033282;109.736639080;94.604655836;;94.604655836;98.049442245;;98.049442245;94.604655836;94;94.604655836;218.052712121;;109.026356061;224.148138536;;112.074069268;218.052712121;109;109.026356061;12886;;;258.866193891;;86.288731297;261.469319723;;87.156439908;258.866193891;86;86.288731297;312.657367957;;104.219122652;322.197580782;;107.399193594;312.657367957;104;104.219122652;Polygon;15646.25;1;2704.122878351;1409.309362513;32.542521028;717.186508018;419.881962320;0.263540937;0.175793369;0.521170607;0.191830162;0.112308338;15646.25;12886;571.523561849;;583.666900505;;571.523561849;95;0.313710150;0.313932729;0.313710150;0.269945611;0.240272824;0.269945611;0.463995141;0.460370138;0.463995141;0.202770319;0.195646357;0.202770319;0.106221542;0.101232243;0.106221542;14258;14993;14258
Saint-Paul;LA REUNION;CA Territoire de la Côte Ouest (Tco);LA REUNION;1789.088637182;93.108034691;96.501943715;93.108034691;Non;974151201;97415;69;249740101;-21.0322709715, 55.2365619952;"{""type"": ""Polygon"", ""coordinates"": [[[55.230193407849576, -21.047005313211514], [55.23038567912233, -21.046530406416167], [55.22844446421779, -21.04373091412035], [55.22634010177761, -21.04220236128422], [55.22470547039882, -21.04130824847711], [55.224579060124555, -21.04150202682901], [55.22452715340312, -21.041579162813925], [55.2245085542084, -21.041606065568182], [55.22449193254114, -21.041628472801122], [55.22447827181783, -21.041644588316462], [55.22446562662717, -21.041656198260267], [55.224444451922054, -21.041656880242616], [55.22432086792353, -21.041612233524702], [55.22417833315909, -21.041543001298642], [55.224021497072485, -21.041462780657614], [55.223866617289666, -21.04137987062078], [55.22279644614063, -21.04075628764429], [55.22219363084515, -21.040395913765323], [55.22169451192862, -21.040043276902082], [55.21988604799088, -21.03873328871621], [55.21888768234539, -21.036847713135785], [55.21869773310874, -21.036721076015933], [55.218628976374966, -21.036677903343346], [55.21858594571076, -21.03665577469119], [55.21812598110735, -21.036582307125702], [55.21798262698951, -21.036582610582126], [55.21779107798758, -21.036590537653858], [55.21761365756291, -21.0366239032376], [55.21745045160275, -21.036675482399676], [55.21733533301963, -21.036728469022563], [55.217244360211815, -21.036773579733005], [55.217301406200775, -21.03658811187133], [55.217736406154515, -21.036293477679504], [55.220386140405395, -21.03389086239358], [55.22254584971166, -21.03179356448677], [55.22316615097959, -21.031244558748188], [55.22465901577687, -21.029721942814817], [55.22674639418628, -21.02707609269297], [55.22808804304089, -21.025302039619383], [55.22831980213806, -21.024983804678964], [55.22866073301135, -21.02454476934379], [55.229174167462524, -21.023916946168125], [55.22955552449733, -21.02347561995717], [55.2302168383168, -21.022951398814268], [55.23059862371791, -21.02271781962046], [55.23118343930925, -21.02248002877703], [55.23312312703803, -21.020761002419302], [55.23348490286778, -21.019836679953038], [55.23374440465442, -21.019366528137745], [55.23421065256098, -21.018739551853503], [55.23436522572795, -21.018602057330366], [55.234444767968895, -21.018545978814576], [55.23495072144249, -21.01830464514675], [55.23563395237717, -21.018203345100925], [55.2367456163359, -21.018142163496233], [55.237995495808995, -21.018293763531425], [55.24011872278556, -21.019100665868926], [55.24287684898973, -21.01934589272886], [55.245584083409774, -21.019893277633145], [55.24636224860226, -21.01998259548043], [55.246722094456, -21.019977273127093], [55.24727158760541, -21.01996035591768], [55.247524919010786, -21.019932256167674], [55.249271367237554, -21.01931797025532], [55.25007371388608, -21.01898389679269], [55.25012785251844, -21.01896096937996], [55.25251480774336, -21.017699285340402], [55.25262813476882, -21.017632705990888], [55.252699516585906, -21.017698473234915], [55.25275656525795, -21.017755963971293], [55.25278782260649, -21.017797834516674], [55.252821860326016, -21.017848766106997], [55.25306103065493, -21.01854040172398], [55.25311405781357, -21.01869540193474], [55.25312585098989, -21.01883913963354], [55.25301387348648, -21.020069569154924], [55.253492755731095, -21.023388958836826], [55.25354586485946, -21.024651794098347], [55.25422637286674, -21.026355534708458], [55.25551889695255, -21.0277164483164], [55.255583477515465, -21.027788467596856], [55.244318080550194, -21.03155826795003], [55.24313434596358, -21.03323329795628], [55.242411895800686, -21.034457853666424], [55.24224234493934, -21.036153677027134], [55.24182688234103, -21.037578831152928], [55.24112858844909, -21.039283250662148], [55.24046825173398, -21.040949219650866], [55.24092395792968, -21.041961052751738], [55.242197914731726, -21.042444373935385], [55.24373090685976, -21.042909589009206], [55.244631183883776, -21.043097734062904], [55.244847225502575, -21.0431351922928], [55.244956715851814, -21.043151678376677], [55.24507971685016, -21.04316469095699], [55.24521240157898, -21.043172383994893], [55.24533651280196, -21.043172762445046], [55.2454664384817, -21.043169587868693], [55.245731163430165, -21.043157869269788], [55.24588907234238, -21.043147757321695], [55.245997875880185, -21.043140751308066], [55.24602004466707, -21.04313736717261], [55.249098708263986, -21.044304498001303], [55.249047013141784, -21.04436448269113], [55.24875143929404, -21.044545698420183], [55.248657509633425, -21.044597118453893], [55.24819737981186, -21.044780701486424], [55.24639380405973, -21.045481530093863], [55.24589127075277, -21.04567053994355], [55.24559508949515, -21.04573883805114], [55.24530126601678, -21.045770126994373], [55.244750991437, -21.045763539704243], [55.24451821030401, -21.045758424931776], [55.244297079549156, -21.0457443978026], [55.24417720625334, -21.045710642268745], [55.243969904260524, -21.04566604736986], [55.24391321829356, -21.045659138773107], [55.24378832313848, -21.045643395926007], [55.24274831158934, -21.045759999638587], [55.24123295440431, -21.04596200103045], [55.24105841925343, -21.046076712376593], [55.23995638155259, -21.04703582457721], [55.23908163027204, -21.047675746542776], [55.2383233166737, -21.048177312511203], [55.23795476690749, -21.048180716206492], [55.237597426986696, -21.048130944207706], [55.23387668848815, -21.047971721466162], [55.23115004466731, -21.047391023207233], [55.231040916288954, -21.047343821798925], [55.230193407849576, -21.047005313211514]]]}";9741512;97415;974;4;974151201;Boucan Canot-Grand Fond;Saint-Paul;LA REUNION;Boucan Canot-Grand Fond;LA REUNION;;4;;;;;;Iris d'habitat;19950;202.891703281;101.445851641;;219.442035102;;109.721017551;202.891703281;101;101.445851641;109.736639080;;109.736639080;104.357033282;;104.357033282;109.736639080;109;109.736639080;501.421040270;107.725383033;833.826874139;302.536263228;68.483653764;68.435098810;68.483653764;134.408049517;151.006936292;134.408049517;45.882848030;46.244134331;45.882848030;80.200953905;83.121266374;80.200953905;119.936063849;125.847193203;119.936063849;109.736639080;104.357033282;109.736639080;80.200953905;;80.200953905;83.121266374;;83.121266374;80.200953905;80;80.200953905;165.818911879;;82.909455939;172.091327533;;86.045663767;165.818911879;82;82.909455939;25698;;;312.628342361;;104.209447454;323.799068384;;107.933022795;312.628342361;104;104.209447454;246.019865784;;82.006621928;255.212593907;;85.070864636;246.019865784;82;82.006621928;Polygon;15646.25;1;1365.759669830;290.762292117;74.897393568;290.948267208;227.926200412;0.214840173;0.362828631;0.212894185;0.162623730;0.127397936;15646.25;25698;558.648208145;;579.011662291;;558.648208145;93;0.313710150;0.313932729;0.313710150;0.269945611;0.240272824;0.269945611;0.463995141;0.460370138;0.463995141;0.202770319;0.195646357;0.202770319;0.106221542;0.101232243;0.106221542;14258;14993;14258
Saint-Paul;LA REUNION;CA Territoire de la Côte Ouest (Tco);LA REUNION;4681.908925254;102.731465189;105.969708012;102.731465189;Non;974151202;97415;69;249740101;-21.0583955857, 55.2333417061;"{""type"": ""Polygon"", ""coordinates"": [[[55.24391321829356, -21.045659138773107], [55.24398095965882, -21.04578990592273], [55.24377810765553, -21.04577606703894], [55.24314806662186, -21.0469916405073], [55.24282833653697, -21.047631442468358], [55.242648053361066, -21.04819478153766], [55.24242701147128, -21.04897199280923], [55.24131983837128, -21.051588741517396], [55.24258268906568, -21.05302486943059], [55.24275050492974, -21.052991379266444], [55.242975030567806, -21.052962991780547], [55.24315129302854, -21.05294765342488], [55.2432510103727, -21.052977588554572], [55.243373489162785, -21.053035759534346], [55.24348683886097, -21.053092932781034], [55.24360970350639, -21.053159236770174], [55.243697653544544, -21.053208018052445], [55.243747024887995, -21.053264529572807], [55.24383130461531, -21.053380112762888], [55.243912740596556, -21.05349205354682], [55.2439719427381, -21.05361279684992], [55.24400209161079, -21.053749498126482], [55.24408849729341, -21.05425801355555], [55.24409226936159, -21.05434657028785], [55.244085829272095, -21.054403407965353], [55.24406382616139, -21.054474536617462], [55.24404220449117, -21.05451315249093], [55.24250512328996, -21.056106830432984], [55.24081531187162, -21.057838912451043], [55.24071910297838, -21.058001402340935], [55.24045774346519, -21.058461153666013], [55.24003221493154, -21.05937985561266], [55.239913508593986, -21.060227671008334], [55.23879338531113, -21.061623304198513], [55.23667047773474, -21.062781352460117], [55.23523850328477, -21.063485903843084], [55.23453434573051, -21.06391575032998], [55.234436297496146, -21.06407008763999], [55.23414587219948, -21.064543976678877], [55.23403579200679, -21.066287886517777], [55.23408941975002, -21.066391413433657], [55.23477676398325, -21.067183475396615], [55.23484997701017, -21.067258302164397], [55.23500716834587, -21.067392712505054], [55.23510170921909, -21.06745421235832], [55.23559840519481, -21.067767379690533], [55.236608949333224, -21.068571826422684], [55.237480495283016, -21.069576698273625], [55.23805634811103, -21.070359913363326], [55.23809224101171, -21.07041718996479], [55.237976441906724, -21.070526182999824], [55.23769686550374, -21.070814123252838], [55.237147736010776, -21.0713557832134], [55.23637643357949, -21.07196829495454], [55.23601001545041, -21.07219390948539], [55.23578901367801, -21.072328904531275], [55.233208769510505, -21.07316555862744], [55.232429311210744, -21.07340763904595], [55.231333234689195, -21.07291840842661], [55.23064197059431, -21.071643963804345], [55.229682877116026, -21.069827492156865], [55.2292508159863, -21.06917626890789], [55.22878998856237, -21.06867919781921], [55.22825165542731, -21.06822647846085], [55.227646283036506, -21.067828154976215], [55.227156062227856, -21.067538517064417], [55.22636743459921, -21.06717621128661], [55.22605106637147, -21.06707625949908], [55.225982531620524, -21.0669319290396], [55.22557590843891, -21.06661245051395], [55.22485013979685, -21.066265246920555], [55.22415170931321, -21.065804067302935], [55.22379993342362, -21.064837088371377], [55.22376102761812, -21.064628937550168], [55.223769198002415, -21.06426501979148], [55.223826162035735, -21.061898691057095], [55.2245006190701, -21.059472883048613], [55.22534610401778, -21.05812054614729], [55.22676136051243, -21.05586188605005], [55.22689862152813, -21.055646542554644], [55.22701596627281, -21.05548789486716], [55.22712246031261, -21.05535171471172], [55.227365112056816, -21.055093212309334], [55.227475015281485, -21.054994100153316], [55.2276256789478, -21.0548656064883], [55.22807848079415, -21.054492778354668], [55.228130946569195, -21.0544499703645], [55.22819151509577, -21.054454215178808], [55.228806586505826, -21.054597922530185], [55.22910087808241, -21.054691314982822], [55.229163916263005, -21.054730811441146], [55.22922289241629, -21.0547883302618], [55.22928360045137, -21.054862125382627], [55.229659930610815, -21.05473101460675], [55.229440692410364, -21.05386478313644], [55.229045625102785, -21.052692779053874], [55.22902483349498, -21.052660948980265], [55.22906541152906, -21.052646920271204], [55.22917365520214, -21.052606499911676], [55.23022062049721, -21.052191083883038], [55.23016484944347, -21.051943918980527], [55.22800722768963, -21.04929526321391], [55.2263916769184, -21.047920387702927], [55.225968138193025, -21.04753028351205], [55.22587214952519, -21.04742992514354], [55.225785984699776, -21.047312507833947], [55.22577561634139, -21.047294334828102], [55.22576619931964, -21.047277074993264], [55.22575732812553, -21.047213755811], [55.22597864246422, -21.04696858022142], [55.226208699045564, -21.046797560955742], [55.22651734227575, -21.046652652337684], [55.226632796945175, -21.046652954274695], [55.22781918729254, -21.046729463693985], [55.229213251343765, -21.046859614143443], [55.22950913164738, -21.04693947305736], [55.230193407849576, -21.047005313211514], [55.231040916288954, -21.047343821798925], [55.23115004466731, -21.047391023207233], [55.23387668848815, -21.047971721466162], [55.237597426986696, -21.048130944207706], [55.23795476690749, -21.048180716206492], [55.2383233166737, -21.048177312511203], [55.23908163027204, -21.047675746542776], [55.23995638155259, -21.04703582457721], [55.24105841925343, -21.046076712376593], [55.24123295440431, -21.04596200103045], [55.24274831158934, -21.045759999638587], [55.24378832313848, -21.045643395926007], [55.24391321829356, -21.045659138773107]]]}";9741512;97415;974;4;974151202;Carosse-Ravine St-Gilles;Saint-Paul;LA REUNION;Carosse-Ravine St-Gilles;LA REUNION;;4;;;;;;Iris d'habitat;19950;220.999111083;110.499555541;;236.081595955;;118.040797978;220.999111083;110;110.499555541;109.736639080;;109.736639080;104.357033282;;104.357033282;109.736639080;109;109.736639080;1258.995347037;388.267483589;1927.191333096;638.296768961;98.305615225;98.235916482;98.305615225;122.693495858;137.845679474;122.693495858;76.958485471;77.564464562;76.958485471;90.501945270;93.797341974;90.501945270;118.192610228;124.017812300;118.192610228;109.736639080;104.357033282;109.736639080;90.501945270;;90.501945270;93.797341974;;93.797341974;90.501945270;90;90.501945270;195.151095699;;97.575547850;201.582276862;;100.791138431;195.151095699;97;97.575547850;17872;;;330.735750163;;110.245250054;340.438629238;;113.479543079;330.735750163;110;110.245250054;285.653040969;;95.217680323;295.379618836;;98.459872945;285.653040969;95;95.217680323;Polygon;15646.25;1;3310.091700218;1181.979569406;114.915861478;859.182176767;587.794999164;0.308394693;0.331205707;0.357083633;0.183511083;0.125546013;15646.25;17872;616.388791131;;635.818248074;;616.388791131;102;0.313710150;0.313932729;0.313710150;0.269945611;0.240272824;0.269945611;0.463995141;0.460370138;0.463995141;0.202770319;0.195646357;0.202770319;0.106221542;0.101232243;0.106221542;14258;14993;14258
Saint-Paul;LA REUNION;CA Territoire de la Côte Ouest (Tco);LA REUNION;2728.737548787;106.162895697;108.361306341;106.162895697;Non;974150101;97415;69;249740101;-21.0040121377, 55.2773150304;"{""type"": ""Polygon"", ""coordinates"": [[[55.2784108180457, -20.997373587590292], [55.2784748820003, -20.997406752875808], [55.27851119004988, -20.99742789505555], [55.279345233548156, -20.997921378754587], [55.280053066319184, -20.99834945189453], [55.281308213713345, -20.999112739870004], [55.28203131184315, -20.999552701916524], [55.28249740545508, -20.99984102980401], [55.28321846331316, -21.000291805725443], [55.283291030599706, -21.00033860401369], [55.28338650470002, -21.00040098875403], [55.28377002595293, -21.000676738190652], [55.28376025336299, -21.000690188569305], [55.283312191091056, -21.001305758730005], [55.28286028827014, -21.00192038544284], [55.2827303362889, -21.002097016660834], [55.282599422215895, -21.002273638049502], [55.2817318486479, -21.0034454425704], [55.28090328636981, -21.00456931133757], [55.27983627417007, -21.006018648305844], [55.27820231796923, -21.00741481995858], [55.27638501660554, -21.0091099016101], [55.27444756265531, -21.010542701144267], [55.27430104896931, -21.01065231572026], [55.27388193877152, -21.010125078186928], [55.27332776039132, -21.00946549680152], [55.2717684157833, -21.007633215696153], [55.270822993801346, -21.006619189382384], [55.27244957992084, -21.00519953259502], [55.27324971866139, -21.004461563142765], [55.27359751330604, -21.00407940088965], [55.27401822317659, -21.00354623003391], [55.27530508795303, -21.001927088959913], [55.27629497238043, -21.00069299141741], [55.27717660337247, -20.999565956583343], [55.27755831966954, -20.99907573697661], [55.27775044012484, -20.99876244346091], [55.27820723261245, -20.99793200116115], [55.278354700676594, -20.997653933849925], [55.2784108180457, -20.997373587590292]]]}";9741501;97415;974;4;974150101;Gare Routiere-St Charles;Saint-Paul;LA REUNION;Gare Routiere-St Charles;LA REUNION;;4;;;;;;Iris d'habitat;19950;210.909394860;105.454697430;;220.161517519;;110.080758760;210.909394860;105;105.454697430;109.736639080;;109.736639080;104.357033282;;104.357033282;109.736639080;109;109.736639080;749.053285066;317.735460941;966.407354527;197.469968394;135.214854007;135.118986590;135.214854007;75.694540852;85.042530929;75.694540852;119.175527492;120.113927948;119.175527492;103.890780441;107.673697310;103.890780441;93.265032312;97.861661987;93.265032312;109.736639080;104.357033282;109.736639080;103.890780441;;103.890780441;107.673697310;;107.673697310;103.890780441;103;103.890780441;212.440559805;;106.220279902;217.975589935;;108.987794967;212.440559805;106;106.220279902;11016;;;320.646033940;;106.882011313;324.518550802;;108.172850267;320.646033940;106;106.882011313;316.331340245;;105.443780082;325.649287245;;108.549762415;316.331340245;105;105.443780082;Polygon;15646.25;1;1877.856130412;1038.395581227;68.561977891;574.834942315;270.329358399;0.424182721;0.204334091;0.552968656;0.210659667;0.099067555;15646.25;11016;636.977374185;;650.167838046;;636.977374185;106;0.313710150;0.313932729;0.313710150;0.269945611;0.240272824;0.269945611;0.463995141;0.460370138;0.463995141;0.202770319;0.195646357;0.202770319;0.106221542;0.101232243;0.106221542;14258;14993;14258
Saint-Paul;LA REUNION;CA Territoire de la Côte Ouest (Tco);LA REUNION;2656.037211244;98.713659674;100.234968289;98.713659674;Non;974150301;97415;69;249740101;-20.998686238, 55.2936203025;"{""type"": ""Polygon"", ""coordinates"": [[[55.31539182409991, -20.980970704658386], [55.31535385276636, -20.98118350188713], [55.31531956635909, -20.981324976861888], [55.31520557348037, -20.981455727403734], [55.314085842229545, -20.982291961766816], [55.31262038479021, -20.983336043181197], [55.31255808710181, -20.983402268182374], [55.31252467209334, -20.983380258549623], [55.3113765272116, -20.98435862178352], [55.31042118337373, -20.985439640588528], [55.3105633624904, -20.98768972310563], [55.310582239003175, -20.989761589306173], [55.310029892696285, -20.99021226033577], [55.3091783155591, -20.991098948009295], [55.308395373625416, -20.992722478545375], [55.30794037877783, -20.99579901330016], [55.3079285324072, -20.99582599366432], [55.30791004540834, -20.99584477858576], [55.30581301053872, -20.997395610493296], [55.30347314277104, -20.998726305829802], [55.30153594832672, -21.000651154201623], [55.300588188509415, -21.00223562534508], [55.30013068809188, -21.00398700753616], [55.30025102541443, -21.00406318068181], [55.30031963036224, -21.00412077172577], [55.300380295468216, -21.004199961855285], [55.30042624723133, -21.00430429649911], [55.30042883597991, -21.004330517097607], [55.300433921415184, -21.004391086778277], [55.30040702216672, -21.004557922526658], [55.300347892343524, -21.00476779316885], [55.300264737832805, -21.005060524365717], [55.30013313456087, -21.00538438586965], [55.300029904065035, -21.005581170060836], [55.30000237997752, -21.00563328456491], [55.29985553002152, -21.005859440649814], [55.299767677727836, -21.005972374480006], [55.29968792916746, -21.006049258565774], [55.29960265530741, -21.006104408998077], [55.29957359629048, -21.00612218394794], [55.299261529044905, -21.006242812705466], [55.298823146571245, -21.0063901793348], [55.29578054968537, -21.007410231378454], [55.29372497019379, -21.00748989321405], [55.29264119123293, -21.007208945867674], [55.290587024905236, -21.00733374715706], [55.28938549775638, -21.007636459209394], [55.28719031432216, -21.008443118889243], [55.28542719950396, -21.009444239900095], [55.286203268990434, -21.010641654266156], [55.28724968820356, -21.012426197940933], [55.287321845195216, -21.012678031126477], [55.28733409138275, -21.012700735955416], [55.286531060014624, -21.01369346310933], [55.28580903916095, -21.01458312711284], [55.28340211340676, -21.017027464574465], [55.27891078785648, -21.01692878543075], [55.2766516075385, -21.016884232416373], [55.27369333061258, -21.016650097737813], [55.27370713409464, -21.016370228334914], [55.273546038960866, -21.01342588580895], [55.27400029632329, -21.01104127840891], [55.27409739239539, -21.010795674248453], [55.27430104896931, -21.01065231572026], [55.27444756265531, -21.010542701144267], [55.27638501660554, -21.0091099016101], [55.27820231796923, -21.00741481995858], [55.27983627417007, -21.006018648305844], [55.28090328636981, -21.00456931133757], [55.2817318486479, -21.0034454425704], [55.282599422215895, -21.002273638049502], [55.2827303362889, -21.002097016660834], [55.28286028827014, -21.00192038544284], [55.283312191091056, -21.001305758730005], [55.28376025336299, -21.000690188569305], [55.28377002595293, -21.000676738190652], [55.28388347047884, -21.000513488487222], [55.28400381232456, -21.000335856044757], [55.28412125825708, -21.000159097563724], [55.2842358289372, -20.99998140673566], [55.28434752437231, -20.999802783566864], [55.28445635489274, -20.99962232490568], [55.28456520578406, -20.999440059837422], [55.28467021968467, -20.99925685274975], [55.28477330980079, -20.999073626192242], [55.28487544821577, -20.99888948670192], [55.284975652536836, -20.99870623090641], [55.28507394340994, -20.99852205249331], [55.2855624571358, -20.99760564600295], [55.28575609877863, -20.99724177491517], [55.28604607335764, -20.996696414459112], [55.286431406606695, -20.99597045744261], [55.28734410662419, -20.994250344799127], [55.28764412540338, -20.99358223796338], [55.28794729855436, -20.99276376869794], [55.287964409833606, -20.99269709924958], [55.28797673310049, -20.992628575123064], [55.28798622268975, -20.992555506180683], [55.287986984727524, -20.99248867232162], [55.28798585422191, -20.99241910963971], [55.287974845083234, -20.992288025680402], [55.287959927307796, -20.99216232199839], [55.2879428904621, -20.992053759018834], [55.287923713952075, -20.991964143062205], [55.28791258530344, -20.99192790059964], [55.28789568637918, -20.99189160011048], [55.28782313286976, -20.991759445608206], [55.28785353013159, -20.99153980654627], [55.287862597452396, -20.991503767173885], [55.287874529304375, -20.99146956313412], [55.28790421474044, -20.991396697273583], [55.288052466410676, -20.991047721582166], [55.28846738652049, -20.99025521402315], [55.28870029615589, -20.989904378741848], [55.28885404588404, -20.98974785267443], [55.28886833760311, -20.98975973873658], [55.28896320634382, -20.989790499818987], [55.28938441555077, -20.98988054214172], [55.289583986742954, -20.989754283440767], [55.29235483631105, -20.98790465711514], [55.294930923048256, -20.98676932195662], [55.295170507392314, -20.986675974385374], [55.29650960892117, -20.986141995178674], [55.29657821603507, -20.9861137768965], [55.29693574812783, -20.985966507148365], [55.29904966210739, -20.9850410092191], [55.30041971506031, -20.984489241229934], [55.30168739282386, -20.983974378057653], [55.30208463994569, -20.98380129807442], [55.30245125572314, -20.98361526602122], [55.30310715355105, -20.98327765642325], [55.303382737992735, -20.983146717959446], [55.30358571779322, -20.983057509562567], [55.30391027494554, -20.982933380865045], [55.304159465014294, -20.982840115570127], [55.30463721110306, -20.982692219072472], [55.3049545153768, -20.982614082892482], [55.30529487887946, -20.982537982087553], [55.30548959309068, -20.98249927222683], [55.30577584844412, -20.982445213873078], [55.306142043748345, -20.982381110804923], [55.30839978466802, -20.981997980290227], [55.309483787107325, -20.981819055666907], [55.31278306553254, -20.981268255317502], [55.31343205519586, -20.981157708821854], [55.313996215559214, -20.981064385613287], [55.31432765391823, -20.981011663036377], [55.314581885991934, -20.980982564264245], [55.31477051258729, -20.980971784784806], [55.31486095899279, -20.980968163258122], [55.314994700221106, -20.98096316343799], [55.315250541512874, -20.98096208108201], [55.31539182409991, -20.980970704658386]]]}";9741503;97415;974;4;974150301;Grande Fontaine-Le Tour des Roches;Saint-Paul;LA REUNION;Grande Fontaine-Le Tour des Roches;LA REUNION;;4;;;;;;Iris d'habitat;19950;165.007875461;82.503937731;;170.822944391;;85.411472195;165.007875461;82;82.503937731;109.736639080;;109.736639080;104.357033282;;104.357033282;109.736639080;109;109.736639080;729.443249615;268.302379676;777.046662037;100.181840971;117.247730352;117.164601637;117.247730352;47.760145109;53.658342753;47.760145109;132.218607814;133.259710836;132.218607814;115.144184086;119.336864847;115.144184086;70.174651603;73.633256377;70.174651603;109.736639080;104.357033282;109.736639080;115.144184086;;115.144184086;119.336864847;;119.336864847;115.144184086;115;115.144184086;202.393259417;;101.196629709;206.892967213;;103.446483606;202.393259417;101;101.196629709;9442;;;274.744514541;;91.581504847;275.179977673;;91.726659224;274.744514541;91;91.581504847;317.537443503;;105.845814501;326.229832060;;108.743277353;317.537443503;105;105.845814501;Polygon;15646.25;1;1770.029610058;1085.891775340;40.110816572;620.126864389;197.982599394;0.367818031;0.128926416;0.613487915;0.233478229;0.074540597;15646.25;9442;592.281958045;;601.409809733;;592.281958045;98;0.313710150;0.313932729;0.313710150;0.269945611;0.240272824;0.269945611;0.463995141;0.460370138;0.463995141;0.202770319;0.195646357;0.202770319;0.106221542;0.101232243;0.106221542;14258;14993;14258
Saint-Paul;LA REUNION;CA Territoire de la Côte Ouest (Tco);LA REUNION;3281.474479196;87.258274187;89.396695650;87.258274187;Non;974150403;97415;69;249740101;-20.9850360712, 55.333538705;"{""type"": ""Polygon"", ""coordinates"": [[[55.32638193027929, -20.98330110953941], [55.32641476238335, -20.983202974850496], [55.32779107853102, -20.980783060649937], [55.328623674888874, -20.978734465761548], [55.33041002506476, -20.97645042598915], [55.3308513599235, -20.976200025597013], [55.330881541747466, -20.976166899932803], [55.33098350374934, -20.976251903943236], [55.33103397890025, -20.97629665917303], [55.331092958347824, -20.97635504690576], [55.33111862160606, -20.976382396719984], [55.331186035192715, -20.97646073921463], [55.332245308814926, -20.97772486594667], [55.33261704060821, -20.978503519678796], [55.33322412104241, -20.979307961074287], [55.334651159303434, -20.98099891359876], [55.3363068582205, -20.983016034684674], [55.33742399846183, -20.984708176746416], [55.33865505840692, -20.986276996900436], [55.34121542398897, -20.98853803211316], [55.34197044878838, -20.98923549358727], [55.342938720159616, -20.990046131290505], [55.344004640836935, -20.99089926479576], [55.34409275194262, -20.990933543221402], [55.34351126267406, -20.991418369780067], [55.3431492856727, -20.99170931798537], [55.34195610843607, -20.99171034865053], [55.339938945407766, -20.991509133361507], [55.33993416667853, -20.991506376922775], [55.33986189348155, -20.991431603120756], [55.33957575651938, -20.991126213492745], [55.33920005057744, -20.990701168243433], [55.335742262678366, -20.990331714719307], [55.33254725394325, -20.98964299049493], [55.33097998817961, -20.98877493993031], [55.33081100940141, -20.98866127696765], [55.330668737997584, -20.988567747814674], [55.33059224266537, -20.988527253605362], [55.33046698114981, -20.988460989427985], [55.32998943146953, -20.98807241308686], [55.32739559635614, -20.986024862994288], [55.326218298006495, -20.983830628981345], [55.32633299684315, -20.98346321873504], [55.32638193027929, -20.98330110953941]]]}";9741504;97415;974;4;974150403;Hauts de la Plaine;Saint-Paul;LA REUNION;Hauts de la Plaine;LA REUNION;;4;;;;;;Iris d'habitat;19950;141.407260614;70.703630307;;150.538587591;;75.269293796;141.407260614;70;70.703630307;109.736639080;;109.736639080;104.357033282;;104.357033282;109.736639080;109;109.736639080;928.740476010;195.446994752;1187.099600539;238.177002256;67.082007877;67.034446691;67.082007877;74.325252737;83.504140900;74.325252737;78.808891862;79.429441244;78.808891862;84.150796480;87.214932356;84.150796480;109.446057090;114.840179423;109.446057090;109.736639080;104.357033282;109.736639080;84.150796480;;84.150796480;87.214932356;;87.214932356;84.150796480;84;84.150796480;188.254948951;;94.127474476;194.269620668;;97.134810334;188.254948951;94;94.127474476;22168;;;251.143899694;;83.714633231;254.895620873;;84.965206958;251.143899694;83;83.714633231;272.405745431;;90.801915144;281.484553024;;93.828184341;272.405745431;90;90.801915144;Polygon;15646.25;1;2271.257914792;830.529583884;40.262792215;559.927303949;381.488765454;0.210443068;0.200637758;0.365669429;0.170632838;0.116255289;15646.25;22168;523.549645125;;536.380173897;;523.549645125;87;0.313710150;0.313932729;0.313710150;0.269945611;0.240272824;0.269945611;0.463995141;0.460370138;0.463995141;0.202770319;0.195646357;0.202770319;0.106221542;0.101232243;0.106221542;14258;14993;14258
Saint-Paul;LA REUNION;CA Territoire de la Côte Ouest (Tco);LA REUNION;3076.944742529;86.287155991;87.998763996;86.287155991;Non;974150402;97415;69;249740101;-20.9849253538, 55.321914776;"{""type"": ""Polygon"", ""coordinates"": [[[55.31539182409991, -20.980970704658386], [55.315536933089525, -20.980981172508418], [55.31768251042725, -20.979789278689232], [55.31766854073172, -20.979748493325136], [55.317659480420566, -20.979698723693335], [55.3176513817641, -20.97964896355891], [55.31764825316165, -20.979584800104018], [55.31765089445428, -20.979520693634875], [55.317655378139854, -20.979463831564885], [55.31766941762967, -20.979412483523074], [55.3176992783019, -20.979322450886244], [55.31772608208932, -20.979247743735147], [55.31789390083747, -20.978947706974765], [55.31805362134446, -20.978683721067185], [55.318109425765726, -20.97859575104038], [55.31811725033347, -20.978584085711265], [55.31817376359812, -20.97851870454965], [55.318328940506476, -20.97840281068744], [55.32163117428694, -20.9798173920109], [55.324549275509725, -20.98178997317269], [55.324605988477224, -20.981879052242924], [55.324869374384285, -20.982236630961346], [55.32508065495022, -20.98252324127448], [55.3251301987099, -20.982565279253205], [55.326298757396884, -20.983256031588144], [55.32638193027929, -20.98330110953941], [55.32633299684315, -20.98346321873504], [55.326218298006495, -20.983830628981345], [55.32739559635614, -20.986024862994288], [55.32998943146953, -20.98807241308686], [55.33046698114981, -20.988460989427985], [55.33059224266537, -20.988527253605362], [55.33011960505069, -20.98873488981775], [55.32978397922642, -20.988989935820808], [55.32971215933853, -20.98904794445552], [55.329175195725476, -20.98950425171958], [55.32813182924998, -20.99052194086125], [55.32635515042117, -20.99122846307641], [55.32422206424821, -20.990601835013432], [55.32405804301339, -20.990561379734217], [55.323982939792714, -20.990396244140896], [55.32388461429823, -20.990243525796487], [55.32379061369573, -20.990134207253902], [55.323682036210755, -20.990038294304497], [55.323597017881674, -20.989985970516823], [55.32341621092201, -20.989898379025707], [55.32291076725646, -20.98976965256213], [55.319985036605736, -20.98803813657573], [55.319327566433024, -20.987013205881482], [55.31829882908474, -20.986205006258082], [55.31743072569682, -20.985525298223784], [55.316190018679066, -20.984924100587666], [55.3149661350941, -20.984453132349294], [55.3125705076688, -20.983409617429327], [55.31255808710181, -20.983402268182374], [55.31262038479021, -20.983336043181197], [55.314085842229545, -20.982291961766816], [55.31520557348037, -20.981455727403734], [55.31531956635909, -20.981324976861888], [55.31535385276636, -20.98118350188713], [55.31539182409991, -20.980970704658386]]]}";9741504;97415;974;4;974150402;La Plaine-Bas de Mon Repos;Saint-Paul;LA REUNION;La Plaine-Bas de Mon Repos;LA REUNION;;4;;;;;;Iris d'habitat;19950;155.595855145;77.797927573;;163.653087669;;81.826543834;155.595855145;77;77.797927573;109.736639080;;109.736639080;104.357033282;;104.357033282;109.736639080;109;109.736639080;889.248921362;250.616030414;1071.731387194;190.245397094;89.837349275;89.773654538;89.837349275;65.758505870;73.879433131;65.758505870;88.800277365;89.499499953;88.800277365;90.874803124;94.183776493;90.874803124;72.715361229;76.299186581;72.715361229;109.736639080;104.357033282;109.736639080;90.874803124;;90.874803124;94.183776493;;94.183776493;90.874803124;90;90.874803124;161.515638595;;80.757819297;165.798686534;;82.899343267;161.515638595;80;80.757819297;19172;;;265.332494225;;88.444164742;268.010120951;;89.336706984;265.332494225;88;88.444164742;252.390441719;;84.130147240;259.982463027;;86.660821009;252.390441719;84;84.130147240;Polygon;15646.25;1;2077.232551343;855.879992333;32.648002248;566.979770502;237.661297890;0.281828883;0.177512201;0.412028972;0.184267128;0.077239378;15646.25;19172;517.722935944;;527.992583978;;517.722935944;86;0.313710150;0.313932729;0.313710150;0.269945611;0.240272824;0.269945611;0.463995141;0.460370138;0.463995141;0.202770319;0.195646357;0.202770319;0.106221542;0.101232243;0.106221542;14258;14993;14258
Saint-Paul;LA REUNION;CA Territoire de la Côte Ouest (Tco);LA REUNION;3611.184595735;94.467241800;96.763683587;94.467241800;Non;974151002;97415;69;249740101;-21.0307126957, 55.2695271636;"{""type"": ""Polygon"", ""coordinates"": [[[55.264463394472784, -21.039809490750834], [55.26360073319735, -21.03845031876386], [55.26310661923608, -21.036091398356096], [55.26257629289871, -21.033994049434845], [55.26193631492259, -21.032890960468855], [55.2614883986701, -21.03235797846234], [55.26136268806879, -21.032247399432183], [55.26124453707377, -21.032148639899226], [55.261150998855385, -21.032084455578083], [55.261075496834835, -21.03204123047258], [55.260981560454, -21.03201136550831], [55.26021947726341, -21.031193352223386], [55.25952282390394, -21.030126708807966], [55.25937360620027, -21.029886723056663], [55.25945753645892, -21.029866807620877], [55.262106941182175, -21.028050376594475], [55.26423053929766, -21.02660699572852], [55.265784410096465, -21.026175741742176], [55.266938305317545, -21.0259318863546], [55.26945662532242, -21.02558178229784], [55.272241377599094, -21.02523525090442], [55.27326065518381, -21.024762753270316], [55.273845317751785, -21.02400369343249], [55.27378072521707, -21.02292951821281], [55.27445456220391, -21.022641895624336], [55.27524535841498, -21.02230577737689], [55.275251025921335, -21.022314867422708], [55.276224928955685, -21.024041833202848], [55.27620988844324, -21.024513180668315], [55.27620945307888, -21.024969320805468], [55.27621532046788, -21.025128353432557], [55.276242526694254, -21.0252722470232], [55.27651611399126, -21.026662422347176], [55.27745879677655, -21.029435037394748], [55.27814816681331, -21.031398023075923], [55.27867328199084, -21.03191593924461], [55.278758821411266, -21.0320071310607], [55.279166484669375, -21.032448434657997], [55.27921682595476, -21.032504946190546], [55.2792765899109, -21.032578714972686], [55.279402633998565, -21.032745286833634], [55.27945553988718, -21.032829825227555], [55.280202013617625, -21.034096067913786], [55.2803591449805, -21.034404313438248], [55.280388240799155, -21.034467835792157], [55.28042235182267, -21.03459734664592], [55.280437183879414, -21.03506538385257], [55.28037046875757, -21.03534562182646], [55.28026490488966, -21.0354899781456], [55.280264060749346, -21.035731139202976], [55.28026844563318, -21.03576821710261], [55.28028742626399, -21.035790990570664], [55.280318912785475, -21.035813890568598], [55.28037334197116, -21.0358496682805], [55.28039823971315, -21.03585985600615], [55.280393367554595, -21.03586522625474], [55.28035639719377, -21.03590098248711], [55.28030991056973, -21.035927609857474], [55.280260745307565, -21.035936144973498], [55.28021644184039, -21.035940212984165], [55.280178076214234, -21.03592988895617], [55.280120574444425, -21.03591033871495], [55.28006900017234, -21.03587729958452], [55.280027128788056, -21.035837132573377], [55.27998007653064, -21.035745427486187], [55.280003069942104, -21.03541868119752], [55.280005911017156, -21.035171217567463], [55.27997254683112, -21.034976679713836], [55.279710494039165, -21.034254131995134], [55.279616525640925, -21.03405898072339], [55.27949216573002, -21.033913200919546], [55.279338625196814, -21.033795126612166], [55.27918668730163, -21.033705069361577], [55.27903241068892, -21.03365111857375], [55.27799557302947, -21.03345816021253], [55.277881253735586, -21.033443453219384], [55.27774835589069, -21.03345475234593], [55.277592927700304, -21.033501050062966], [55.274791498028236, -21.034405703004225], [55.2727571557083, -21.035073322635174], [55.27086271218106, -21.034538302976763], [55.268584231922375, -21.034768019754726], [55.26720345279426, -21.036072697336202], [55.266197043952275, -21.037656673410034], [55.26604129669139, -21.03856104585367], [55.26586502057871, -21.038869965759478], [55.265701709941695, -21.039056175551565], [55.264463394472784, -21.039809490750834]]]}";9741510;97415;974;4;974151002;La Renaissance-Lycee Plateau Caillou;Saint-Paul;LA REUNION;La Renaissance-Lycee Plateau Caillou;LA REUNION;;4;;;;;;Iris d'habitat;19950;189.166924603;94.583462301;;200.080638344;;100.040319172;189.166924603;94;94.583462301;109.736639080;;109.736639080;104.357033282;;104.357033282;109.736639080;109;109.736639080;1033.631911055;324.970009832;1363.616435085;327.420402399;100.218709094;100.147653966;100.218709094;88.948215508;99.932984377;88.948215508;89.819393954;90.526641172;89.819393954;96.286711183;99.792745332;96.286711183;81.793781982;85.825043390;81.793781982;109.736639080;104.357033282;109.736639080;96.286711183;;96.286711183;99.792745332;;99.792745332;96.286711183;96;96.286711183;171.613175936;;85.806587968;176.351684561;;88.175842281;171.613175936;85;85.806587968;14710;;;298.903563683;;99.634521228;304.437671626;;101.479223875;298.903563683;99;99.634521228;267.899887119;;89.299962373;276.144429894;;92.048143298;267.899887119;89;89.299962373;Polygon;15646.25;1;2527.881767216;1053.513997174;76.360149780;705.050826349;313.749166186;0.314396263;0.240111804;0.416757623;0.195240871;0.086882616;15646.25;14710;566.803450802;;580.582101519;;566.803450802;94;0.313710150;0.313932729;0.313710150;0.269945611;0.240272824;0.269945611;0.463995141;0.460370138;0.463995141;0.202770319;0.195646357;0.202770319;0.106221542;0.101232243;0.106221542;14258;14993;14258
Saint-Paul;LA REUNION;CA Territoire de la Côte Ouest (Tco);LA REUNION;2188.751947873;108.358581112;111.082612571;108.358581112;Non;974151402;97415;69;249740101;-21.0891422847, 55.2633552747;"{""type"": ""Polygon"", ""coordinates"": [[[55.27134293707431, -21.083001728536757], [55.27138526738537, -21.083003063087713], [55.27190498743092, -21.08358372747091], [55.27185515845591, -21.08364825385581], [55.27182370703724, -21.083704838183962], [55.271813269416675, -21.083775185304265], [55.27179370386469, -21.084052283517508], [55.271792693444866, -21.084306086257644], [55.271792694804724, -21.08438918519899], [55.27182325632479, -21.084908864811972], [55.271843770303704, -21.08504907740777], [55.27186269394298, -21.085160369827637], [55.271905906392284, -21.085335137110288], [55.27229267377078, -21.086677691900626], [55.27245287823773, -21.08722217626072], [55.27339407402129, -21.090475327360892], [55.2743417662639, -21.0925028313505], [55.27439459132315, -21.092512401336652], [55.27442904821902, -21.092529010413752], [55.27444906982832, -21.092545472613104], [55.274467993456376, -21.09257366588079], [55.27441593248402, -21.092581265427988], [55.2719434903731, -21.09323533386196], [55.270644804134236, -21.093844433676587], [55.2703476341037, -21.093990438922233], [55.27024581227724, -21.09405624071609], [55.27008662527474, -21.094172039147896], [55.26993103639809, -21.094309552063816], [55.26979727816788, -21.094473481728873], [55.26961405161183, -21.094753425427847], [55.269491955734836, -21.094990636838833], [55.26947501994624, -21.09504014261797], [55.26798375667882, -21.096317915728804], [55.266582577625805, -21.097129616743423], [55.26432384615403, -21.097606005994837], [55.26430184787199, -21.09759403862555], [55.264286544265026, -21.09758575276439], [55.264192440965026, -21.09756672455106], [55.263932335869946, -21.097586642787824], [55.26378871023153, -21.097605043603657], [55.263435554902564, -21.097680912699087], [55.263248359425816, -21.097721447943243], [55.262917523330955, -21.097864384643184], [55.261531010374505, -21.099149039816183], [55.26081206237013, -21.099971747775115], [55.26029637142605, -21.10094466987278], [55.260289276825766, -21.100975307352144], [55.26030808760243, -21.101095631762302], [55.25616347143919, -21.092113661335798], [55.25581998341037, -21.09095036538495], [55.254183966108855, -21.088220192805736], [55.25388233584229, -21.088088827624542], [55.25356714768529, -21.087882353229585], [55.253477429365724, -21.087818202515248], [55.253411695003024, -21.087760621411608], [55.253329156453965, -21.08765860837724], [55.25324007190452, -21.08754026953878], [55.25239135342173, -21.086376281045407], [55.252132415733854, -21.085968960796652], [55.251968449231086, -21.0854235195907], [55.251952195019136, -21.085332124656293], [55.251973692174786, -21.085222150639655], [55.25236747698324, -21.084056509104798], [55.25271809265957, -21.08370153332765], [55.252782353187406, -21.08363806493093], [55.25299890645972, -21.083472291911935], [55.2531977159006, -21.083342465598275], [55.25327826098051, -21.083285487357156], [55.25338606656918, -21.083201692442458], [55.25345226171978, -21.083137340432895], [55.25351121241677, -21.083034074376336], [55.253525180418656, -21.082991765753356], [55.25352863720849, -21.082943026225298], [55.25352216511054, -21.082920378529817], [55.25360798747763, -21.08290590684826], [55.255250385397815, -21.08360068934367], [55.25652102612532, -21.083494975583974], [55.25915464711932, -21.081965729162395], [55.26098832874663, -21.081306587681873], [55.26381312057903, -21.079935093098772], [55.26666924987185, -21.080949737106092], [55.268253475554786, -21.08224004938224], [55.270584443744426, -21.083012063468335], [55.27130830508411, -21.083000472415836], [55.27134293707431, -21.083001728536757]]]}";9741514;97415;974;4;974151402;La Saline-La Montee Panon (sud );Saint-Paul;LA REUNION;La Saline-La Montee Panon (sud );LA REUNION;;4;;;;;;Iris d'habitat;19950;180.220862127;90.110431063;;190.453697815;;95.226848908;180.220862127;90;90.110431063;109.736639080;;109.736639080;104.357033282;;104.357033282;109.736639080;109;109.736639080;610.775127276;185.485669343;788.348324139;177.517011141;96.805592680;96.736957454;96.805592680;83.415269446;93.716740361;83.415269446;119.306095880;120.245524445;119.306095880;102.599805846;106.335715180;102.599805846;138.288083741;145.103704704;138.288083741;109.736639080;104.357033282;109.736639080;102.599805846;;102.599805846;106.335715180;;106.335715180;102.599805846;102;102.599805846;257.594179621;;128.797089810;265.349229149;;132.674614574;257.594179621;128;128.797089810;10960;;;289.957501206;;96.652500402;294.810731097;;98.270243699;289.957501206;96;96.652500402;360.193985467;;120.064661822;371.684944329;;123.894981443;360.193985467;120;120.064661822;Polygon;15646.25;1;1648.732879084;912.696458252;44.861272423;455.352230565;321.509570912;0.303688970;0.225175859;0.553574487;0.208041953;0.146891735;15646.25;10960;650.151486674;;666.495675426;;650.151486674;108;0.313710150;0.313932729;0.313710150;0.269945611;0.240272824;0.269945611;0.463995141;0.460370138;0.463995141;0.202770319;0.195646357;0.202770319;0.106221542;0.101232243;0.106221542;14258;14993;14258
Saint-Paul;LA REUNION;CA Territoire de la Côte Ouest (Tco);LA REUNION;4441.338326350;92.029070590;95.018589421;92.029070590;Non;974151302;97415;69;249740101;-21.0980531632, 55.2505384389;"{""type"": ""Polygon"", ""coordinates"": [[[55.25352216511054, -21.082920378529817], [55.25352863720849, -21.082943026225298], [55.253525180418656, -21.082991765753356], [55.25351121241677, -21.083034074376336], [55.25345226171978, -21.083137340432895], [55.25338606656918, -21.083201692442458], [55.25327826098051, -21.083285487357156], [55.2531977159006, -21.083342465598275], [55.25299890645972, -21.083472291911935], [55.252782353187406, -21.08363806493093], [55.25271809265957, -21.08370153332765], [55.25236747698324, -21.084056509104798], [55.251973692174786, -21.085222150639655], [55.251952195019136, -21.085332124656293], [55.251968449231086, -21.0854235195907], [55.252132415733854, -21.085968960796652], [55.25239135342173, -21.086376281045407], [55.25324007190452, -21.08754026953878], [55.253329156453965, -21.08765860837724], [55.253411695003024, -21.087760621411608], [55.253477429365724, -21.087818202515248], [55.25356714768529, -21.087882353229585], [55.25388233584229, -21.088088827624542], [55.254183966108855, -21.088220192805736], [55.25581998341037, -21.09095036538495], [55.25616347143919, -21.092113661335798], [55.26030808760243, -21.101095631762302], [55.260368955157766, -21.10115858013475], [55.262242664635835, -21.103252547517986], [55.265606818335705, -21.10663984468984], [55.26743638120222, -21.108485820761356], [55.267348022172435, -21.10855175767282], [55.267195105322635, -21.10862335724839], [55.26709285461538, -21.108642183240732], [55.26694696029803, -21.108606368207106], [55.2667856378386, -21.10849000647074], [55.26496224749226, -21.107852628253756], [55.26294155256232, -21.108538268012715], [55.260975931102514, -21.109369869714246], [55.25926547552488, -21.10957360512245], [55.25739997191105, -21.10948458521825], [55.25430794780282, -21.10964003613333], [55.25420550520129, -21.109675110554022], [55.25414479571134, -21.109598612992247], [55.25246725168214, -21.10884066751337], [55.25063443743945, -21.10778122838388], [55.24843217154916, -21.1062997539298], [55.247578000896574, -21.10522645867701], [55.24695731635109, -21.104188994256393], [55.24674184919824, -21.10380830902948], [55.244346374463994, -21.101617553211426], [55.24299689921162, -21.10080240159021], [55.240401348307394, -21.09897759090548], [55.23919211857295, -21.098108317767988], [55.23870450167096, -21.097750991234797], [55.23837573424064, -21.097472088885763], [55.235857384233334, -21.09543620805544], [55.23391750794239, -21.093891355694506], [55.23215698681242, -21.092443192540113], [55.23193861220821, -21.092272011282848], [55.232379164420045, -21.09188640633047], [55.23247536454637, -21.091808827553248], [55.232651159197914, -21.09167427116552], [55.232796822291824, -21.091564691177535], [55.23299363052708, -21.09176906632389], [55.23616050718688, -21.092873720862016], [55.237263927526186, -21.09234641313604], [55.238655641370016, -21.091325311857553], [55.23967918110965, -21.090428636780967], [55.241033737406724, -21.08965867975795], [55.24126110469163, -21.089557165173737], [55.24161717756205, -21.089477759073517], [55.2417510989812, -21.089465598812534], [55.244213531357296, -21.08935945991784], [55.245243550272846, -21.089484604727993], [55.24589931590523, -21.089700939297444], [55.24677647100987, -21.08950497297588], [55.24712427262125, -21.089187014281936], [55.248619700405555, -21.08752062811249], [55.249553744026926, -21.085507009470938], [55.24954196470327, -21.085362369338924], [55.249534468341125, -21.085180740510985], [55.249527891951864, -21.085002734137834], [55.24955416039369, -21.084814227773787], [55.24959040033289, -21.084678212277034], [55.24964006992327, -21.08454594829534], [55.24972009926236, -21.08436883545524], [55.25014053511328, -21.08380503372948], [55.25024402830082, -21.083678744111204], [55.250314222109196, -21.083601789282437], [55.25045325600724, -21.083481285504753], [55.25063718917819, -21.08338924507031], [55.250722282279206, -21.083354896044796], [55.25351638087418, -21.082921222228723], [55.25352216511054, -21.082920378529817]]]}";9741513;97415;974;4;974151302;La Saline-Trou d'Eau;Saint-Paul;LA REUNION;La Saline-Trou d'Eau;LA REUNION;;4;;;;;;Iris d'habitat;19950;193.245190540;96.622595270;;207.507540854;;103.753770427;193.245190540;96;96.622595270;109.736639080;;109.736639080;104.357033282;;104.357033282;109.736639080;109;109.736639080;1250.398476168;303.270771636;1882.276350270;589.064723782;77.313182362;77.258367267;77.313182362;115.932008178;130.249173588;115.932008178;52.402381162;52.815002943;52.402381162;82.123206908;85.113513300;82.123206908;114.667005848;120.318446144;114.667005848;109.736639080;104.357033282;109.736639080;82.123206908;;82.123206908;85.113513300;;85.113513300;82.123206908;82;82.123206908;167.069387010;;83.534693505;173.133449086;;86.566724543;167.069387010;83;83.534693505;26972;;;302.981829620;;100.993943207;311.864574137;;103.954858046;302.981829620;100;100.993943207;249.192593919;;83.064197973;258.246962387;;86.082320796;249.192593919;83;83.064197973;Polygon;15646.25;1;3230.141014421;785.391028810;124.887201060;739.578268545;540.959723710;0.242539300;0.312953368;0.243144502;0.166521488;0.121801062;15646.25;26972;552.174423539;;570.111536523;;552.174423539;92;0.313710150;0.313932729;0.313710150;0.269945611;0.240272824;0.269945611;0.463995141;0.460370138;0.463995141;0.202770319;0.195646357;0.202770319;0.106221542;0.101232243;0.106221542;14258;14993;14258
Saint-Paul;LA REUNION;CA Territoire de la Côte Ouest (Tco);LA REUNION;3064.243440095;80.844884941;83.137441704;80.844884941;Non;974151301;97415;69;249740101;-21.0810661582, 55.2364559029;"{""type"": ""Polygon"", ""coordinates"": [[[55.22052646245094, -21.07549798064147], [55.221006333579204, -21.075445204948227], [55.22147459579346, -21.07681308997239], [55.22301443488924, -21.076360443978082], [55.2251672604989, -21.075706451828662], [55.22683273627118, -21.075166566700275], [55.22702595073605, -21.07510355253423], [55.227274236247176, -21.07502214549149], [55.22732860221519, -21.074982067842598], [55.227277747134345, -21.074807212445254], [55.22697337050914, -21.073856991834106], [55.22696842431291, -21.071271432172217], [55.22692203164804, -21.070395713428645], [55.22685854918807, -21.06982510935464], [55.22680648151983, -21.069428045514005], [55.226695937049776, -21.068931014979892], [55.22652577227692, -21.06834936070995], [55.22607061840796, -21.067131561113165], [55.22605106637147, -21.06707625949908], [55.22636743459921, -21.06717621128661], [55.227156062227856, -21.067538517064417], [55.227646283036506, -21.067828154976215], [55.22825165542731, -21.06822647846085], [55.22878998856237, -21.06867919781921], [55.2292508159863, -21.06917626890789], [55.229682877116026, -21.069827492156865], [55.23064197059431, -21.071643963804345], [55.231333234689195, -21.07291840842661], [55.232429311210744, -21.07340763904595], [55.233208769510505, -21.07316555862744], [55.23578901367801, -21.072328904531275], [55.23601001545041, -21.07219390948539], [55.23637643357949, -21.07196829495454], [55.237147736010776, -21.0713557832134], [55.23769686550374, -21.070814123252838], [55.237976441906724, -21.070526182999824], [55.23809224101171, -21.07041718996479], [55.23824602460186, -21.070678015649587], [55.23914958412025, -21.071989861925246], [55.24022598452908, -21.073171623489625], [55.24033185457337, -21.073252206223483], [55.240641096362765, -21.073223798820383], [55.24187492961661, -21.072967419175193], [55.24240849168615, -21.072848749971552], [55.243234051529896, -21.072612970755376], [55.24522247106701, -21.071935335505213], [55.24534915584279, -21.071882450761134], [55.24545010474316, -21.07180852533488], [55.245518264425705, -21.071740583593094], [55.245730539326935, -21.07226665755595], [55.24619208113733, -21.07328305748145], [55.24645108690787, -21.073763548327097], [55.24684651782847, -21.074263513014476], [55.24718271695013, -21.074726735502924], [55.247490695895905, -21.07521676325024], [55.24766468539643, -21.075561791645075], [55.247760609915645, -21.075752462820383], [55.24798251891026, -21.076360828998556], [55.24810766673874, -21.076932066387567], [55.24809711891025, -21.077421514353166], [55.24801127429874, -21.077766569517408], [55.24797348060988, -21.077912052782562], [55.247794462742924, -21.07852937620921], [55.24767295913854, -21.07896077399869], [55.247580512969684, -21.079376213402547], [55.24756409509569, -21.07979153470728], [55.24758476310196, -21.0800807852819], [55.24765622847703, -21.08046991698564], [55.24791052313464, -21.08094313167038], [55.2481145422669, -21.081107821737614], [55.24957236270383, -21.08115830405991], [55.250936972840435, -21.081498237613502], [55.25348802965057, -21.08287667147521], [55.25350231608472, -21.082889463943616], [55.25352033554141, -21.08291223051046], [55.25352216511054, -21.082920378529817], [55.25351638087418, -21.082921222228723], [55.250722282279206, -21.083354896044796], [55.25063718917819, -21.08338924507031], [55.25045325600724, -21.083481285504753], [55.250314222109196, -21.083601789282437], [55.25024402830082, -21.083678744111204], [55.25014053511328, -21.08380503372948], [55.24972009926236, -21.08436883545524], [55.24964006992327, -21.08454594829534], [55.24959040033289, -21.084678212277034], [55.24955416039369, -21.084814227773787], [55.249527891951864, -21.085002734137834], [55.249534468341125, -21.085180740510985], [55.24954196470327, -21.085362369338924], [55.249553744026926, -21.085507009470938], [55.248619700405555, -21.08752062811249], [55.24712427262125, -21.089187014281936], [55.24677647100987, -21.08950497297588], [55.24589931590523, -21.089700939297444], [55.245243550272846, -21.089484604727993], [55.244213531357296, -21.08935945991784], [55.2417510989812, -21.089465598812534], [55.24161717756205, -21.089477759073517], [55.24126110469163, -21.089557165173737], [55.241033737406724, -21.08965867975795], [55.23967918110965, -21.090428636780967], [55.238655641370016, -21.091325311857553], [55.237263927526186, -21.09234641313604], [55.23616050718688, -21.092873720862016], [55.23299363052708, -21.09176906632389], [55.232796822291824, -21.091564691177535], [55.232651159197914, -21.09167427116552], [55.23247536454637, -21.091808827553248], [55.232379164420045, -21.09188640633047], [55.23193861220821, -21.092272011282848], [55.23188426189135, -21.09222899265709], [55.231399751068146, -21.091775033408837], [55.23104671753563, -21.091434445304056], [55.23044357605443, -21.090636469031956], [55.22984730627418, -21.08974643281904], [55.228310984777735, -21.087660181572367], [55.22714961194364, -21.085529062842053], [55.22610480482422, -21.083958257652505], [55.225182148145464, -21.083043568590327], [55.22485198574853, -21.082724886191166], [55.22401586399584, -21.081950611905285], [55.22317146977971, -21.08096044373185], [55.22180716779179, -21.079314011222017], [55.22150283899971, -21.07884746383984], [55.22123249115496, -21.078355981736383], [55.221061007570746, -21.077886310089045], [55.22095203803446, -21.07758168186536], [55.220801725017324, -21.07711223197301], [55.220684123180426, -21.07672441580969], [55.22059468427901, -21.076315217339243], [55.22055071200271, -21.075967012108045], [55.22053511733968, -21.075741040692417], [55.22052646245094, -21.07549798064147]]]}";9741513;97415;974;4;974151301;La Saline-l'Ermitage;Saint-Paul;LA REUNION;La Saline-l'Ermitage;LA REUNION;;4;;;;;;Iris d'habitat;19950;142.981172791;71.490586396;;153.483074999;;76.741537500;142.981172791;71;71.490586396;109.736639080;;109.736639080;104.357033282;;104.357033282;109.736639080;109;109.736639080;872.967176875;157.775926501;1183.184528300;272.664719788;57.612172704;57.571325637;57.612172704;85.369000087;95.911749362;85.369000087;45.248518325;45.604809848;45.248518325;73.388200318;76.060443802;73.388200318;113.714779129;119.319288292;113.714779129;109.736639080;104.357033282;109.736639080;73.388200318;;73.388200318;76.060443802;;76.060443802;73.388200318;73;73.388200318;158.963297454;;79.481648727;164.924098140;;82.462049070;158.963297454;79;79.481648727;28054;;;252.717811871;;84.239270624;257.840108281;;85.946702760;252.717811871;84;84.239270624;232.351497773;;77.450499258;240.984541942;;80.328180647;232.351497773;77;77.450499258;Polygon;15646.25;1;2186.710554994;459.101906392;72.528273855;455.988496467;370.128714423;0.180735233;0.230449869;0.209950926;0.148809488;0.120789592;15646.25;28054;485.069309644;;498.824650223;;485.069309644;80;0.313710150;0.313932729;0.313710150;0.269945611;0.240272824;0.269945611;0.463995141;0.460370138;0.463995141;0.202770319;0.195646357;0.202770319;0.106221542;0.101232243;0.106221542;14258;14993;14258
Saint-Paul;LA REUNION;CA Territoire de la Côte Ouest (Tco);LA REUNION;1784.192758645;113.911705413;116.954452045;113.911705413;Non;974151401;97415;69;249740101;-21.07556828, 55.2573195677;"{""type"": ""Polygon"", ""coordinates"": [[[55.268866474036464, -21.06997149943416], [55.26883013014688, -21.07003525949218], [55.26879812644758, -21.07005661107814], [55.268736336193115, -21.070074045857613], [55.26863821215562, -21.070071238525887], [55.268540370461764, -21.070044046282817], [55.2683747978996, -21.06996558107753], [55.267358731848056, -21.07153138208853], [55.26757030242066, -21.073620046525534], [55.26794831645802, -21.074965229232554], [55.268197389740436, -21.07780487525766], [55.268808536425254, -21.07863216438048], [55.27012407400889, -21.08166965854408], [55.271071967360086, -21.08288154500557], [55.271199586132916, -21.082914459193695], [55.27129731130889, -21.08295248819082], [55.27132216368536, -21.082967193404986], [55.271338261435645, -21.08298993865686], [55.27134293707431, -21.083001728536757], [55.27130830508411, -21.083000472415836], [55.270584443744426, -21.083012063468335], [55.268253475554786, -21.08224004938224], [55.26666924987185, -21.080949737106092], [55.26381312057903, -21.079935093098772], [55.26098832874663, -21.081306587681873], [55.25915464711932, -21.081965729162395], [55.25652102612532, -21.083494975583974], [55.255250385397815, -21.08360068934367], [55.25360798747763, -21.08290590684826], [55.25352216511054, -21.082920378529817], [55.25352033554141, -21.08291223051046], [55.25350231608472, -21.082889463943616], [55.25348802965057, -21.08287667147521], [55.250936972840435, -21.081498237613502], [55.24957236270383, -21.08115830405991], [55.2481145422669, -21.081107821737614], [55.24791052313464, -21.08094313167038], [55.24765622847703, -21.08046991698564], [55.24758476310196, -21.0800807852819], [55.24756409509569, -21.07979153470728], [55.247580512969684, -21.079376213402547], [55.24767295913854, -21.07896077399869], [55.247794462742924, -21.07852937620921], [55.24797348060988, -21.077912052782562], [55.24801127429874, -21.077766569517408], [55.24809711891025, -21.077421514353166], [55.24810766673874, -21.076932066387567], [55.24798251891026, -21.076360828998556], [55.247760609915645, -21.075752462820383], [55.24766468539643, -21.075561791645075], [55.247490695895905, -21.07521676325024], [55.24718271695013, -21.074726735502924], [55.24684651782847, -21.074263513014476], [55.24645108690787, -21.073763548327097], [55.24619208113733, -21.07328305748145], [55.245730539326935, -21.07226665755595], [55.245518264425705, -21.071740583593094], [55.2455416434365, -21.07171643775021], [55.24561488955338, -21.071625064273], [55.245644319270774, -21.071495301747206], [55.245645779479744, -21.071452864508167], [55.245739960963625, -21.070479240706508], [55.246481897562504, -21.069843799108572], [55.246857169439814, -21.069620510142723], [55.248418863679895, -21.06876906816662], [55.2500501992859, -21.068831507252007], [55.25330000494264, -21.06857548878892], [55.25587732093202, -21.068222626318086], [55.25853689667701, -21.068820782650523], [55.26018943248783, -21.069791556327708], [55.26133400502753, -21.070379555440578], [55.263354442077144, -21.070665342185794], [55.26484723320121, -21.070438086767307], [55.265830793875665, -21.069934189944256], [55.26678127518685, -21.069709956383896], [55.268806367438536, -21.069926627194395], [55.268866474036464, -21.06997149943416]]]}";9741514;97415;974;4;974151401;La Saline-l'Ermitage Les Hauts (nord);Saint-Paul;LA REUNION;La Saline-l'Ermitage Les Hauts (nord);LA REUNION;;4;;;;;;Iris d'habitat;19950;213.950683701;106.975341850;;226.625637450;;113.312818725;213.950683701;106;106.975341850;109.736639080;;109.736639080;104.357033282;;104.357033282;109.736639080;109;109.736639080;482.328878647;167.472914354;672.214955335;187.394847063;110.680915333;110.602442494;110.680915333;103.269768368;116.023194956;103.269768368;136.240490113;137.313261854;136.240490113;87.707434277;90.901076016;87.707434277;135.834985310;142.529703671;135.834985310;109.736639080;104.357033282;109.736639080;87.707434277;;87.707434277;90.901076016;;90.901076016;87.707434277;87;87.707434277;272.075475423;;136.037737712;279.842965525;;139.921482762;272.075475423;136;136.037737712;11148;;;323.687322780;;107.895774260;330.982670732;;110.327556911;323.687322780;107;107.895774260;359.782909700;;119.927636567;370.744041541;;123.581347180;359.782909700;119;119.927636567;Polygon;15646.25;1;1324.589028875;837.337965988;7.535472597;317.309126029;257.434064798;0.347217266;0.278772208;0.632149254;0.177844644;0.144286016;15646.25;11148;683.470232481;;701.726712273;;683.470232481;113;0.313710150;0.313932729;0.313710150;0.269945611;0.240272824;0.269945611;0.463995141;0.460370138;0.463995141;0.202770319;0.195646357;0.202770319;0.106221542;0.101232243;0.106221542;14258;14993;14258
Saint-Paul;LA REUNION;CA Territoire de la Côte Ouest (Tco);LA REUNION;1906.423360335;103.024830384;105.389256445;103.024830384;Non;974151501;97415;69;249740101;-21.0992354452, 55.2726784201;"{""type"": ""Polygon"", ""coordinates"": [[[55.28582371197544, -21.099991623881404], [55.28554494386958, -21.100043903634838], [55.28528839394139, -21.100089181602538], [55.28391576403261, -21.100221620805886], [55.28293956485395, -21.100281287644904], [55.28160936042549, -21.10053246347937], [55.2802848389898, -21.10112556659668], [55.278651436392614, -21.102127404798747], [55.27742690017424, -21.10264517455639], [55.27558510163881, -21.10293626460671], [55.27556575933867, -21.102944197097315], [55.275510630121325, -21.102967120782505], [55.274598718094325, -21.103667343678527], [55.27281509247038, -21.104557388636394], [55.2710633975255, -21.10540575319576], [55.27030817316277, -21.105705604074046], [55.26921022309629, -21.106093180144374], [55.26831148863015, -21.106813396434365], [55.26758981386198, -21.107623434849636], [55.26762579511216, -21.108089425640046], [55.26760170888227, -21.10825718310452], [55.26753303734638, -21.108368483621827], [55.267510544510216, -21.108398964052007], [55.26745579799381, -21.108471567315778], [55.26743638120222, -21.108485820761356], [55.265606818335705, -21.10663984468984], [55.262242664635835, -21.103252547517986], [55.260368955157766, -21.10115858013475], [55.26030808760243, -21.101095631762302], [55.260289276825766, -21.100975307352144], [55.26029637142605, -21.10094466987278], [55.26081206237013, -21.099971747775115], [55.261531010374505, -21.099149039816183], [55.262917523330955, -21.097864384643184], [55.263248359425816, -21.097721447943243], [55.263435554902564, -21.097680912699087], [55.26378871023153, -21.097605043603657], [55.263932335869946, -21.097586642787824], [55.264192440965026, -21.09756672455106], [55.264286544265026, -21.09758575276439], [55.26430184787199, -21.09759403862555], [55.26432384615403, -21.097606005994837], [55.266582577625805, -21.097129616743423], [55.26798375667882, -21.096317915728804], [55.26947501994624, -21.09504014261797], [55.269491955734836, -21.094990636838833], [55.26961405161183, -21.094753425427847], [55.26979727816788, -21.094473481728873], [55.26993103639809, -21.094309552063816], [55.27008662527474, -21.094172039147896], [55.27024581227724, -21.09405624071609], [55.2703476341037, -21.093990438922233], [55.270644804134236, -21.093844433676587], [55.2719434903731, -21.09323533386196], [55.27441593248402, -21.092581265427988], [55.274467993456376, -21.09257366588079], [55.27450270076901, -21.092568599506905], [55.27463390420257, -21.092541933612484], [55.274708193161054, -21.092526430877655], [55.276146050047245, -21.09219872030144], [55.277381071631886, -21.091891066711575], [55.27842914329218, -21.09160318427185], [55.27893508432284, -21.09146334735282], [55.27941508273794, -21.0913196326816], [55.27950022702452, -21.09128075336928], [55.279578749257375, -21.091231871074932], [55.27965257411928, -21.091173005329654], [55.27969922986795, -21.09121683462938], [55.279728709001944, -21.091247844179833], [55.27981895676963, -21.09135082693057], [55.27992628774412, -21.091474757676174], [55.28007330966011, -21.091662318471514], [55.280239287821296, -21.091875362416896], [55.280536881473815, -21.092276713714668], [55.280712089475486, -21.092524174398196], [55.280798218966986, -21.09265059948983], [55.28095618851344, -21.092890659198698], [55.28110358298151, -21.093129708349032], [55.28209451139798, -21.094839669091805], [55.28356365878698, -21.097233712011352], [55.28371355255171, -21.09725600405146], [55.28399555023231, -21.097341054060806], [55.28412119767949, -21.097379358915862], [55.28419691510131, -21.097407222677116], [55.2843703604862, -21.09747401183271], [55.284484820096125, -21.097564591872324], [55.284584605359164, -21.09767579819292], [55.28539637462545, -21.098648682533568], [55.28553343159292, -21.098950851575232], [55.28576919230131, -21.09971016108934], [55.28582371197544, -21.099991623881404]]]}";9741515;97415;974;4;974151501;Le Barrage;Saint-Paul;LA REUNION;Le Barrage;LA REUNION;;4;;;;;;Iris d'habitat;19950;185.492530127;92.746265063;;195.401337490;;97.700668745;185.492530127;92;92.746265063;109.736639080;;109.736639080;104.357033282;;104.357033282;109.736639080;109;109.736639080;510.905040780;167.738523827;653.541279152;142.612322699;104.655982368;104.581781210;104.655982368;80.836547759;90.819556279;80.836547759;125.956743520;126.948539974;125.956743520;80.935292576;83.882344108;80.935292576;116.027777003;121.746283817;116.027777003;109.736639080;104.357033282;109.736639080;80.935292576;;80.935292576;83.882344108;;83.882344108;80.935292576;80;80.935292576;241.984520523;;120.992260262;248.694823791;;124.347411895;241.984520523;120;120.992260262;8606;;;295.229169207;;98.409723069;299.758370772;;99.919456924;295.229169207;98;98.409723069;322.919813099;;107.639937700;332.577167898;;110.859055966;322.919813099;107;107.639937700;Polygon;15646.25;1;1331.917397322;778.416705602;10.072962914;312.868381684;234.959994947;0.328316439;0.218214713;0.584433169;0.164112751;0.123246494;15646.25;8606;618.148982305;;632.335538670;;618.148982305;103;0.313710150;0.313932729;0.313710150;0.269945611;0.240272824;0.269945611;0.463995141;0.460370138;0.463995141;0.202770319;0.195646357;0.202770319;0.106221542;0.101232243;0.106221542;14258;14993;14258
Saint-Paul;LA REUNION;CA Territoire de la Côte Ouest (Tco);LA REUNION;2365.843178035;86.308978112;88.349343579;86.308978112;Non;974150901;97415;69;249740101;-21.0481259678, 55.2829662132;"{""type"": ""Polygon"", ""coordinates"": [[[55.2921493844239, -21.047419940511578], [55.29209960789689, -21.04748176505793], [55.29041440160635, -21.04987832417053], [55.288778117035086, -21.051357363420518], [55.28793068667559, -21.052280122330856], [55.287262640394914, -21.053207598845315], [55.28721255901681, -21.0541365459364], [55.28634212726965, -21.05532187208003], [55.28550307041153, -21.055951103366713], [55.28487211817292, -21.05607533289037], [55.284132457904605, -21.056069136857264], [55.284070178787424, -21.05604592622201], [55.28401949694434, -21.056018316460733], [55.283932440876555, -21.05597408053996], [55.2835448737634, -21.05578770626181], [55.283484550186564, -21.055761805418346], [55.28118127034789, -21.055232687871857], [55.2789808096554, -21.054717227434026], [55.277582621757546, -21.05367876360977], [55.274891350920925, -21.052964978063592], [55.2748401827352, -21.05297981367777], [55.2747699391268, -21.05298000347267], [55.274705520163856, -21.05297573613604], [55.274607479815174, -21.05296661098368], [55.27451619499412, -21.052955747895822], [55.27446340453008, -21.05294437257167], [55.27439265699118, -21.05290481395239], [55.27441684683074, -21.052726215571305], [55.274615335625946, -21.05220163525306], [55.27467775887712, -21.05204510323729], [55.27481035372476, -21.051727601534196], [55.274952756195965, -21.051393940721283], [55.27509605762759, -21.051065708389665], [55.275189901345485, -21.050854396689147], [55.27593339650372, -21.04979294330471], [55.276904998268684, -21.048306560362125], [55.27732406714822, -21.047425169111037], [55.27798515301657, -21.046164152730103], [55.278012558001066, -21.04612378401173], [55.27805759157073, -21.04605649630163], [55.27816400313302, -21.04592298973339], [55.27855590984348, -21.04541526685545], [55.27884190550947, -21.04503924860572], [55.27933031241411, -21.044380452406116], [55.27980321105934, -21.043669031512163], [55.280234790066444, -21.042973154063393], [55.28034196728863, -21.042688809796946], [55.28036789282575, -21.042609585616106], [55.28057561746855, -21.041947794237252], [55.28068853183032, -21.04036733454092], [55.28062297993997, -21.04016885812257], [55.280251704312015, -21.039740570728455], [55.280046242268746, -21.03953525869517], [55.2799434336713, -21.039439376234082], [55.27971306385556, -21.039224779175765], [55.27936653279843, -21.038904228064887], [55.27929108385105, -21.038855591579825], [55.27924422548909, -21.038830729215018], [55.27888433621669, -21.03866811179026], [55.27881846612843, -21.038623185141986], [55.2787699952515, -21.03857120864031], [55.278756693189294, -21.03855662181979], [55.27871702572077, -21.038492088880318], [55.278689999297896, -21.038415941637243], [55.27863966925601, -21.038023418724453], [55.27854985118731, -21.037215901263064], [55.27853535499453, -21.037054071581636], [55.27852772450353, -21.036964571933243], [55.27858096118962, -21.036392446698866], [55.27880425771928, -21.035673006306183], [55.27902042748323, -21.035029366829427], [55.279089770610135, -21.035106845726887], [55.27928961697338, -21.03538165248955], [55.279369892261855, -21.035512534100945], [55.28037903278864, -21.036192060230874], [55.28030991056973, -21.035927609857474], [55.28035639719377, -21.03590098248711], [55.280393367554595, -21.03586522625474], [55.28039823971315, -21.03585985600615], [55.280449990290826, -21.03587754145585], [55.28053790266136, -21.035929916489827], [55.2807365770278, -21.03605567247694], [55.28083654985705, -21.03614700941729], [55.28095316506409, -21.036297226341254], [55.2810070453228, -21.03638087094231], [55.28104371334925, -21.036455308879084], [55.28108789084451, -21.036546081384774], [55.28112715477722, -21.03664583676027], [55.28244884504188, -21.039184706161], [55.282872667628745, -21.039813591538476], [55.28337361909129, -21.040680811896458], [55.28410864212819, -21.04211267267611], [55.28435905925992, -21.04267793072819], [55.284379085962726, -21.042777491274762], [55.28444697649354, -21.042982312960483], [55.28448339934372, -21.043078426005557], [55.284523866970545, -21.043157417983792], [55.28456722076049, -21.043236439091803], [55.284652625099824, -21.04334027266083], [55.28479425214736, -21.04349164313775], [55.28534733558766, -21.044009372516463], [55.285820421711485, -21.044371384482265], [55.28640998126159, -21.04481315342732], [55.28649870799061, -21.044879082839124], [55.28658864487747, -21.044923346214215], [55.28664331654427, -21.044938349666893], [55.28670568464785, -21.044953430711207], [55.28680370040008, -21.044964354884836], [55.28686907868765, -21.044968627122465], [55.28690754015327, -21.044970821431487], [55.28700178005041, -21.044975384613295], [55.287097085324255, -21.044970925899285], [55.28719432503413, -21.044965583373664], [55.28758742125538, -21.044918963167518], [55.28773785270964, -21.044889768427183], [55.287918562118854, -21.044821135264595], [55.288028783404414, -21.044774373157946], [55.28861784115861, -21.04456637385386], [55.28910430774649, -21.044452807176576], [55.28937117765533, -21.04442207358495], [55.28948850661558, -21.044426867824434], [55.28963930106685, -21.04445006404468], [55.28997127355992, -21.044531989002756], [55.290142913677656, -21.044583395627313], [55.29027497570303, -21.044646146207675], [55.29041517045386, -21.044755044761537], [55.291177537818264, -21.045537007614833], [55.29144502253179, -21.046412046566903], [55.29145120046843, -21.046460884724485], [55.291422916141734, -21.04666293048026], [55.29141570759055, -21.046704407936815], [55.29117207451936, -21.047396564314536], [55.29128626206012, -21.047423907342793], [55.29161111240019, -21.047456078582968], [55.29177560604666, -21.047459539133307], [55.292049102312454, -21.047438804105973], [55.29214166724615, -21.04742166945374], [55.2921493844239, -21.047419940511578]]]}";9741509;97415;974;4;974150901;Le Bernica;Saint-Paul;LA REUNION;Le Bernica;LA REUNION;;4;;;;;;Iris d'habitat;19950;164.995985142;82.497992571;;175.106345871;;87.553172935;164.995985142;82;82.497992571;109.736639080;;109.736639080;104.357033282;;104.357033282;109.736639080;109;109.736639080;685.298178177;177.693037527;878.025312895;195.166942824;82.653693155;82.595091634;82.653693155;82.342291988;92.511254237;82.342291988;82.988936482;83.642399969;82.988936482;80.341438172;83.266866015;80.341438172;79.790869798;83.723416335;79.790869798;109.736639080;104.357033282;109.736639080;80.341438172;;80.341438172;83.266866015;;83.266866015;80.341438172;80;80.341438172;162.779806280;;81.389903140;167.365816304;;83.682908152;162.779806280;81;81.389903140;18942;;;274.732624222;;91.577541407;279.463379153;;93.154459718;274.732624222;91;91.577541407;243.121244451;;81.040414817;250.632682320;;83.544227440;243.121244451;81;81.040414817;Polygon;15646.25;1;1581.201970336;608.864955620;29.905147493;385.416176870;200.517256805;0.259293025;0.222279404;0.385064633;0.162908590;0.084755092;15646.25;18942;517.853868674;;530.096061472;;517.853868674;86;0.313710150;0.313932729;0.313710150;0.269945611;0.240272824;0.269945611;0.463995141;0.460370138;0.463995141;0.202770319;0.195646357;0.202770319;0.106221542;0.101232243;0.106221542;14258;14993;14258
Saint-Paul;LA REUNION;CA Territoire de la Côte Ouest (Tco);LA REUNION;3213.100752516;92.439007575;94.543277894;92.439007575;Non;974150601;97415;69;249740101;-21.0047515516, 55.3437598184;"{""type"": ""Polygon"", ""coordinates"": [[[55.34409275194262, -20.990933543221402], [55.34419228011638, -20.991066390528903], [55.34459900831741, -20.991645285408584], [55.34483344601795, -20.99206081685702], [55.346755206461964, -20.99376501658203], [55.349110174754806, -20.995352358239288], [55.35120581564193, -20.99712865468249], [55.35339687091614, -20.998717064057683], [55.35353142320512, -20.99881501720512], [55.35360108903327, -20.998865371785307], [55.35472182096357, -20.999906857956134], [55.356192053658624, -21.001446714376538], [55.35902043801594, -21.00352447042301], [55.36148782455978, -21.006074740505316], [55.36154333048209, -21.006189089224314], [55.36163848433909, -21.006372469543294], [55.36175395547233, -21.006545205968486], [55.36187053661956, -21.006704403694084], [55.36096988716423, -21.008402041065874], [55.360006406971, -21.010301402871413], [55.35793350796024, -21.014067081175455], [55.35718763203425, -21.015414808141276], [55.356161658386874, -21.017301795200307], [55.355056037725774, -21.019343368853313], [55.3534966672371, -21.02231543931264], [55.35342295490433, -21.022282207413785], [55.35256390095079, -21.021883669234917], [55.35133650185007, -21.02113137473448], [55.35005607437076, -21.020771804738505], [55.34831275039041, -21.020389956917807], [55.347131003407966, -21.020074973447805], [55.346564065974924, -21.019709956698957], [55.34617090145246, -21.019246363803717], [55.34565913487968, -21.018807811705695], [55.34517055194589, -21.018448069236307], [55.34435205185497, -21.017996592824367], [55.34322029507514, -21.01792311711546], [55.34239575340991, -21.017783333565994], [55.3407458122491, -21.017096335052717], [55.33938603937282, -21.01618226979831], [55.33814024525969, -21.015314697846275], [55.33693280482978, -21.0142428998357], [55.335672094610985, -21.011737312687277], [55.33436134580314, -21.01002630512746], [55.33249682509874, -21.00782007713621], [55.330917473799886, -21.007632969540513], [55.329473586078876, -21.00707276922368], [55.328155799497466, -21.005901374758782], [55.32811066425248, -21.005894608374383], [55.328554495247246, -21.00525583545108], [55.3285759570831, -21.00522894795002], [55.32864203480172, -21.005169077412948], [55.328740103958474, -21.00508693911878], [55.328837911482395, -21.005028283389375], [55.32892585936049, -21.00499120942342], [55.32898551217739, -21.0049899886431], [55.3290218198708, -21.00501202380935], [55.32905029222641, -21.005046627908662], [55.329061270830664, -21.0050973192156], [55.33038039148034, -21.00403085022467], [55.33055537213266, -21.00321735887142], [55.330638440594036, -21.00167311722022], [55.33029623688821, -21.000873972702923], [55.328990045800595, -20.99831933098261], [55.328363935321704, -20.996930717285075], [55.32782910406252, -20.99594044042219], [55.32730499751841, -20.994980978979953], [55.325403169498024, -20.992802998722635], [55.324094128972746, -20.99068909692404], [55.32405804301339, -20.990561379734217], [55.32422206424821, -20.990601835013432], [55.32635515042117, -20.99122846307641], [55.32813182924998, -20.99052194086125], [55.329175195725476, -20.98950425171958], [55.32971215933853, -20.98904794445552], [55.32978397922642, -20.988989935820808], [55.33011960505069, -20.98873488981775], [55.33059224266537, -20.988527253605362], [55.330668737997584, -20.988567747814674], [55.33081100940141, -20.98866127696765], [55.33097998817961, -20.98877493993031], [55.33254725394325, -20.98964299049493], [55.335742262678366, -20.990331714719307], [55.33920005057744, -20.990701168243433], [55.33957575651938, -20.991126213492745], [55.33986189348155, -20.991431603120756], [55.33993416667853, -20.991506376922775], [55.339938945407766, -20.991509133361507], [55.34195610843607, -20.99171034865053], [55.3431492856727, -20.99170931798537], [55.34351126267406, -20.991418369780067], [55.34409275194262, -20.990933543221402]]]}";9741506;97415;974;4;974150601;Le Bois de Nefles-Mon Repos;Saint-Paul;LA REUNION;Le Bois de Nefles-Mon Repos;LA REUNION;;4;;;;;;Iris d'habitat;19950;154.840130536;77.420065268;;163.753746637;;81.876873318;154.840130536;77;77.420065268;109.736639080;;109.736639080;104.357033282;;104.357033282;109.736639080;109;109.736639080;930.238977158;239.854311902;1135.517501168;222.689807775;82.191030804;82.132757311;82.191030804;72.649099732;81.620989326;72.649099732;97.404565064;98.171538705;97.404565064;90.915806227;94.226272619;90.915806227;101.736904541;106.751076120;101.736904541;109.736639080;104.357033282;109.736639080;90.915806227;;90.915806227;94.226272619;;94.226272619;90.915806227;90;90.915806227;199.141469605;;99.570734802;204.922614825;;102.461307413;199.141469605;99;99.570734802;14272;;;264.576769616;;88.192256539;268.110779919;;89.370259973;264.576769616;88;88.192256539;290.057275831;;96.685758610;299.148887444;;99.716295815;290.057275831;96;96.685758610;Polygon;15646.25;1;2262.712167627;1022.638304656;32.623049154;592.335991427;347.228580605;0.257841606;0.196113056;0.451952449;0.184350270;0.108066509;15646.25;14272;554.634045447;;567.259667363;;554.634045447;92;0.313710150;0.313932729;0.313710150;0.269945611;0.240272824;0.269945611;0.463995141;0.460370138;0.463995141;0.202770319;0.195646357;0.202770319;0.106221542;0.101232243;0.106221542;14258;14993;14258
Saint-Paul;LA REUNION;CA Territoire de la Côte Ouest (Tco);LA REUNION;3781.185499772;99.587753679;101.936105109;99.587753679;Non;974151701;97415;69;249740101;-21.0376200694, 55.2951757141;"{""type"": ""Polygon"", ""coordinates"": [[[55.295028459263925, -21.024913372962107], [55.295032235069066, -21.024919733663847], [55.295098881827535, -21.02498092054387], [55.29516000359285, -21.025020373689355], [55.29520011701628, -21.02504606723895], [55.29523746792396, -21.02506089392492], [55.2953035740213, -21.025085041519052], [55.29535057506304, -21.025097255137407], [55.29726930445191, -21.02633046638471], [55.29847480718979, -21.02723654007645], [55.29953976519852, -21.027939320751333], [55.30075270834296, -21.028637025731467], [55.30202583063977, -21.02932575068287], [55.30500061024592, -21.031410002605647], [55.3060770562928, -21.032016887955596], [55.30739442509122, -21.032716944317297], [55.308600792766256, -21.03302386873659], [55.310728821288265, -21.033376528949443], [55.31077586719548, -21.03338512588509], [55.31077066012507, -21.03342030158512], [55.31053510257177, -21.034387618434092], [55.31036224824591, -21.03482804977104], [55.307447237684805, -21.03694159612946], [55.30575621071355, -21.038609338151502], [55.305717249700386, -21.038651403224], [55.30561186993739, -21.038781326128923], [55.30475560261513, -21.03984134969872], [55.304518740134164, -21.040834384740908], [55.304657278961784, -21.041727741041814], [55.304869813799314, -21.042544154646336], [55.30488594723808, -21.043647653595553], [55.30463455623097, -21.044797259559342], [55.304596166660374, -21.04487365399095], [55.30455029530003, -21.04493100519789], [55.30402085281851, -21.04554761877696], [55.30363470222354, -21.045873003587587], [55.30246556935487, -21.048808675627328], [55.30208455358697, -21.049825555440364], [55.30196532325412, -21.050072761060715], [55.301647953213404, -21.050228562691405], [55.29966243375454, -21.051119188795152], [55.299041649009546, -21.050963935516243], [55.29897861238003, -21.05092265750506], [55.29890029512614, -21.050871290568335], [55.2985885122776, -21.050619771015935], [55.29851511871776, -21.05055851735087], [55.29844470389514, -21.050489164137353], [55.29838761472797, -21.05043259004766], [55.298331549296506, -21.050370606624885], [55.298288155391226, -21.050294297934496], [55.298256142370676, -21.050232555435013], [55.296822578246704, -21.049883981662333], [55.29675885425271, -21.04990321450227], [55.29654724347732, -21.04972766651101], [55.2963133263936, -21.049652156570556], [55.29440587707183, -21.04875595016419], [55.29226523478514, -21.047385877927347], [55.2921493844239, -21.047419940511578], [55.29214166724615, -21.04742166945374], [55.292049102312454, -21.047438804105973], [55.29177560604666, -21.047459539133307], [55.29161111240019, -21.047456078582968], [55.29128626206012, -21.047423907342793], [55.29117207451936, -21.047396564314536], [55.29141570759055, -21.046704407936815], [55.291422916141734, -21.04666293048026], [55.29145120046843, -21.046460884724485], [55.29144502253179, -21.046412046566903], [55.291177537818264, -21.045537007614833], [55.29041517045386, -21.044755044761537], [55.29027497570303, -21.044646146207675], [55.290142913677656, -21.044583395627313], [55.28997127355992, -21.044531989002756], [55.28963930106685, -21.04445006404468], [55.28948850661558, -21.044426867824434], [55.28937117765533, -21.04442207358495], [55.28910430774649, -21.044452807176576], [55.28861784115861, -21.04456637385386], [55.288028783404414, -21.044774373157946], [55.287918562118854, -21.044821135264595], [55.28773785270964, -21.044889768427183], [55.28758742125538, -21.044918963167518], [55.28719432503413, -21.044965583373664], [55.287097085324255, -21.044970925899285], [55.28700178005041, -21.044975384613295], [55.28690754015327, -21.044970821431487], [55.28686907868765, -21.044968627122465], [55.28680370040008, -21.044964354884836], [55.28670568464785, -21.044953430711207], [55.28664331654427, -21.044938349666893], [55.28658864487747, -21.044923346214215], [55.28649870799061, -21.044879082839124], [55.28640998126159, -21.04481315342732], [55.285820421711485, -21.044371384482265], [55.28534733558766, -21.044009372516463], [55.28479425214736, -21.04349164313775], [55.284652625099824, -21.04334027266083], [55.28456722076049, -21.043236439091803], [55.284523866970545, -21.043157417983792], [55.28448339934372, -21.043078426005557], [55.28444697649354, -21.042982312960483], [55.284379085962726, -21.042777491274762], [55.28435905925992, -21.04267793072819], [55.28410864212819, -21.04211267267611], [55.28337361909129, -21.040680811896458], [55.282872667628745, -21.039813591538476], [55.28244884504188, -21.039184706161], [55.28112715477722, -21.03664583676027], [55.28108789084451, -21.036546081384774], [55.28104371334925, -21.036455308879084], [55.2810070453228, -21.03638087094231], [55.28095316506409, -21.036297226341254], [55.28083654985705, -21.03614700941729], [55.2807365770278, -21.03605567247694], [55.28053790266136, -21.035929916489827], [55.280449990290826, -21.03587754145585], [55.28039823971315, -21.03585985600615], [55.280419662693234, -21.0358374913233], [55.281328657479094, -21.034428571297198], [55.28170585328668, -21.033417123262026], [55.28306959425102, -21.03178155386721], [55.284529233243376, -21.031123284467224], [55.28691444620733, -21.029896400044265], [55.28893699268265, -21.029787602153846], [55.28986380015794, -21.029024060005927], [55.290500147882256, -21.02811874549619], [55.29108981003872, -21.02728193043035], [55.29122472037235, -21.027093601426103], [55.29134593669001, -21.026925006432318], [55.29148862423021, -21.026729529235062], [55.291691733826305, -21.026466011074948], [55.291741410213774, -21.026412314462693], [55.29178604014267, -21.02637934215725], [55.29188181735229, -21.02633243148092], [55.2946589681085, -21.02508851378143], [55.295028459263925, -21.024913372962107]]]}";9741517;97415;974;4;974151701;Le Guillaume-Centre;Saint-Paul;LA REUNION;Le Guillaume-Centre;LA REUNION;;4;;;;;;Iris d'habitat;19950;176.830046012;88.415023006;;186.480656027;;93.240328013;176.830046012;88;88.415023006;109.736639080;;109.736639080;104.357033282;;104.357033282;109.736639080;109;109.736639080;1067.479933782;328.589394740;1342.527097480;285.246210402;98.121742473;98.052174096;98.121742473;78.708303538;88.428481931;78.708303538;104.097222512;104.916894832;104.097222512;92.900589179;96.283326363;92.900589179;113.962025292;119.578720148;113.962025292;109.736639080;104.357033282;109.736639080;92.900589179;;92.900589179;96.283326363;;96.283326363;92.900589179;92;92.900589179;218.059247805;;109.029623902;224.495614980;;112.247807490;218.059247805;109;109.029623902;12644;;;286.566685092;;95.522228364;290.837689309;;96.945896436;286.566685092;95;95.522228364;310.959836984;;103.653278995;320.778941342;;106.926313781;310.959836984;103;103.653278995;Polygon;15646.25;1;2615.759291856;1263.427573636;35.004294591;712.280140816;457.720900967;0.307817866;0.212469611;0.483006054;0.188374821;0.121052221;15646.25;12644;597.526522076;;611.616630651;;597.526522076;99;0.313710150;0.313932729;0.313710150;0.269945611;0.240272824;0.269945611;0.463995141;0.460370138;0.463995141;0.202770319;0.195646357;0.202770319;0.106221542;0.101232243;0.106221542;14258;14993;14258
Saint-Paul;LA REUNION;CA Territoire de la Côte Ouest (Tco);LA REUNION;3935.345238225;100.481808571;102.774295119;100.481808571;Non;974151702;97415;69;249740101;-21.0422796382, 55.3193092272;"{""type"": ""Polygon"", ""coordinates"": [[[55.31077586719548, -21.03338512588509], [55.31077150526862, -21.033345338753662], [55.3107612186641, -21.03331904176291], [55.31074519066903, -21.03328997791236], [55.31068998584328, -21.033237039764085], [55.31058886014706, -21.033161063525547], [55.31027460644798, -21.03295922112746], [55.311001497363705, -21.03014016362792], [55.3119157737467, -21.028020647472292], [55.31306196239863, -21.02615006235566], [55.31446260363256, -21.024812209357243], [55.31573801681596, -21.023272576844526], [55.314715479451955, -21.021851086359405], [55.314038582817425, -21.021390483807632], [55.313987076118934, -21.021351132562845], [55.31390804972882, -21.021278087470254], [55.31357701467732, -21.020859300924716], [55.31353270898492, -21.02077847054336], [55.31351103203164, -21.020738511703346], [55.313486814775366, -21.020667816489475], [55.31347772395817, -21.02062075629822], [55.31347816081135, -21.02058192001989], [55.31348455198983, -21.02052688392802], [55.31350161559752, -21.020463824238618], [55.31407207808472, -21.019267227523894], [55.31601471925849, -21.01848707835028], [55.31836962456746, -21.017701046220107], [55.31845512172966, -21.01771182748515], [55.318535080472174, -21.017701778698974], [55.318598879420634, -21.017674407959024], [55.318649262467375, -21.01764238821563], [55.31868235166158, -21.017608390963964], [55.3187107832678, -21.01756079858404], [55.318723824567456, -21.017513054070886], [55.318722376710774, -21.017470585969217], [55.3188138982784, -21.01745884479284], [55.318916861297545, -21.017456249370245], [55.31911743119226, -21.017499782108654], [55.319300251861755, -21.017581979942545], [55.32232346876291, -21.019075129096553], [55.32346153132367, -21.0200212393666], [55.324212626090535, -21.021333872326387], [55.32440335286016, -21.022603044548305], [55.32529921213077, -21.024134788931175], [55.32646910529291, -21.025509347197794], [55.32760554518332, -21.027097278397935], [55.32827682643099, -21.028095138885064], [55.329527395748975, -21.029400919940617], [55.3323128017656, -21.031027063215653], [55.33383103601046, -21.031930773624058], [55.3356216806941, -21.032909150263432], [55.33642023061542, -21.03347363615594], [55.33732825036834, -21.034533031208802], [55.33802921842035, -21.035654530272947], [55.338565217770736, -21.03651336729983], [55.33986543911865, -21.037607295290975], [55.34038388885314, -21.037880632096083], [55.34089671668188, -21.03805364870601], [55.344434846631984, -21.039241638120068], [55.34448183710452, -21.039255645057786], [55.34311084010037, -21.041859081355543], [55.34255143909176, -21.042111060286068], [55.34188478669731, -21.041969064965002], [55.34155226873972, -21.04171651543696], [55.341470802791804, -21.041644361422087], [55.34143555667663, -21.041612402703123], [55.341386099746785, -21.041560433168144], [55.34014234590389, -21.04018569539388], [55.33867408918882, -21.038928890982614], [55.338036977986754, -21.038424053040057], [55.33664003877401, -21.038112757185488], [55.3358436272963, -21.038307746269997], [55.334720567092106, -21.0380700235894], [55.33452899401121, -21.037993174512675], [55.33435579012493, -21.037908375777292], [55.334214373639306, -21.03782027533169], [55.334068317927276, -21.037716773620453], [55.3339224030533, -21.037600627318728], [55.33383292663341, -21.03751393900976], [55.33255057291742, -21.03622368031329], [55.331672115515616, -21.036389873850077], [55.33087305442651, -21.0375454159775], [55.33220555897396, -21.038781305205006], [55.33457513870406, -21.04050608742997], [55.337619631810995, -21.0423049631562], [55.33779834441215, -21.042414201259035], [55.33612246077552, -21.046465249334993], [55.33494560630865, -21.049328843599366], [55.33480826717591, -21.049651773014112], [55.33423792123899, -21.049543208141618], [55.333235730983525, -21.048899279820702], [55.33302098110479, -21.048655998575864], [55.33202288505772, -21.04747284939404], [55.3325104324817, -21.04680740601521], [55.32895802498357, -21.045082479660035], [55.32810858738257, -21.044722750308406], [55.32733653055971, -21.04449926956537], [55.32722811349259, -21.0448161541415], [55.32756016110055, -21.046143677455923], [55.32764803174075, -21.047794763768927], [55.32745306495022, -21.04836551902801], [55.326613579962505, -21.050901768677374], [55.327926163419555, -21.05283884282721], [55.327520190311205, -21.05493115966141], [55.32658656610926, -21.05693264508171], [55.32506894893411, -21.060211911549622], [55.32381213174641, -21.063053842144576], [55.32362894555414, -21.063557412838396], [55.323423890728264, -21.064037282291284], [55.32333876264439, -21.064162899342357], [55.32232612719004, -21.065647806099214], [55.3222584489195, -21.06559023137595], [55.320004937972065, -21.065056697183486], [55.31984497963554, -21.065075889441804], [55.31978440168119, -21.065071676867795], [55.319722000786406, -21.06505841355226], [55.31965298626113, -21.06503424554323], [55.31955910679405, -21.064996282382264], [55.319487428958546, -21.064952216056444], [55.31942519049857, -21.064924501959386], [55.31936694291513, -21.064884181597726], [55.31932029246799, -21.0648394596818], [55.318311105670695, -21.063702640393906], [55.31801101911586, -21.06300460356556], [55.316445017318, -21.061988489192604], [55.31443413486809, -21.060873554590803], [55.31297699019154, -21.06012834184687], [55.31196172288714, -21.059708169733838], [55.31066616067797, -21.05914248777157], [55.310528324011365, -21.05907788794546], [55.31041825739769, -21.059025306760255], [55.309922428405265, -21.058707843102717], [55.309859538384174, -21.058653021290752], [55.309744372758416, -21.05854077345676], [55.309638736993534, -21.058436749796876], [55.30786590844596, -21.05702084076182], [55.305887781801395, -21.05648806588659], [55.30351884065274, -21.05588452389252], [55.30246236138934, -21.055624667033804], [55.30166231692416, -21.055153295022336], [55.30104426080327, -21.05475600102206], [55.300597689260165, -21.054425455701438], [55.30014337357766, -21.05401444147456], [55.29941479319557, -21.053352283360727], [55.296671749056344, -21.051131679696724], [55.296625048184396, -21.051092371171862], [55.29659889052985, -21.05102346102068], [55.29654071190321, -21.050639894868876], [55.29655703037452, -21.050558765000574], [55.29672604686323, -21.049995921476057], [55.29675885425271, -21.04990321450227], [55.296822578246704, -21.049883981662333], [55.298256142370676, -21.050232555435013], [55.298288155391226, -21.050294297934496], [55.298331549296506, -21.050370606624885], [55.29838761472797, -21.05043259004766], [55.29844470389514, -21.050489164137353], [55.29851511871776, -21.05055851735087], [55.2985885122776, -21.050619771015935], [55.29890029512614, -21.050871290568335], [55.29897861238003, -21.05092265750506], [55.299041649009546, -21.050963935516243], [55.29966243375454, -21.051119188795152], [55.301647953213404, -21.050228562691405], [55.30196532325412, -21.050072761060715], [55.30208455358697, -21.049825555440364], [55.30246556935487, -21.048808675627328], [55.30363470222354, -21.045873003587587], [55.30402085281851, -21.04554761877696], [55.30455029530003, -21.04493100519789], [55.304596166660374, -21.04487365399095], [55.30463455623097, -21.044797259559342], [55.30488594723808, -21.043647653595553], [55.304869813799314, -21.042544154646336], [55.304657278961784, -21.041727741041814], [55.304518740134164, -21.040834384740908], [55.30475560261513, -21.03984134969872], [55.30561186993739, -21.038781326128923], [55.305717249700386, -21.038651403224], [55.30575621071355, -21.038609338151502], [55.307447237684805, -21.03694159612946], [55.31036224824591, -21.03482804977104], [55.31053510257177, -21.034387618434092], [55.31077066012507, -21.03342030158512], [55.31077586719548, -21.03338512588509]]]}";9741517;97415;974;4;974151702;Le Guillaume-La Petite France;Saint-Paul;LA REUNION;Le Guillaume-La Petite France;LA REUNION;;4;;;;;;Iris d'habitat;19950;179.537044850;89.768522425;;189.375823328;;94.687911664;179.537044850;89;89.768522425;109.736639080;;109.736639080;104.357033282;;104.357033282;109.736639080;109;109.736639080;1061.364129968;330.624344265;1326.308787399;287.279739114;99.298308715;99.227906152;99.298308715;80.238736135;90.147917176;80.238736135;115.714285982;116.625432263;115.714285982;106.358381896;110.231150157;106.358381896;91.544499615;96.056331681;91.544499615;109.736639080;104.357033282;109.736639080;106.358381896;;106.358381896;110.231150157;;110.231150157;106.358381896;106;106.358381896;207.258785597;;103.629392798;212.681763945;;106.340881972;207.258785597;103;103.629392798;9384;;;289.273683930;;96.424561310;293.732856610;;97.910952203;289.273683930;96;96.424561310;313.617167493;;104.539055831;322.912914102;;107.637638034;313.617167493;104;104.539055831;Polygon;15646.25;1;2657.791041013;1426.991036821;62.632870032;848.709265061;382.672888637;0.311508873;0.216600947;0.536908664;0.215663230;0.097239979;15646.25;9384;602.890851423;;616.645770712;;602.890851423;100;0.313710150;0.313932729;0.313710150;0.269945611;0.240272824;0.269945611;0.463995141;0.460370138;0.463995141;0.202770319;0.195646357;0.202770319;0.106221542;0.101232243;0.106221542;14258;14993;14258
Saint-Paul;LA REUNION;CA Territoire de la Côte Ouest (Tco);LA REUNION;2121.367795904;107.018766841;109.616517360;107.018766841;Non;974150603;97415;69;249740101;-21.018853501, 55.331992;"{""type"": ""Polygon"", ""coordinates"": [[[55.318722376710774, -21.017470585969217], [55.31854320156154, -21.017406489018448], [55.31831257059609, -21.01729852609444], [55.318196101089995, -21.0172187898599], [55.31808739774128, -21.017132807442273], [55.31793966226981, -21.01701030809759], [55.31788736621036, -21.016955594616384], [55.317862924434706, -21.016904769675364], [55.31727321238271, -21.015296139774684], [55.316473595173974, -21.011867027313983], [55.31644091350532, -21.011779086528506], [55.31616935754859, -21.011033006302586], [55.31580396785625, -21.009562701962146], [55.31551443760908, -21.008361871431806], [55.31412529580092, -21.006936977324017], [55.31251421003362, -21.005619619826472], [55.31091189560465, -21.004401469522392], [55.30950876289065, -21.00313695915496], [55.30862896314622, -21.001783700010016], [55.308555725316744, -21.001454181826723], [55.30847873747057, -21.00103068625187], [55.308602746911234, -21.00001302983171], [55.30872620211077, -20.99908704955605], [55.308912548222864, -20.998811145376152], [55.30902513561971, -20.998636126152224], [55.30905565243203, -20.99857410364579], [55.30909439239929, -20.99846519274834], [55.30925905817526, -20.9975093614775], [55.30925615718051, -20.99742532848003], [55.309245602803564, -20.997337606380476], [55.309366704103915, -20.99751675354839], [55.3126028790367, -20.998161282893125], [55.31327804155338, -20.99825333381885], [55.31385877939081, -20.998359802401033], [55.314723314514445, -20.998548115480887], [55.314964331972114, -20.99867063686984], [55.315658685648906, -20.999024366031254], [55.3162704617633, -20.999365533132803], [55.316834652222084, -20.999876042974503], [55.31776268932285, -21.00075055380165], [55.318931163655414, -21.00210165386066], [55.31936705061655, -21.00320524300054], [55.32076016361766, -21.005244135434708], [55.320942002381535, -21.005498846461833], [55.32099140039199, -21.005554433584514], [55.321069501386965, -21.00562385300115], [55.321537753249835, -21.00598616887778], [55.322027551327864, -21.006314371622405], [55.32288968361571, -21.004313084564675], [55.32367709735988, -21.002884635250584], [55.3249925080433, -21.0030999206478], [55.3250140549273, -21.00315161943184], [55.32506387128895, -21.003255986432578], [55.32509220125377, -21.003303235588646], [55.32512248508693, -21.003347794142883], [55.3251622962742, -21.003400575936872], [55.32520129687917, -21.003439800609808], [55.32523936593686, -21.00347630628023], [55.32529937513631, -21.003529286813244], [55.32563470888382, -21.003821408840913], [55.32798642232707, -21.005822028809348], [55.32808665892903, -21.005890759413884], [55.32811066425248, -21.005894608374383], [55.328155799497466, -21.005901374758782], [55.329473586078876, -21.00707276922368], [55.330917473799886, -21.007632969540513], [55.33249682509874, -21.00782007713621], [55.33436134580314, -21.01002630512746], [55.335672094610985, -21.011737312687277], [55.33693280482978, -21.0142428998357], [55.33814024525969, -21.015314697846275], [55.33938603937282, -21.01618226979831], [55.3407458122491, -21.017096335052717], [55.34239575340991, -21.017783333565994], [55.34322029507514, -21.01792311711546], [55.34435205185497, -21.017996592824367], [55.34517055194589, -21.018448069236307], [55.34565913487968, -21.018807811705695], [55.34617090145246, -21.019246363803717], [55.346564065974924, -21.019709956698957], [55.347131003407966, -21.020074973447805], [55.34831275039041, -21.020389956917807], [55.35005607437076, -21.020771804738505], [55.35133650185007, -21.02113137473448], [55.35256390095079, -21.021883669234917], [55.35342295490433, -21.022282207413785], [55.3534966672371, -21.02231543931264], [55.35149958748146, -21.025978775682084], [55.35083424706772, -21.027253178116304], [55.34951180325988, -21.029749662368722], [55.34774516634509, -21.033087287079937], [55.34538984211571, -21.037537417863906], [55.34448183710452, -21.039255645057786], [55.344434846631984, -21.039241638120068], [55.34089671668188, -21.03805364870601], [55.34038388885314, -21.037880632096083], [55.33986543911865, -21.037607295290975], [55.338565217770736, -21.03651336729983], [55.33802921842035, -21.035654530272947], [55.33732825036834, -21.034533031208802], [55.33642023061542, -21.03347363615594], [55.3356216806941, -21.032909150263432], [55.33383103601046, -21.031930773624058], [55.3323128017656, -21.031027063215653], [55.329527395748975, -21.029400919940617], [55.32827682643099, -21.028095138885064], [55.32760554518332, -21.027097278397935], [55.32646910529291, -21.025509347197794], [55.32529921213077, -21.024134788931175], [55.32440335286016, -21.022603044548305], [55.324212626090535, -21.021333872326387], [55.32346153132367, -21.0200212393666], [55.32232346876291, -21.019075129096553], [55.319300251861755, -21.017581979942545], [55.31911743119226, -21.017499782108654], [55.318916861297545, -21.017456249370245], [55.3188138982784, -21.01745884479284], [55.318722376710774, -21.017470585969217]]]}";9741506;97415;974;4;974150603;Le Ruisseau;Saint-Paul;LA REUNION;Le Ruisseau;LA REUNION;;4;;;;;;Iris d'habitat;19950;195.242050293;97.621025147;;206.670461224;;103.335230612;195.242050293;97;97.621025147;109.736639080;;109.736639080;104.357033282;;104.357033282;109.736639080;109;109.736639080;578.100207427;185.191998660;735.449103997;184.885846365;102.115230758;102.042830995;102.115230758;93.126819535;104.627630229;93.126819535;142.012041237;143.130258769;142.012041237;93.001663066;96.388080596;93.001663066;102.120207371;107.153270287;102.120207371;109.736639080;104.357033282;109.736639080;93.001663066;;93.001663066;96.388080596;;96.388080596;93.001663066;93;93.001663066;244.132248607;;122.066124304;250.283529056;;125.141764528;244.132248607;122;122.066124304;9232;;;304.978689373;;101.659563124;311.027494506;;103.675831502;304.978689373;101;101.659563124;337.133911673;;112.377970558;346.671609652;;115.557203217;337.133911673;112;112.377970558;Polygon;15646.25;1;1526.012204148;1005.533650485;5.034107885;400.047048093;230.112526762;0.320345844;0.251391762;0.658928970;0.188579769;0.108473659;15646.25;9232;642.112601047;;657.699104158;;642.112601047;107;0.313710150;0.313932729;0.313710150;0.269945611;0.240272824;0.269945611;0.463995141;0.460370138;0.463995141;0.202770319;0.195646357;0.202770319;0.106221542;0.101232243;0.106221542;14258;14993;14258
Saint-Paul;LA REUNION;CA Territoire de la Côte Ouest (Tco);LA REUNION;3635.416369618;90.901955356;93.067287667;90.901955356;Non;974150202;97415;69;249740101;-20.9714940929, 55.2969638251;"{""type"": ""Polygon"", ""coordinates"": [[[55.31539182409991, -20.980970704658386], [55.315250541512874, -20.98096208108201], [55.314994700221106, -20.98096316343799], [55.31486095899279, -20.980968163258122], [55.31477051258729, -20.980971784784806], [55.314581885991934, -20.980982564264245], [55.31432765391823, -20.981011663036377], [55.313996215559214, -20.981064385613287], [55.31343205519586, -20.981157708821854], [55.31278306553254, -20.981268255317502], [55.309483787107325, -20.981819055666907], [55.30839978466802, -20.981997980290227], [55.306142043748345, -20.982381110804923], [55.30577584844412, -20.982445213873078], [55.30548959309068, -20.98249927222683], [55.30529487887946, -20.982537982087553], [55.3049545153768, -20.982614082892482], [55.30463721110306, -20.982692219072472], [55.304159465014294, -20.982840115570127], [55.30391027494554, -20.982933380865045], [55.30358571779322, -20.983057509562567], [55.303382737992735, -20.983146717959446], [55.30310715355105, -20.98327765642325], [55.30245125572314, -20.98361526602122], [55.30208463994569, -20.98380129807442], [55.30168739282386, -20.983974378057653], [55.30041971506031, -20.984489241229934], [55.29904966210739, -20.9850410092191], [55.29693574812783, -20.985966507148365], [55.29657821603507, -20.9861137768965], [55.29650960892117, -20.986141995178674], [55.295170507392314, -20.986675974385374], [55.294930923048256, -20.98676932195662], [55.29235483631105, -20.98790465711514], [55.289583986742954, -20.989754283440767], [55.28938441555077, -20.98988054214172], [55.28896320634382, -20.989790499818987], [55.28886833760311, -20.98975973873658], [55.28885404588404, -20.98974785267443], [55.28879775839905, -20.989707543367746], [55.28682372503306, -20.988435769572252], [55.28388295621774, -20.986673698988216], [55.28248472684056, -20.98581414879339], [55.28183030022589, -20.98542998369519], [55.28113273797863, -20.985285648610876], [55.28115722355577, -20.985163052101377], [55.28177696106642, -20.982357449952136], [55.282240930358434, -20.98030359391383], [55.28238358468096, -20.979771204033433], [55.28256181901865, -20.97873424855262], [55.2826423673622, -20.978166004776075], [55.2826395242726, -20.976142666089725], [55.28262050303576, -20.974861646617462], [55.282535468283996, -20.973382146802976], [55.28251273375487, -20.973015192551923], [55.28234569525001, -20.97147434720252], [55.28225756780061, -20.971065183541267], [55.28207434137728, -20.970310014298352], [55.28200264335048, -20.970104250543194], [55.281633656085575, -20.96906855108938], [55.280647877426745, -20.966046675169423], [55.2805019965559, -20.96560079762424], [55.28000165623277, -20.964700614597078], [55.27967958964306, -20.96414682490912], [55.27929882000648, -20.963512954902583], [55.27903843035338, -20.962990046193763], [55.2789448620007, -20.962763285561326], [55.2786616667686, -20.962048654264184], [55.27846727453337, -20.961557122294085], [55.27781764794573, -20.959839779452494], [55.27773622091312, -20.959560751688187], [55.27765229260291, -20.95916427438577], [55.27754808083066, -20.95860771449317], [55.27751971241501, -20.958397870756258], [55.27745719646385, -20.95797902813892], [55.27742248010295, -20.957819702997842], [55.27779861926252, -20.957806341176337], [55.27970525462634, -20.957741587826547], [55.28174640597884, -20.957265376744708], [55.28276187222884, -20.95692694780923], [55.28422037650864, -20.956442126371833], [55.28635300909802, -20.956205241148442], [55.28795495116664, -20.95629630624133], [55.29032856011862, -20.9564312270742], [55.29077157003592, -20.956456444150728], [55.29640675958141, -20.956776600744895], [55.297586062976194, -20.956913032099145], [55.29952993273953, -20.957552075708335], [55.30052694603142, -20.957907970398512], [55.30056717607538, -20.957921920507317], [55.30148857231059, -20.958247248055972], [55.30195654295987, -20.95836210906475], [55.304145858438986, -20.958898767052982], [55.30680317057997, -20.95955024613083], [55.30817737647615, -20.959888165230932], [55.30975284844309, -20.96062912323565], [55.310155131117035, -20.960942934824555], [55.31077913227358, -20.96172232284531], [55.31198725616972, -20.96263756617396], [55.31253682558214, -20.96302418996256], [55.31271939564823, -20.963122647793714], [55.313017776600965, -20.963184314140584], [55.313603497121775, -20.96326327555913], [55.3137069994395, -20.963295010948812], [55.3138632044231, -20.96334352660834], [55.313979115361526, -20.96346932526526], [55.314363752110495, -20.963986190267885], [55.31450112155596, -20.964170913762473], [55.315374516352556, -20.965353807469942], [55.315622002871564, -20.96575279174205], [55.315855473393434, -20.966372939853315], [55.316163986471366, -20.966732782373384], [55.31622696714207, -20.96712000682508], [55.31631878509584, -20.967508419437344], [55.31653540582892, -20.967916130449677], [55.3167873450094, -20.96851929774984], [55.316962268474434, -20.969129833612218], [55.31713536425589, -20.969989655516294], [55.31717648652803, -20.970525704395335], [55.31717947987372, -20.971117379812277], [55.31715817518887, -20.971302341000438], [55.317078537546536, -20.97154363243949], [55.31706765661499, -20.971570623251086], [55.31693221466641, -20.97172826202848], [55.31667870732032, -20.97177995432743], [55.31557423516092, -20.971732908444583], [55.31478196952551, -20.971716945063115], [55.314621746834604, -20.971768653570635], [55.314568423484566, -20.97180696695715], [55.31446558258842, -20.971887244423037], [55.31435638454271, -20.972019848880525], [55.31421526034751, -20.972255110731755], [55.31445717699954, -20.972551068423606], [55.31465282661665, -20.97277069306972], [55.31484031851893, -20.972945976355863], [55.31499290979057, -20.9730603948736], [55.317267401265056, -20.974603086708644], [55.31820117120682, -20.975124464353048], [55.31891503592792, -20.975014987147098], [55.31895819774266, -20.975025349071338], [55.3188855829877, -20.9751547043494], [55.31873304228891, -20.97529320689856], [55.31861167744337, -20.97539588593059], [55.318114251688094, -20.975801514933234], [55.31765519165934, -20.976559798720007], [55.31762282086006, -20.976616385415998], [55.31760605857795, -20.976653254183113], [55.317590207360794, -20.97669464832381], [55.31757730169708, -20.976730651898002], [55.31753054780633, -20.976869294610758], [55.3175215695353, -20.976898110760647], [55.31751641756613, -20.97692877125056], [55.31750685278664, -20.977009971593294], [55.31749029652958, -20.977372021595738], [55.3174899132118, -20.97749215346241], [55.31749027821183, -20.977545450326268], [55.317493588795784, -20.97759335662891], [55.31749879231719, -20.977643991453867], [55.31753756502992, -20.977960520839837], [55.31754466151102, -20.97801388418549], [55.31755177822052, -20.97806544117951], [55.31770129061351, -20.979142718939066], [55.317712092196736, -20.97920876472599], [55.31772608208932, -20.979247743735147], [55.3176992783019, -20.979322450886244], [55.31766941762967, -20.979412483523074], [55.317655378139854, -20.979463831564885], [55.31765089445428, -20.979520693634875], [55.31764825316165, -20.979584800104018], [55.3176513817641, -20.97964896355891], [55.317659480420566, -20.979698723693335], [55.31766854073172, -20.979748493325136], [55.31768251042725, -20.979789278689232], [55.315536933089525, -20.980981172508418], [55.31539182409991, -20.980970704658386]]]}";9741502;97415;974;4;974150202;Le Stade-Cambaie;Saint-Paul;LA REUNION;Le Stade-Cambaie;LA REUNION;;4;;;;;;Iris d'habitat;19950;161.018549025;80.509274512;;171.054329717;;85.527164858;161.018549025;80;80.509274512;109.736639080;;109.736639080;104.357033282;;104.357033282;109.736639080;109;109.736639080;968.455628043;240.923024311;1265.024706188;279.060912745;79.299419551;79.243196213;79.299419551;81.719129474;91.811133504;81.719129474;92.312693260;93.039572975;92.312693260;107.043820024;110.941546760;107.043820024;75.300030748;79.011243271;75.300030748;109.736639080;104.357033282;109.736639080;107.043820024;;107.043820024;110.941546760;;110.941546760;107.043820024;107;107.043820024;167.612724008;;83.806362004;172.050816245;;86.025408123;167.612724008;83;83.806362004;16764;;;270.755188105;;90.251729368;275.411362999;;91.803787666;270.755188105;90;90.251729368;274.656544033;;91.552181344;282.992363006;;94.330787669;274.656544033;91;91.552181344;Polygon;15646.25;1;2482.023383024;1063.116167361;67.925461378;789.078374751;290.778246697;0.248770328;0.220597204;0.428326411;0.217053095;0.079984854;15646.25;16764;545.411732137;;558.403726005;;545.411732137;90;0.313710150;0.313932729;0.313710150;0.269945611;0.240272824;0.269945611;0.463995141;0.460370138;0.463995141;0.202770319;0.195646357;0.202770319;0.106221542;0.101232243;0.106221542;14258;14993;14258
Saint-Paul;LA REUNION;CA Territoire de la Côte Ouest (Tco);LA REUNION;2249.621487144;118.317917586;121.841136976;118.317917586;Non;974150102;97415;69;249740101;-21.0132960209, 55.2672816868;"{""type"": ""Polygon"", ""coordinates"": [[[55.27369333061258, -21.016650097737813], [55.27356260546322, -21.01672464446407], [55.2734018855762, -21.016814241964816], [55.272803634990154, -21.017139663049058], [55.27250408844939, -21.01717184797706], [55.272421763219896, -21.017136688102028], [55.26963354226025, -21.016548905584976], [55.26757607469201, -21.016362992028835], [55.26541862243557, -21.01641394220522], [55.26255693756983, -21.016616193661417], [55.26251912161293, -21.016642001698493], [55.26189568572615, -21.01698067452685], [55.2617142794255, -21.01707004914684], [55.26132072926277, -21.017203320962537], [55.261126860884396, -21.017247404931474], [55.26058189170193, -21.017289704967396], [55.25822817370505, -21.01702083714611], [55.25664689291494, -21.016961958350816], [55.25519210152006, -21.016945460370422], [55.254967016422775, -21.016944054507533], [55.25494788437827, -21.016934825724157], [55.25477258442202, -21.016788507180838], [55.25475269540896, -21.016679009899086], [55.25493503258658, -21.016633911715612], [55.25707137746109, -21.015739920238378], [55.25929171173123, -21.01456946159386], [55.26164006529607, -21.01322324250046], [55.26399721225497, -21.01177862335606], [55.26678485572954, -21.009869565634332], [55.26926051272362, -21.007982575540957], [55.270822993801346, -21.006619189382384], [55.2717684157833, -21.007633215696153], [55.27332776039132, -21.00946549680152], [55.27388193877152, -21.010125078186928], [55.27430104896931, -21.01065231572026], [55.27409739239539, -21.010795674248453], [55.27400029632329, -21.01104127840891], [55.273546038960866, -21.01342588580895], [55.27370713409464, -21.016370228334914], [55.27369333061258, -21.016650097737813]]]}";9741501;97415;974;4;974150102;Mairie-Hopital Gabriel Martin;Saint-Paul;LA REUNION;Mairie-Hopital Gabriel Martin;LA REUNION;;4;;;;;;Iris d'habitat;19950;242.668948777;121.334474388;;256.970947972;;128.485473986;242.668948777;121;121.334474388;109.736639080;;109.736639080;104.357033282;;104.357033282;109.736639080;109;109.736639080;626.760436837;248.009206433;939.828341212;295.648075839;126.135594270;126.046164054;126.135594270;116.533354506;130.924783918;116.533354506;106.534445291;107.373308555;106.534445291;76.984604462;79.787801798;76.984604462;173.982867907;182.557730250;173.982867907;109.736639080;104.357033282;109.736639080;76.984604462;;76.984604462;79.787801798;;79.787801798;76.984604462;76;76.984604462;280.517313198;;140.258656599;289.931038805;;144.965519402;280.517313198;140;140.258656599;17878;;;352.405587856;;117.468529285;361.327981254;;120.442660418;352.405587856;117;117.468529285;357.501917660;;119.167305887;369.718840603;;123.239613534;357.501917660;119;119.167305887;Polygon;15646.25;1;1697.634625320;839.165664293;62.022217317;351.170251035;415.746439439;0.395700162;0.314576676;0.494314649;0.156101928;0.184807285;15646.25;17878;709.907505517;;731.046821857;;709.907505517;118;0.313710150;0.313932729;0.313710150;0.269945611;0.240272824;0.269945611;0.463995141;0.460370138;0.463995141;0.202770319;0.195646357;0.202770319;0.106221542;0.101232243;0.106221542;14258;14993;14258
Saint-Paul;LA REUNION;CA Territoire de la Côte Ouest (Tco);LA REUNION;4007.393799747;100.227495047;102.563599011;100.227495047;Non;974151003;97415;69;249740101;-21.0219953793, 55.2631059267;"{""type"": ""Polygon"", ""coordinates"": [[[55.27369333061258, -21.016650097737813], [55.273685677583316, -21.016813509476044], [55.27370002832471, -21.01723818562901], [55.274260857435635, -21.019997002406058], [55.2746714633056, -21.02114075825051], [55.27515578577778, -21.0221477022654], [55.27524535841498, -21.02230577737689], [55.27445456220391, -21.022641895624336], [55.27378072521707, -21.02292951821281], [55.273845317751785, -21.02400369343249], [55.27326065518381, -21.024762753270316], [55.272241377599094, -21.02523525090442], [55.26945662532242, -21.02558178229784], [55.266938305317545, -21.0259318863546], [55.265784410096465, -21.026175741742176], [55.26423053929766, -21.02660699572852], [55.262106941182175, -21.028050376594475], [55.25945753645892, -21.029866807620877], [55.25937360620027, -21.029886723056663], [55.259247511047995, -21.02980955895975], [55.25917950693491, -21.029783571624737], [55.25844267760993, -21.029608923844], [55.25762835550485, -21.02956264344647], [55.25675774264321, -21.028897056299087], [55.255631915605804, -21.027842256258285], [55.255583477515465, -21.027788467596856], [55.25551889695255, -21.0277164483164], [55.25422637286674, -21.026355534708458], [55.25354586485946, -21.024651794098347], [55.253492755731095, -21.023388958836826], [55.25301387348648, -21.020069569154924], [55.25312585098989, -21.01883913963354], [55.25311405781357, -21.01869540193474], [55.25306103065493, -21.01854040172398], [55.252821860326016, -21.017848766106997], [55.25278782260649, -21.017797834516674], [55.25275656525795, -21.017755963971293], [55.252699516585906, -21.017698473234915], [55.25262813476882, -21.017632705990888], [55.25270949932064, -21.017584766436297], [55.25472567937127, -21.01668595869171], [55.25475269540896, -21.016679009899086], [55.25477258442202, -21.016788507180838], [55.25494788437827, -21.016934825724157], [55.254967016422775, -21.016944054507533], [55.25519210152006, -21.016945460370422], [55.25664689291494, -21.016961958350816], [55.25822817370505, -21.01702083714611], [55.26058189170193, -21.017289704967396], [55.261126860884396, -21.017247404931474], [55.26132072926277, -21.017203320962537], [55.2617142794255, -21.01707004914684], [55.26189568572615, -21.01698067452685], [55.26251912161293, -21.016642001698493], [55.26255693756983, -21.016616193661417], [55.26541862243557, -21.01641394220522], [55.26757607469201, -21.016362992028835], [55.26963354226025, -21.016548905584976], [55.272421763219896, -21.017136688102028], [55.27250408844939, -21.01717184797706], [55.272803634990154, -21.017139663049058], [55.2734018855762, -21.016814241964816], [55.27356260546322, -21.01672464446407], [55.27369333061258, -21.016650097737813]]]}";9741510;97415;974;4;974151003;Plateau Caillou;Saint-Paul;LA REUNION;Plateau Caillou;LA REUNION;;4;;;;;;Iris d'habitat;19950;235.533727133;117.766863567;;247.392871037;;123.696435519;235.533727133;117;117.766863567;109.736639080;;109.736639080;104.357033282;;104.357033282;109.736639080;109;109.736639080;1098.973720052;478.212043787;1521.755222581;397.747415717;138.708997190;138.610652424;138.708997190;96.824729943;108.782218614;96.824729943;90.477193509;91.189620309;90.477193509;103.929337865;107.713658705;103.929337865;61.688072696;64.728410735;61.688072696;109.736639080;104.357033282;109.736639080;103.929337865;;103.929337865;107.713658705;;107.713658705;103.929337865;103;103.929337865;152.165266205;;76.082633102;155.918031044;;77.959015522;152.165266205;76;76.082633102;10154;;;345.270366213;;115.090122071;351.749904319;;117.249968106;345.270366213;115;115.090122071;256.094604070;;85.364868023;263.631689748;;87.877229916;256.094604070;85;85.364868023;Polygon;15646.25;1;2624.542325766;1101.808539597;79.924252736;844.509551980;262.588574400;0.435144203;0.261374109;0.419809781;0.210737850;0.065526022;15646.25;10154;601.364970283;;615.381594068;;601.364970283;100;0.313710150;0.313932729;0.313710150;0.269945611;0.240272824;0.269945611;0.463995141;0.460370138;0.463995141;0.202770319;0.195646357;0.202770319;0.106221542;0.101232243;0.106221542;14258;14993;14258
Saint-Paul;LA REUNION;CA Territoire de la Côte Ouest (Tco);LA REUNION;2586.435138747;98.079953110;99.710610920;98.079953110;Non;974151502;97415;69;249740101;-21.0863276269, 55.303493192;"{""type"": ""Polygon"", ""coordinates"": [[[55.28582371197544, -21.099991623881404], [55.28576919230131, -21.09971016108934], [55.28553343159292, -21.098950851575232], [55.28539637462545, -21.098648682533568], [55.284584605359164, -21.09767579819292], [55.284484820096125, -21.097564591872324], [55.2843703604862, -21.09747401183271], [55.28419691510131, -21.097407222677116], [55.28412119767949, -21.097379358915862], [55.28399555023231, -21.097341054060806], [55.28371355255171, -21.09725600405146], [55.28356365878698, -21.097233712011352], [55.28209451139798, -21.094839669091805], [55.28110358298151, -21.093129708349032], [55.28095618851344, -21.092890659198698], [55.280798218966986, -21.09265059948983], [55.280712089475486, -21.092524174398196], [55.280536881473815, -21.092276713714668], [55.280239287821296, -21.091875362416896], [55.28007330966011, -21.091662318471514], [55.27992628774412, -21.091474757676174], [55.27981895676963, -21.09135082693057], [55.279728709001944, -21.091247844179833], [55.27969922986795, -21.09121683462938], [55.27965257411928, -21.091173005329654], [55.27971291567288, -21.091114906040726], [55.280906033128176, -21.091352816436384], [55.28335322906956, -21.09096391369362], [55.283919284934214, -21.090491821222017], [55.283980472872905, -21.090443664641562], [55.28403853513262, -21.090416251231726], [55.28413313532254, -21.090391917200343], [55.28422365790097, -21.090387413431806], [55.284327528824285, -21.090393883675294], [55.284426463577425, -21.090411142964435], [55.284530013025126, -21.09044561068047], [55.286125622425814, -21.091129245941634], [55.287184638036635, -21.091606023094663], [55.28822385641936, -21.091291343411758], [55.289193811834764, -21.090805243311493], [55.28998221979418, -21.090371502306194], [55.29051602604401, -21.090276621973842], [55.29130966685718, -21.090268360482987], [55.29147419718683, -21.090272727671152], [55.29337027296924, -21.0906910558171], [55.29438518990451, -21.089131404986702], [55.29530139331345, -21.086935655734305], [55.29635909986407, -21.084495852447255], [55.29666940358447, -21.08386939745008], [55.29675718104029, -21.08300766723628], [55.296760640047, -21.082366388661654], [55.29662055253212, -21.081569211809608], [55.29605238531154, -21.078898443573095], [55.29600764234116, -21.076871534112474], [55.29515737109138, -21.075511052016857], [55.29407728987519, -21.074466392520876], [55.29352115409024, -21.074190970727816], [55.29341789145944, -21.07413212390314], [55.29333587043757, -21.074067167820473], [55.293213119149584, -21.07386089388513], [55.29313575153919, -21.07372553040899], [55.29337381009224, -21.073778506827725], [55.29361056280505, -21.073777274316797], [55.2938495079807, -21.073752578806936], [55.29410113742272, -21.07371265506125], [55.29516185434081, -21.073441496645934], [55.29527780717077, -21.073400208190098], [55.29537463870049, -21.073347888501957], [55.29797272388836, -21.072652258426732], [55.30126123142521, -21.073399908840603], [55.30426948857624, -21.074169291103754], [55.30672663276876, -21.074784803497213], [55.30774165497925, -21.07523391327921], [55.30901899693179, -21.075889768751345], [55.31001354847602, -21.076618673375535], [55.310761518914134, -21.077175530531363], [55.3116404018945, -21.07726173186081], [55.3133891153968, -21.077298541376404], [55.316021504425215, -21.07733845887517], [55.31740521150238, -21.076992910334702], [55.31746793214779, -21.076978176685692], [55.317532546836894, -21.076966171588843], [55.317973522578114, -21.076947961359], [55.31806592124694, -21.076947070635054], [55.318998223259506, -21.07696895405061], [55.3190588364334, -21.076970457723785], [55.31941171728721, -21.0769983409703], [55.31948179079572, -21.07701439044726], [55.32016628896568, -21.077206788914722], [55.32073858801287, -21.077363750324185], [55.32086044231154, -21.07739657045064], [55.32091038950509, -21.077405194069883], [55.32092432660772, -21.07744959205816], [55.32092112529031, -21.077477561661635], [55.32082278047029, -21.083318917882135], [55.32059422770986, -21.083659445240414], [55.320573758518414, -21.083982160330418], [55.3205741042174, -21.087804786008775], [55.32057305546685, -21.088839918337886], [55.32057301422713, -21.089271678991903], [55.32057346646647, -21.09060129063192], [55.32058225982068, -21.09213060635987], [55.32053874992468, -21.092148240822556], [55.31963070075537, -21.09227202648799], [55.31912110958718, -21.092311010950354], [55.3160509785395, -21.092332169155668], [55.31395298963582, -21.092190386307205], [55.311570242014916, -21.09221280481598], [55.308995731545636, -21.09231942645876], [55.3081631783954, -21.09266023382188], [55.30740721780721, -21.09312148335614], [55.30647896160627, -21.093668173420557], [55.305156563032085, -21.094256985646947], [55.303924314357786, -21.0944497060138], [55.301760781105436, -21.09447953976005], [55.30013893841902, -21.094441612506916], [55.29890862407068, -21.09530904883063], [55.29743276188899, -21.096522667349117], [55.29568845968805, -21.097261622086048], [55.29360085166048, -21.097887809325798], [55.29057907241243, -21.098853662218023], [55.29043903817504, -21.098894703322813], [55.29030769651104, -21.098933122195145], [55.2885942216231, -21.099370624118478], [55.28602048875503, -21.099954773368093], [55.28582371197544, -21.099991623881404]]]}";9741515;97415;974;4;974151502;Saint-Coeur-Ravine Daniel;Saint-Paul;LA REUNION;Saint-Coeur-Ravine Daniel;LA REUNION;;4;;;;;;Iris d'habitat;19950;162.205878360;81.102939180;;168.683600930;;84.341800465;162.205878360;81;81.102939180;109.736639080;;109.736639080;104.357033282;;104.357033282;109.736639080;109;109.736639080;649.811295267;222.457144812;767.168613261;109.923942672;109.126576856;109.049206044;109.126576856;53.079301504;59.634394886;53.079301504;136.030170487;137.101286149;136.030170487;99.562863289;103.188190132;99.562863289;80.944167445;84.933555030;80.944167445;109.736639080;104.357033282;109.736639080;99.562863289;;99.562863289;103.188190132;;103.188190132;99.562863289;99;99.562863289;216.974337932;;108.487168966;222.034841179;;111.017420589;216.974337932;108;108.487168966;6300;;;271.942517440;;90.647505813;273.040634212;;91.013544737;271.942517440;90;90.647505813;316.537201221;;105.512400407;325.223031311;;108.407677104;316.537201221;105;105.512400407;Polygon;15646.25;1;1706.891073109;1077.344209269;25.008330028;522.159703989;222.382062558;0.342341148;0.143285245;0.631173381;0.201883935;0.085980143;15646.25;6300;588.479718661;;598.263665523;;588.479718661;98;0.313710150;0.313932729;0.313710150;0.269945611;0.240272824;0.269945611;0.463995141;0.460370138;0.463995141;0.202770319;0.195646357;0.202770319;0.106221542;0.101232243;0.106221542;14258;14993;14258
Saint-Paul;LA REUNION;CA Territoire de la Côte Ouest (Tco);LA REUNION;1993.390734377;100.711983597;102.607430327;100.711983597;Non;974150501;97415;69;249740101;-20.9797123702, 55.3391453081;"{""type"": ""Polygon"", ""coordinates"": [[[55.31885573402676, -20.969052776567896], [55.32150567079889, -20.969440209645157], [55.32365490272616, -20.96979874042039], [55.32540612509651, -20.970405348574957], [55.326862073592295, -20.970584047428225], [55.32824108118523, -20.970677070864113], [55.3303100881921, -20.970815686824896], [55.33087226305092, -20.970853712631037], [55.331081751518326, -20.970868410476193], [55.33350440576421, -20.9710312267491], [55.33638864620768, -20.971110897604696], [55.33861317457029, -20.972059370373522], [55.34221089445238, -20.972849557813717], [55.34378884019184, -20.973133179041977], [55.34502885748757, -20.973100967128016], [55.34606704126246, -20.97314446963185], [55.34681683856554, -20.97317613508161], [55.34931778115198, -20.97357253691045], [55.35093640076655, -20.974271096001466], [55.35149544924937, -20.974683888767803], [55.35178215594791, -20.974761635521855], [55.35168326307377, -20.975535699494436], [55.35143869708906, -20.976701283690808], [55.35133159799176, -20.9768203844743], [55.35091705898016, -20.977085551789195], [55.35045442606581, -20.977351155607348], [55.34989454563295, -20.97762665556448], [55.34993472853652, -20.979082233535895], [55.35167554672644, -20.9804477009538], [55.35215497684279, -20.980668225323555], [55.353574111819206, -20.981323282602204], [55.35488684408536, -20.982122730383967], [55.35502094823694, -20.982260422087528], [55.355174197353435, -20.982406428175377], [55.355202850163835, -20.98242477063678], [55.35500242388838, -20.98245896653116], [55.35472305790265, -20.98241200704182], [55.35441766520579, -20.982282596460337], [55.35419670335824, -20.98217206696833], [55.35392891625365, -20.98203398605082], [55.35363267510805, -20.98185949820206], [55.35212071836273, -20.98238865575909], [55.3522344157122, -20.983597450416944], [55.35251357272989, -20.985421952691667], [55.352196561054704, -20.987574255507724], [55.35138614552294, -20.990429376830253], [55.350813980995056, -20.993482812678657], [55.350840848501235, -20.993838967407235], [55.35099238767451, -20.994228848028655], [55.35126847065513, -20.994664195739183], [55.3517549139759, -20.995301206020933], [55.352136924555325, -20.995725835371566], [55.35255712074633, -20.99617702880494], [55.35300521154838, -20.996716109939758], [55.353167356849845, -20.996929047561068], [55.35339614439329, -20.997292575168704], [55.353642999790246, -20.99776286501575], [55.35381388440067, -20.998143897839284], [55.3539280133251, -20.99843766622102], [55.35394703334011, -20.9986329599348], [55.35380139804025, -20.99875620498587], [55.35362692772105, -20.998789745693085], [55.35353142320512, -20.99881501720512], [55.35339687091614, -20.998717064057683], [55.35120581564193, -20.99712865468249], [55.349110174754806, -20.995352358239288], [55.346755206461964, -20.99376501658203], [55.34483344601795, -20.99206081685702], [55.34459900831741, -20.991645285408584], [55.34419228011638, -20.991066390528903], [55.34409275194262, -20.990933543221402], [55.344004640836935, -20.99089926479576], [55.342938720159616, -20.990046131290505], [55.34197044878838, -20.98923549358727], [55.34121542398897, -20.98853803211316], [55.33865505840692, -20.986276996900436], [55.33742399846183, -20.984708176746416], [55.3363068582205, -20.983016034684674], [55.334651159303434, -20.98099891359876], [55.33322412104241, -20.979307961074287], [55.33261704060821, -20.978503519678796], [55.332245308814926, -20.97772486594667], [55.331186035192715, -20.97646073921463], [55.33111862160606, -20.976382396719984], [55.331092958347824, -20.97635504690576], [55.33103397890025, -20.97629665917303], [55.33098350374934, -20.976251903943236], [55.330881541747466, -20.976166899932803], [55.330795877473776, -20.976086571953225], [55.327963717245936, -20.974948668762273], [55.32784873426212, -20.97491050581084], [55.32769634849106, -20.974862942862273], [55.327605245447145, -20.974839466618235], [55.32738645754977, -20.974795767969354], [55.32730857608643, -20.974794100074654], [55.327259493073136, -20.97479723129182], [55.32680368992787, -20.974878567025844], [55.32672558722516, -20.97489676882796], [55.32642085918759, -20.974970554415183], [55.32623537234798, -20.975045510943065], [55.326110467717335, -20.975121062492846], [55.325931309513756, -20.97523221199656], [55.32585091103793, -20.975283812132552], [55.32556577792838, -20.975497796846156], [55.32551722359587, -20.97553977371875], [55.32543464997108, -20.975613934222466], [55.32537147992326, -20.97567292967776], [55.3253247782862, -20.975721247648814], [55.3252750810197, -20.975779472220182], [55.32523682261482, -20.975846842008465], [55.3251924320425, -20.975946669524035], [55.32517152316238, -20.976010596737225], [55.325115623117505, -20.976107601241104], [55.32505511616593, -20.976186494861498], [55.3250006205411, -20.976243768880597], [55.324963675858406, -20.97627953676709], [55.32491998966565, -20.976316141636794], [55.32488027079084, -20.976341946164723], [55.32481835381338, -20.9763747586328], [55.32476421041697, -20.976400421292542], [55.32461074696344, -20.97644949572189], [55.32395692669168, -20.976607461125965], [55.323863396395524, -20.976629122869173], [55.32376132219004, -20.976640764436077], [55.32366123169039, -20.976647005793822], [55.32354215032938, -20.97663138154305], [55.3224432076499, -20.976429972070928], [55.32232612049383, -20.97640804368156], [55.32202287021898, -20.97634905387743], [55.32186944295064, -20.97630870169944], [55.32177752985598, -20.976271665203797], [55.32168596984013, -20.976203017438944], [55.321579255844426, -20.97611344495784], [55.32149846559915, -20.976027740940506], [55.32051869609458, -20.97549011965397], [55.319010004051684, -20.975036699554508], [55.31895819774266, -20.975025349071338], [55.31891503592792, -20.975014987147098], [55.31820117120682, -20.975124464353048], [55.317267401265056, -20.974603086708644], [55.31499290979057, -20.9730603948736], [55.31484031851893, -20.972945976355863], [55.31465282661665, -20.97277069306972], [55.31445717699954, -20.972551068423606], [55.31421526034751, -20.972255110731755], [55.31435638454271, -20.972019848880525], [55.31446558258842, -20.971887244423037], [55.314568423484566, -20.97180696695715], [55.314621746834604, -20.971768653570635], [55.31478196952551, -20.971716945063115], [55.31557423516092, -20.971732908444583], [55.31667870732032, -20.97177995432743], [55.31693221466641, -20.97172826202848], [55.31706765661499, -20.971570623251086], [55.317078537546536, -20.97154363243949], [55.31715817518887, -20.971302341000438], [55.31717947987372, -20.971117379812277], [55.31717648652803, -20.970525704395335], [55.31713536425589, -20.969989655516294], [55.316962268474434, -20.969129833612218], [55.3167873450094, -20.96851929774984], [55.31653540582892, -20.967916130449677], [55.31631878509584, -20.967508419437344], [55.31622696714207, -20.96712000682508], [55.316163986471366, -20.966732782373384], [55.3161725394234, -20.966741899640283], [55.318272650709005, -20.968563770216242], [55.31885573402676, -20.969052776567896]]]}";9741505;97415;974;4;974150501;Sans Souci;Saint-Paul;LA REUNION;Sans Souci;LA REUNION;;4;;;;;;Iris d'habitat;19950;171.957048642;85.978524321;;180.116626356;;90.058313178;171.957048642;85;85.978524321;109.736639080;;109.736639080;104.357033282;;104.357033282;109.736639080;109;109.736639080;534.309853835;176.470600646;602.460907183;108.436136799;105.281147494;105.206503094;105.281147494;66.675901147;74.910123262;66.675901147;140.540560005;141.647190941;140.540560005;115.415503658;119.618063827;115.415503658;66.622150196;69.905667555;66.622150196;109.736639080;104.357033282;109.736639080;115.415503658;;115.415503658;119.618063827;;119.618063827;115.415503658;115;115.415503658;207.162710201;;103.581355100;211.552858496;;105.776429248;207.162710201;103;103.581355100;8790;;;281.693687721;;93.897895907;284.473659639;;94.824553213;281.693687721;93;93.897895907;322.578213859;;107.526071286;331.170922323;;110.390307441;322.578213859;107;107.526071286;Polygon;15646.25;1;1267.580533229;826.591001012;17.627494932;466.510013478;141.066432066;0.330277646;0.179988669;0.652101369;0.234028385;0.070767075;15646.25;8790;604.271901581;;615.644581962;;604.271901581;100;0.313710150;0.313932729;0.313710150;0.269945611;0.240272824;0.269945611;0.463995141;0.460370138;0.463995141;0.202770319;0.195646357;0.202770319;0.106221542;0.101232243;0.106221542;14258;14993;14258
Saint-Paul;LA REUNION;CA Territoire de la Côte Ouest (Tco);LA REUNION;2660.204421589;86.810303269;89.968206495;86.810303269;Non;974151203;97415;69;249740101;-21.0456834063, 55.2232153224;"{""type"": ""Polygon"", ""coordinates"": [[[55.226227093222455, -21.053527765286802], [55.226042469463586, -21.05359899919528], [55.226005174563795, -21.05349835050352], [55.22564797340563, -21.05367978259272], [55.22506305495862, -21.053996126080364], [55.224735686787334, -21.0541769646278], [55.2241540128576, -21.054543919799634], [55.22397190637774, -21.054727178754163], [55.22389182583499, -21.054826600390964], [55.22377338781546, -21.054996073142505], [55.22365746593435, -21.05503460307684], [55.22321512895393, -21.055092299253808], [55.2225709029463, -21.05489226619369], [55.22252978003955, -21.054871061431555], [55.222522512417996, -21.054834855998624], [55.22253932906057, -21.054796192919408], [55.22259515134507, -21.054794970652758], [55.222641191914555, -21.05480719451815], [55.222709274613415, -21.054826874909246], [55.22331279279157, -21.055051772164195], [55.22335315749186, -21.05505580735699], [55.22369237971079, -21.05501148413589], [55.22384641494959, -21.0548423837224], [55.223969612064124, -21.05459618570788], [55.22403347878204, -21.054403561285223], [55.22410509792767, -21.054125210564212], [55.224116004666534, -21.054016936409173], [55.22405539495277, -21.05361075016415], [55.22399606182584, -21.053421353647618], [55.223943343030285, -21.053323253012625], [55.22376404287354, -21.05302692344605], [55.223592844663855, -21.052777646673093], [55.22345943302023, -21.05258747524427], [55.22281471865279, -21.051700076984446], [55.221944575260004, -21.050674831961352], [55.22091093622232, -21.04923960898513], [55.22028394074119, -21.048159096037676], [55.21889404280901, -21.045616378290767], [55.21819512303668, -21.044437555780444], [55.21796713054999, -21.04403051599769], [55.21734970034875, -21.042473187207474], [55.21717691228418, -21.04203601579703], [55.217108390804135, -21.041811294931286], [55.21673525142473, -21.040343237903784], [55.21657051978411, -21.039552986245912], [55.21652599769513, -21.03900967560086], [55.21671263135255, -21.037960270051904], [55.21682127582736, -21.037723859526988], [55.21711429584232, -21.037193122444044], [55.21716430746737, -21.037032871417047], [55.217244360211815, -21.036773579733005], [55.21733533301963, -21.036728469022563], [55.21745045160275, -21.036675482399676], [55.21761365756291, -21.0366239032376], [55.21779107798758, -21.036590537653858], [55.21798262698951, -21.036582610582126], [55.21812598110735, -21.036582307125702], [55.21858594571076, -21.03665577469119], [55.218628976374966, -21.036677903343346], [55.21869773310874, -21.036721076015933], [55.21888768234539, -21.036847713135785], [55.21988604799088, -21.03873328871621], [55.22169451192862, -21.040043276902082], [55.22219363084515, -21.040395913765323], [55.22279644614063, -21.04075628764429], [55.223866617289666, -21.04137987062078], [55.224021497072485, -21.041462780657614], [55.22417833315909, -21.041543001298642], [55.22432086792353, -21.041612233524702], [55.224444451922054, -21.041656880242616], [55.22446562662717, -21.041656198260267], [55.22447827181783, -21.041644588316462], [55.22449193254114, -21.041628472801122], [55.2245085542084, -21.041606065568182], [55.22452715340312, -21.041579162813925], [55.224579060124555, -21.04150202682901], [55.22470547039882, -21.04130824847711], [55.22634010177761, -21.04220236128422], [55.22844446421779, -21.04373091412035], [55.23038567912233, -21.046530406416167], [55.230193407849576, -21.047005313211514], [55.22950913164738, -21.04693947305736], [55.229213251343765, -21.046859614143443], [55.22781918729254, -21.046729463693985], [55.226632796945175, -21.046652954274695], [55.22651734227575, -21.046652652337684], [55.226208699045564, -21.046797560955742], [55.22597864246422, -21.04696858022142], [55.22575732812553, -21.047213755811], [55.22576619931964, -21.047277074993264], [55.22577561634139, -21.047294334828102], [55.225785984699776, -21.047312507833947], [55.22587214952519, -21.04742992514354], [55.225968138193025, -21.04753028351205], [55.2263916769184, -21.047920387702927], [55.22800722768963, -21.04929526321391], [55.23016484944347, -21.051943918980527], [55.23022062049721, -21.052191083883038], [55.22917365520214, -21.052606499911676], [55.22906541152906, -21.052646920271204], [55.22902483349498, -21.052660948980265], [55.22900937621217, -21.052666207235745], [55.22827744182303, -21.052803995181666], [55.2279361621357, -21.052860048576267], [55.22774817280737, -21.052890603694028], [55.2262940437869, -21.05348059296128], [55.226227093222455, -21.053527765286802]]]}";9741512;97415;974;4;974151203;St-Gilles Les Bains Centre;Saint-Paul;LA REUNION;St-Gilles Les Bains Centre;LA REUNION;;4;;;;;;Iris d'habitat;19950;189.843132254;94.921566127;;205.690521796;;102.845260898;189.843132254;94;94.921566127;109.736639080;;109.736639080;104.357033282;;104.357033282;109.736639080;109;109.736639080;744.620281166;142.887900225;1225.487738743;425.673078813;61.169090451;61.125721527;61.169090451;128.674041803;144.564800269;128.674041803;31.957909567;32.209549460;31.957909567;85.679462884;88.799261235;85.679462884;103.644675830;108.752873197;103.644675830;109.736639080;104.357033282;109.736639080;85.679462884;;85.679462884;88.799261235;;88.799261235;85.679462884;85;85.679462884;135.602585397;;67.801292699;140.962422657;;70.481211328;135.602585397;67;67.801292699;35496;;;299.579771334;;99.859923778;310.047555078;;103.349185026;299.579771334;99;99.859923778;221.282048281;;73.760682760;229.761683892;;76.587227964;221.282048281;73;73.760682760;Polygon;15646.25;1;1968.094799527;291.835291308;62.628686545;462.164017785;292.869813126;0.191893645;0.347349929;0.148283147;0.173732520;0.110092973;15646.25;35496;520.861819615;;539.809238970;;520.861819615;86;0.313710150;0.313932729;0.313710150;0.269945611;0.240272824;0.269945611;0.463995141;0.460370138;0.463995141;0.202770319;0.195646357;0.202770319;0.106221542;0.101232243;0.106221542;14258;14993;14258
Saint-Paul;LA REUNION;CA Territoire de la Côte Ouest (Tco);LA REUNION;2451.192251048;96.159413817;98.751529669;96.159413817;Non;974151102;97415;69;249740101;-21.0534691202, 55.2736485751;"{""type"": ""Polygon"", ""coordinates"": [[[55.280975697687715, -21.06525312249658], [55.28095385815427, -21.065227610241752], [55.280668134719974, -21.064885996584835], [55.28054278826539, -21.064740206480575], [55.280426482411094, -21.06464509009599], [55.2803271843882, -21.064577243535187], [55.2801979759501, -21.06451631997461], [55.280052254882115, -21.064468777852113], [55.27993226339247, -21.064443174378905], [55.27972832387106, -21.064437495091603], [55.27959312082855, -21.06447948129561], [55.2795121838699, -21.064488596918626], [55.27919998611565, -21.064441173485758], [55.27893610512722, -21.06437617421169], [55.27873003794173, -21.064304534649917], [55.27868027513162, -21.064280545543138], [55.27857501809721, -21.064228896162835], [55.27846541799616, -21.064136556274942], [55.27830189938011, -21.063963280003502], [55.27815217377559, -21.06376214261758], [55.27661973333994, -21.062384489101028], [55.274618868645426, -21.060992128326394], [55.274553921565285, -21.06094991876427], [55.274462697697054, -21.060891635238143], [55.27384661984028, -21.060536266533838], [55.273522359294724, -21.06036767480599], [55.27310970733765, -21.060187344579948], [55.272552210837205, -21.05996760339449], [55.27246981070786, -21.059936957814333], [55.272377025189805, -21.059889044752243], [55.27229577500248, -21.05984215225969], [55.27223271168783, -21.059803574044345], [55.27210472345656, -21.059720979095683], [55.271971511399094, -21.059632459763492], [55.27136592207947, -21.059203122762096], [55.27128581212378, -21.05914088615496], [55.27119343447049, -21.059057749838452], [55.27048609421079, -21.058399303101872], [55.27014219714529, -21.057873037629165], [55.269411071250005, -21.056336164933143], [55.26829221141161, -21.053656557180854], [55.26662978369457, -21.053009582547563], [55.26380160161698, -21.05182860247858], [55.263758789651966, -21.05178661540315], [55.263712777174604, -21.05177169308778], [55.26421251925544, -21.05107678209605], [55.2649201832225, -21.050124760406778], [55.26501869263108, -21.050010150541265], [55.26503624024917, -21.049990458258414], [55.265068386447446, -21.049956463068437], [55.26516675956732, -21.04985359396214], [55.26520568208383, -21.049816054944028], [55.2652406725621, -21.04978570176352], [55.26526884479049, -21.04976250495007], [55.2652932105801, -21.049735656260324], [55.26532148744322, -21.04970342800292], [55.26542682494493, -21.04958075833256], [55.26560634694964, -21.049366714464895], [55.266022308623235, -21.048842559213373], [55.26673344273679, -21.047921274379423], [55.26819087152729, -21.046031180011994], [55.26832135197149, -21.045813923059725], [55.26835102814569, -21.045743771891793], [55.26836908659658, -21.04567982507165], [55.268373101904324, -21.04566541396776], [55.268377879664726, -21.04558507325762], [55.268357371483845, -21.0454448602197], [55.268261169516, -21.04486128233434], [55.26823726356296, -21.044765293989386], [55.268200861536954, -21.04466827502366], [55.26818767497126, -21.04464375282074], [55.267937540338565, -21.044308806486036], [55.267862604814944, -21.04421591090751], [55.2677749539388, -21.044140950703206], [55.267637350327654, -21.044059158404274], [55.26752044969675, -21.04376802272515], [55.26755986675609, -21.043188537063322], [55.26759374519082, -21.043004619128546], [55.26762195411463, -21.042645412537478], [55.2676931483069, -21.04206354094205], [55.267770525231406, -21.041778902151258], [55.26781933569288, -21.04163487940903], [55.267887658053354, -21.041467570982782], [55.26802196046911, -21.041169060220206], [55.26813320644013, -21.040950703770374], [55.26821294697504, -21.04079435055465], [55.268415368716276, -21.040845188925623], [55.269115091355204, -21.041406011252892], [55.2697439966929, -21.042017595291867], [55.27069078576091, -21.043430210737938], [55.2728022244089, -21.04505654214161], [55.27516090528107, -21.04635589804139], [55.2772699598428, -21.046608529782784], [55.277926831129555, -21.046131947669846], [55.278012558001066, -21.04612378401173], [55.27798515301657, -21.046164152730103], [55.27732406714822, -21.047425169111037], [55.276904998268684, -21.048306560362125], [55.27593339650372, -21.04979294330471], [55.275189901345485, -21.050854396689147], [55.27509605762759, -21.051065708389665], [55.274952756195965, -21.051393940721283], [55.27481035372476, -21.051727601534196], [55.27467775887712, -21.05204510323729], [55.274615335625946, -21.05220163525306], [55.27441684683074, -21.052726215571305], [55.27439265699118, -21.05290481395239], [55.27446340453008, -21.05294437257167], [55.27451619499412, -21.052955747895822], [55.274607479815174, -21.05296661098368], [55.274705520163856, -21.05297573613604], [55.2747699391268, -21.05298000347267], [55.2748401827352, -21.05297981367777], [55.274891350920925, -21.052964978063592], [55.277582621757546, -21.05367876360977], [55.2789808096554, -21.054717227434026], [55.28118127034789, -21.055232687871857], [55.283484550186564, -21.055761805418346], [55.2835448737634, -21.05578770626181], [55.283932440876555, -21.05597408053996], [55.28401949694434, -21.056018316460733], [55.284070178787424, -21.05604592622201], [55.284047739287224, -21.05607279719087], [55.28404482185052, -21.056075477482857], [55.28220097872594, -21.058691634160134], [55.28066882609507, -21.06164422356956], [55.28105379175564, -21.064905257028], [55.2810751849917, -21.064969604688553], [55.281091798482926, -21.06503119419108], [55.28109512828158, -21.065076390622398], [55.28108853530755, -21.065147680965843], [55.281059036809566, -21.065202480816577], [55.281001780355524, -21.06524435404756], [55.280975697687715, -21.06525312249658]]]}";9741511;97415;974;4;974151102;St-Gilles Les Hauts Centre et Hauts;Saint-Paul;LA REUNION;St-Gilles Les Hauts Centre et Hauts;LA REUNION;;4;;;;;;Iris d'habitat;19950;166.875768646;83.437884323;;177.665391095;;88.832695547;166.875768646;83;83.437884323;109.736639080;;109.736639080;104.357033282;;104.357033282;109.736639080;109;109.736639080;655.959610633;162.678014215;876.149058089;207.709825162;79.053880428;78.997831177;79.053880428;87.821888218;98.667559918;87.821888218;91.376012446;92.095516639;91.376012446;68.044838592;70.522517234;68.044838592;140.923224137;147.868719762;140.923224137;109.736639080;104.357033282;109.736639080;68.044838592;;68.044838592;70.522517234;;70.522517234;68.044838592;68;68.044838592;232.299236583;;116.149618291;239.964236400;;119.982118200;232.299236583;116;116.149618291;17790;;;276.612407726;;92.204135909;282.022424377;;94.007474792;276.612407726;92;92.204135909;300.344075175;;100.114691725;310.486753635;;103.495584545;300.344075175;100;100.114691725;Polygon;15646.25;1;1805.436841015;765.469576599;19.595636842;338.202603931;366.920982135;0.248000047;0.237071333;0.423980257;0.137974736;0.149690822;15646.25;17790;576.956482901;;592.509178011;;576.956482901;96;0.313710150;0.313932729;0.313710150;0.269945611;0.240272824;0.269945611;0.463995141;0.460370138;0.463995141;0.202770319;0.195646357;0.202770319;0.106221542;0.101232243;0.106221542;14258;14993;14258
Saint-Paul;LA REUNION;CA Territoire de la Côte Ouest (Tco);LA REUNION;1430.493500239;97.995951057;101.918221350;97.995951057;Non;974151204;97415;69;249740101;-21.0666332286, 55.2238123387;"{""type"": ""MultiPolygon"", ""coordinates"": [[[[55.226227093222455, -21.053527765286802], [55.2262940437869, -21.05348059296128], [55.22774817280737, -21.052890603694028], [55.2279361621357, -21.052860048576267], [55.22827744182303, -21.052803995181666], [55.22900937621217, -21.052666207235745], [55.22902483349498, -21.052660948980265], [55.229045625102785, -21.052692779053874], [55.229440692410364, -21.05386478313644], [55.229659930610815, -21.05473101460675], [55.22928360045137, -21.054862125382627], [55.22922289241629, -21.0547883302618], [55.229163916263005, -21.054730811441146], [55.22910087808241, -21.054691314982822], [55.228806586505826, -21.054597922530185], [55.22819151509577, -21.054454215178808], [55.228130946569195, -21.0544499703645], [55.22807848079415, -21.054492778354668], [55.2276256789478, -21.0548656064883], [55.227475015281485, -21.054994100153316], [55.227365112056816, -21.055093212309334], [55.22712246031261, -21.05535171471172], [55.22701596627281, -21.05548789486716], [55.22689862152813, -21.055646542554644], [55.22676136051243, -21.05586188605005], [55.22534610401778, -21.05812054614729], [55.2245006190701, -21.059472883048613], [55.223826162035735, -21.061898691057095], [55.223769198002415, -21.06426501979148], [55.22376102761812, -21.064628937550168], [55.22379993342362, -21.064837088371377], [55.22415170931321, -21.065804067302935], [55.22485013979685, -21.066265246920555], [55.22557590843891, -21.06661245051395], [55.225982531620524, -21.0669319290396], [55.22605106637147, -21.06707625949908], [55.22607061840796, -21.067131561113165], [55.22652577227692, -21.06834936070995], [55.226695937049776, -21.068931014979892], [55.22680648151983, -21.069428045514005], [55.22685854918807, -21.06982510935464], [55.22692203164804, -21.070395713428645], [55.22696842431291, -21.071271432172217], [55.22697337050914, -21.073856991834106], [55.227277747134345, -21.074807212445254], [55.22732860221519, -21.074982067842598], [55.227274236247176, -21.07502214549149], [55.22702595073605, -21.07510355253423], [55.22683273627118, -21.075166566700275], [55.2251672604989, -21.075706451828662], [55.22301443488924, -21.076360443978082], [55.22147459579346, -21.07681308997239], [55.221006333579204, -21.075445204948227], [55.22052646245094, -21.07549798064147], [55.22051850102962, -21.07527750864749], [55.22040295941439, -21.07447422739666], [55.22038381156259, -21.074061701354236], [55.22031034874394, -21.07239130713576], [55.22031644255798, -21.07139420305073], [55.22048558900786, -21.069957127874847], [55.220676323778456, -21.068565440021647], [55.221003206859024, -21.067053241969617], [55.22107166142151, -21.06663756908672], [55.22130179803178, -21.065087323330808], [55.221346778718825, -21.064784308328495], [55.22143084842402, -21.064188152068603], [55.22157189966112, -21.063129233964162], [55.22163799323384, -21.062385662075283], [55.221649493288886, -21.062227716702207], [55.22171999688781, -21.06091063763625], [55.22178479687748, -21.0596684669411], [55.22202949568126, -21.057538494309036], [55.22252049986153, -21.056219493034867], [55.22329615901198, -21.055966574735585], [55.22469500373506, -21.055335390039897], [55.22545692343368, -21.05486102505077], [55.22633463439655, -21.054115088374587], [55.226256188617185, -21.053670780392256], [55.226227093222455, -21.053527765286802]]], [[[55.224110759275824, -21.055350959522034], [55.224390331017766, -21.05498174983474], [55.224546814638714, -21.054768415814284], [55.22471727046264, -21.054512775612707], [55.22485158237902, -21.054302822431758], [55.22516570649791, -21.054102877331633], [55.22550218507643, -21.05428974993167], [55.22551326961732, -21.054328704866002], [55.225366055251456, -21.054571943519466], [55.22527122312851, -21.05469830879244], [55.22440191519259, -21.055302970975465], [55.22433026530418, -21.055340609360513], [55.22411358123754, -21.05535640843898], [55.224110759275824, -21.055350959522034]]]]}";9741512;97415;974;4;974151204;St-Gilles-l'Ermitage;Saint-Paul;LA REUNION;St-Gilles-l'Ermitage;LA REUNION;;4;;;;;;Iris d'habitat;19950;214.403229924;107.201614962;;232.871475611;;116.435737806;214.403229924;107;107.201614962;109.736639080;;109.736639080;104.357033282;;104.357033282;109.736639080;109;109.736639080;420.175268328;85.003697756;709.906598118;287.291847463;64.487978277;64.442256260;64.487978277;149.915251647;168.429219351;149.915251647;40.336292010;40.653904154;40.336292010;68.976882220;71.488498846;68.976882220;154.522663108;162.138416205;154.522663108;109.736639080;104.357033282;109.736639080;68.976882220;;68.976882220;71.488498846;;71.488498846;68.976882220;68;68.976882220;194.858955119;;97.429477559;202.792320359;;101.396160180;194.858955119;97;97.429477559;29666;;;324.139869004;;108.046623001;337.228508893;;112.409502964;324.139869004;108;108.046623001;263.835837339;;87.945279113;274.280819205;;91.426939735;263.835837339;87;87.945279113;MultiPolygon;15646.25;1;1135.156755031;212.454161550;50.181432647;200.075464040;234.795989620;0.202305333;0.404689643;0.187158435;0.139864644;0.164136355;15646.25;29666;587.975706343;;611.509328098;;587.975706343;97;0.313710150;0.313932729;0.313710150;0.269945611;0.240272824;0.269945611;0.463995141;0.460370138;0.463995141;0.202770319;0.195646357;0.202770319;0.106221542;0.101232243;0.106221542;14258;14993;14258
Saint-Paul;LA REUNION;CA Territoire de la Côte Ouest (Tco);LA REUNION;4573.146400706;97.607853278;100.049110674;97.607853278;Non;974151601;97415;69;249740101;-21.0643937305, 55.3007285887;"{""type"": ""Polygon"", ""coordinates"": [[[55.280975697687715, -21.06525312249658], [55.281001780355524, -21.06524435404756], [55.281059036809566, -21.065202480816577], [55.28108853530755, -21.065147680965843], [55.28109512828158, -21.065076390622398], [55.281091798482926, -21.06503119419108], [55.2810751849917, -21.064969604688553], [55.28105379175564, -21.064905257028], [55.28066882609507, -21.06164422356956], [55.28220097872594, -21.058691634160134], [55.28404482185052, -21.056075477482857], [55.284047739287224, -21.05607279719087], [55.284070178787424, -21.05604592622201], [55.284132457904605, -21.056069136857264], [55.28487211817292, -21.05607533289037], [55.28550307041153, -21.055951103366713], [55.28634212726965, -21.05532187208003], [55.28721255901681, -21.0541365459364], [55.287262640394914, -21.053207598845315], [55.28793068667559, -21.052280122330856], [55.288778117035086, -21.051357363420518], [55.29041440160635, -21.04987832417053], [55.29209960789689, -21.04748176505793], [55.2921493844239, -21.047419940511578], [55.29226523478514, -21.047385877927347], [55.29440587707183, -21.04875595016419], [55.2963133263936, -21.049652156570556], [55.29654724347732, -21.04972766651101], [55.29675885425271, -21.04990321450227], [55.29672604686323, -21.049995921476057], [55.29655703037452, -21.050558765000574], [55.29654071190321, -21.050639894868876], [55.29659889052985, -21.05102346102068], [55.296625048184396, -21.051092371171862], [55.296671749056344, -21.051131679696724], [55.29941479319557, -21.053352283360727], [55.30014337357766, -21.05401444147456], [55.300597689260165, -21.054425455701438], [55.30104426080327, -21.05475600102206], [55.30166231692416, -21.055153295022336], [55.30246236138934, -21.055624667033804], [55.30351884065274, -21.05588452389252], [55.305887781801395, -21.05648806588659], [55.30786590844596, -21.05702084076182], [55.309638736993534, -21.058436749796876], [55.309744372758416, -21.05854077345676], [55.309859538384174, -21.058653021290752], [55.309922428405265, -21.058707843102717], [55.31041825739769, -21.059025306760255], [55.310528324011365, -21.05907788794546], [55.31066616067797, -21.05914248777157], [55.31196172288714, -21.059708169733838], [55.31297699019154, -21.06012834184687], [55.31443413486809, -21.060873554590803], [55.316445017318, -21.061988489192604], [55.31801101911586, -21.06300460356556], [55.318311105670695, -21.063702640393906], [55.31932029246799, -21.0648394596818], [55.31936694291513, -21.064884181597726], [55.31942519049857, -21.064924501959386], [55.319487428958546, -21.064952216056444], [55.31942101523736, -21.065039175635892], [55.31949045733567, -21.065453559641828], [55.31956993106365, -21.06566029133769], [55.31995279808183, -21.066443149055264], [55.32065074745718, -21.068733064291433], [55.32077703933155, -21.074968666353158], [55.32090497089255, -21.07737352610727], [55.32091038950509, -21.077405194069883], [55.32086044231154, -21.07739657045064], [55.32073858801287, -21.077363750324185], [55.32016628896568, -21.077206788914722], [55.31948179079572, -21.07701439044726], [55.31941171728721, -21.0769983409703], [55.3190588364334, -21.076970457723785], [55.318998223259506, -21.07696895405061], [55.31806592124694, -21.076947070635054], [55.317973522578114, -21.076947961359], [55.317532546836894, -21.076966171588843], [55.31746793214779, -21.076978176685692], [55.31740521150238, -21.076992910334702], [55.316021504425215, -21.07733845887517], [55.3133891153968, -21.077298541376404], [55.3116404018945, -21.07726173186081], [55.310761518914134, -21.077175530531363], [55.31001354847602, -21.076618673375535], [55.30901899693179, -21.075889768751345], [55.30774165497925, -21.07523391327921], [55.30672663276876, -21.074784803497213], [55.30426948857624, -21.074169291103754], [55.30126123142521, -21.073399908840603], [55.29797272388836, -21.072652258426732], [55.29537463870049, -21.073347888501957], [55.29527780717077, -21.073400208190098], [55.29516185434081, -21.073441496645934], [55.29410113742272, -21.07371265506125], [55.2938495079807, -21.073752578806936], [55.29361056280505, -21.073777274316797], [55.29337381009224, -21.073778506827725], [55.29313575153919, -21.07372553040899], [55.292942172798185, -21.07365403264109], [55.29286465409119, -21.073616219369313], [55.29045166060255, -21.072386986373754], [55.28932510493679, -21.07168374111206], [55.287928935630234, -21.07011290180053], [55.28600543494985, -21.06870440317936], [55.28400047777804, -21.06757618437098], [55.2810973311749, -21.065387132423623], [55.280975697687715, -21.06525312249658]]]}";9741516;97415;974;4;974151601;Tan Rouge;Saint-Paul;LA REUNION;Tan Rouge;LA REUNION;;4;;;;;;Iris d'habitat;19950;163.595356043;81.797678021;;174.251434731;;87.125717366;163.595356043;81;81.797678021;109.736639080;;109.736639080;104.357033282;;104.357033282;109.736639080;109;109.736639080;1204.863846133;290.541798350;1570.023236170;367.571274471;76.867379724;76.812880704;76.867379724;86.727976318;97.438554028;86.727976318;115.688777827;116.599723254;115.688777827;95.604235377;99.085418916;95.604235377;101.022111342;106.001053859;101.022111342;109.736639080;104.357033282;109.736639080;95.604235377;;95.604235377;99.085418916;;99.085418916;95.604235377;95;95.604235377;216.710889169;;108.355444585;222.600777114;;111.300388557;216.710889169;108;108.355444585;10336;;;273.331995122;;91.110665041;278.608468013;;92.869489338;273.331995122;91;91.110665041;312.315124546;;104.105041515;321.686196030;;107.228732010;312.315124546;104;104.105041515;Polygon;15646.25;1;3195.117663168;1715.108192355;41.946332573;886.536500250;490.731738489;0.241140772;0.234118366;0.536790307;0.193857013;0.107307244;15646.25;10336;585.647119668;;600.294664044;;585.647119668;97;0.313710150;0.313932729;0.313710150;0.269945611;0.240272824;0.269945611;0.463995141;0.460370138;0.463995141;0.202770319;0.195646357;0.202770319;0.106221542;0.101232243;0.106221542;14258;14993;14258
Saint-Paul;LA REUNION;CA Territoire de la Côte Ouest (Tco);LA REUNION;3344.474292898;100.974989741;103.368373925;100.974989741;Non;974151403;97415;69;249740101;-21.0800689181, 55.2824611275;"{""type"": ""Polygon"", ""coordinates"": [[[55.268866474036464, -21.06997149943416], [55.268909449161605, -21.06999993845053], [55.27144679651923, -21.07152338536096], [55.272258034010086, -21.07194036593629], [55.27337111163504, -21.07238660802777], [55.27616831974839, -21.073498039864376], [55.27801291234134, -21.0730994625523], [55.277907400453515, -21.069810552453728], [55.27792907982024, -21.06834569625132], [55.2779518337713, -21.06812463010437], [55.27798614989862, -21.067985877254657], [55.278035975467716, -21.067837345932688], [55.2781115354408, -21.067626751157214], [55.278387633348125, -21.066881657787395], [55.27903025269073, -21.06522618700771], [55.27909469581935, -21.065061544824157], [55.27915928016228, -21.0649682610784], [55.27923402240237, -21.064912113660622], [55.279307459571015, -21.064885760353313], [55.27982833370113, -21.064778131891533], [55.279915137340325, -21.064760946277968], [55.27997479231137, -21.06476155065646], [55.2800651331046, -21.064771498420644], [55.28018511449972, -21.06479800496749], [55.28027040563635, -21.06482867631645], [55.280355582600784, -21.064869282263427], [55.280434830810776, -21.064923376933677], [55.28050063972445, -21.06497462569418], [55.2805909981739, -21.06506676949814], [55.28069169157198, -21.065180696022974], [55.28075535833612, -21.06525089134026], [55.280810988343404, -21.06526680999897], [55.28087248486698, -21.065274658755932], [55.28093126092797, -21.065268027875945], [55.280975697687715, -21.06525312249658], [55.2810973311749, -21.065387132423623], [55.28400047777804, -21.06757618437098], [55.28600543494985, -21.06870440317936], [55.287928935630234, -21.07011290180053], [55.28932510493679, -21.07168374111206], [55.29045166060255, -21.072386986373754], [55.29286465409119, -21.073616219369313], [55.292942172798185, -21.07365403264109], [55.29313575153919, -21.07372553040899], [55.293213119149584, -21.07386089388513], [55.29333587043757, -21.074067167820473], [55.29341789145944, -21.07413212390314], [55.29352115409024, -21.074190970727816], [55.29407728987519, -21.074466392520876], [55.29515737109138, -21.075511052016857], [55.29600764234116, -21.076871534112474], [55.29605238531154, -21.078898443573095], [55.29662055253212, -21.081569211809608], [55.296760640047, -21.082366388661654], [55.29675718104029, -21.08300766723628], [55.29666940358447, -21.08386939745008], [55.29635909986407, -21.084495852447255], [55.29530139331345, -21.086935655734305], [55.29438518990451, -21.089131404986702], [55.29337027296924, -21.0906910558171], [55.29147419718683, -21.090272727671152], [55.29130966685718, -21.090268360482987], [55.29051602604401, -21.090276621973842], [55.28998221979418, -21.090371502306194], [55.289193811834764, -21.090805243311493], [55.28822385641936, -21.091291343411758], [55.287184638036635, -21.091606023094663], [55.286125622425814, -21.091129245941634], [55.284530013025126, -21.09044561068047], [55.284426463577425, -21.090411142964435], [55.284327528824285, -21.090393883675294], [55.28422365790097, -21.090387413431806], [55.28413313532254, -21.090391917200343], [55.28403853513262, -21.090416251231726], [55.283980472872905, -21.090443664641562], [55.283919284934214, -21.090491821222017], [55.28335322906956, -21.09096391369362], [55.280906033128176, -21.091352816436384], [55.27971291567288, -21.091114906040726], [55.27965257411928, -21.091173005329654], [55.279578749257375, -21.091231871074932], [55.27950022702452, -21.09128075336928], [55.27941508273794, -21.0913196326816], [55.27893508432284, -21.09146334735282], [55.27842914329218, -21.09160318427185], [55.277381071631886, -21.091891066711575], [55.276146050047245, -21.09219872030144], [55.274708193161054, -21.092526430877655], [55.27463390420257, -21.092541933612484], [55.27450270076901, -21.092568599506905], [55.274467993456376, -21.09257366588079], [55.27444906982832, -21.092545472613104], [55.27442904821902, -21.092529010413752], [55.27439459132315, -21.092512401336652], [55.2743417662639, -21.0925028313505], [55.27339407402129, -21.090475327360892], [55.27245287823773, -21.08722217626072], [55.27229267377078, -21.086677691900626], [55.271905906392284, -21.085335137110288], [55.27186269394298, -21.085160369827637], [55.271843770303704, -21.08504907740777], [55.27182325632479, -21.084908864811972], [55.271792694804724, -21.08438918519899], [55.271792693444866, -21.084306086257644], [55.27179370386469, -21.084052283517508], [55.271813269416675, -21.083775185304265], [55.27182370703724, -21.083704838183962], [55.27185515845591, -21.08364825385581], [55.27190498743092, -21.08358372747091], [55.27138526738537, -21.083003063087713], [55.27134293707431, -21.083001728536757], [55.271338261435645, -21.08298993865686], [55.27132216368536, -21.082967193404986], [55.27129731130889, -21.08295248819082], [55.271199586132916, -21.082914459193695], [55.271071967360086, -21.08288154500557], [55.27012407400889, -21.08166965854408], [55.268808536425254, -21.07863216438048], [55.268197389740436, -21.07780487525766], [55.26794831645802, -21.074965229232554], [55.26757030242066, -21.073620046525534], [55.267358731848056, -21.07153138208853], [55.2683747978996, -21.06996558107753], [55.268540370461764, -21.070044046282817], [55.26863821215562, -21.070071238525887], [55.268736336193115, -21.070074045857613], [55.26879812644758, -21.07005661107814], [55.26883013014688, -21.07003525949218], [55.268866474036464, -21.06997149943416]]]}";9741514;97415;974;4;974151403;Vue Belle et Hauts;Saint-Paul;LA REUNION;Vue Belle et Hauts;LA REUNION;;4;;;;;;Iris d'habitat;19950;177.557110833;88.778555417;;187.681140346;;93.840570173;177.557110833;88;88.778555417;109.736639080;;109.736639080;104.357033282;;104.357033282;109.736639080;109;109.736639080;903.800882395;269.448687961;1165.985777829;259.746694705;95.033066181;94.965687677;95.033066181;82.524044653;92.715452670;82.524044653;115.618729247;116.529123105;115.618729247;100.706757800;104.373736634;100.706757800;102.230701487;107.269210180;102.230701487;109.736639080;104.357033282;109.736639080;100.706757800;;100.706757800;104.373736634;;104.373736634;100.706757800;100;100.706757800;217.849430734;;108.924715367;223.798333285;;111.899166642;217.849430734;108;108.924715367;10848;;;287.293749913;;95.764583304;292.038173629;;97.346057876;287.293749913;95;95.764583304;318.556188534;;106.185396178;328.172069919;;109.390689973;318.556188534;106;106.185396178;Polygon;15646.25;1;2343.654168072;1257.289101963;15.963279165;682.953067846;363.179899867;0.298128375;0.222770037;0.536465285;0.204203414;0.108591027;15646.25;10848;605.849938447;;620.210243548;;605.849938447;100;0.313710150;0.313932729;0.313710150;0.269945611;0.240272824;0.269945611;0.463995141;0.460370138;0.463995141;0.202770319;0.195646357;0.202770319;0.106221542;0.101232243;0.106221542;14258;14993;14258
Saint-Paul;LA REUNION;CA Territoire de la Côte Ouest (Tco);LA REUNION;4839.808345754;95.385411031;97.534733312;95.385411031;Non;974151101;97415;69;249740101;-21.0392765634, 55.2548663641;"{""type"": ""Polygon"", ""coordinates"": [[[55.264463394472784, -21.039809490750834], [55.26514354848051, -21.0412273137485], [55.265271872722636, -21.041362304943686], [55.26539197834716, -21.041459275614272], [55.26557644536996, -21.041565032403383], [55.26591707380062, -21.041728384254604], [55.26677198946315, -21.042180602883686], [55.2668749579737, -21.042262042516576], [55.26749966391306, -21.04290339896231], [55.26759374519082, -21.043004619128546], [55.26755986675609, -21.043188537063322], [55.26752044969675, -21.04376802272515], [55.267637350327654, -21.044059158404274], [55.2677749539388, -21.044140950703206], [55.267862604814944, -21.04421591090751], [55.267937540338565, -21.044308806486036], [55.26818767497126, -21.04464375282074], [55.268200861536954, -21.04466827502366], [55.26823726356296, -21.044765293989386], [55.268261169516, -21.04486128233434], [55.268357371483845, -21.0454448602197], [55.268377879664726, -21.04558507325762], [55.268373101904324, -21.04566541396776], [55.26836908659658, -21.04567982507165], [55.26835102814569, -21.045743771891793], [55.26832135197149, -21.045813923059725], [55.26819087152729, -21.046031180011994], [55.26673344273679, -21.047921274379423], [55.266022308623235, -21.048842559213373], [55.26560634694964, -21.049366714464895], [55.26542682494493, -21.04958075833256], [55.26532148744322, -21.04970342800292], [55.2652932105801, -21.049735656260324], [55.26526884479049, -21.04976250495007], [55.2652406725621, -21.04978570176352], [55.26520568208383, -21.049816054944028], [55.26516675956732, -21.04985359396214], [55.265068386447446, -21.049956463068437], [55.26503624024917, -21.049990458258414], [55.26501869263108, -21.050010150541265], [55.2649201832225, -21.050124760406778], [55.26421251925544, -21.05107678209605], [55.263712777174604, -21.05177169308778], [55.263662100950754, -21.051744077594797], [55.26213723356236, -21.051559575895514], [55.2599128568254, -21.050629942589232], [55.25801519352203, -21.04899548608959], [55.256914172725246, -21.04786326238776], [55.25514327120095, -21.046833446734077], [55.252015139553144, -21.045279321804173], [55.25122339915224, -21.04469309721673], [55.249715960581646, -21.04426027587729], [55.24949122571304, -21.04422544385371], [55.24933834751307, -21.044216642787063], [55.24924883655657, -21.044219333470977], [55.249098708263986, -21.044304498001303], [55.24602004466707, -21.04313736717261], [55.245997875880185, -21.043140751308066], [55.24588907234238, -21.043147757321695], [55.245731163430165, -21.043157869269788], [55.2454664384817, -21.043169587868693], [55.24533651280196, -21.043172762445046], [55.24521240157898, -21.043172383994893], [55.24507971685016, -21.04316469095699], [55.244956715851814, -21.043151678376677], [55.244847225502575, -21.0431351922928], [55.244631183883776, -21.043097734062904], [55.24373090685976, -21.042909589009206], [55.242197914731726, -21.042444373935385], [55.24092395792968, -21.041961052751738], [55.24046825173398, -21.040949219650866], [55.24112858844909, -21.039283250662148], [55.24182688234103, -21.037578831152928], [55.24224234493934, -21.036153677027134], [55.242411895800686, -21.034457853666424], [55.24313434596358, -21.03323329795628], [55.244318080550194, -21.03155826795003], [55.255583477515465, -21.027788467596856], [55.255631915605804, -21.027842256258285], [55.25675774264321, -21.028897056299087], [55.25762835550485, -21.02956264344647], [55.25844267760993, -21.029608923844], [55.25917950693491, -21.029783571624737], [55.259247511047995, -21.02980955895975], [55.25937360620027, -21.029886723056663], [55.25952282390394, -21.030126708807966], [55.26021947726341, -21.031193352223386], [55.260981560454, -21.03201136550831], [55.261075496834835, -21.03204123047258], [55.261150998855385, -21.032084455578083], [55.26124453707377, -21.032148639899226], [55.26136268806879, -21.032247399432183], [55.2614883986701, -21.03235797846234], [55.26193631492259, -21.032890960468855], [55.26257629289871, -21.033994049434845], [55.26310661923608, -21.036091398356096], [55.26360073319735, -21.03845031876386], [55.264463394472784, -21.039809490750834]]]}";9741511;97415;974;4;974151101;l'Eperon-Tamatave;Saint-Paul;LA REUNION;l'Eperon-Tamatave;LA REUNION;;4;;;;;;Iris d'habitat;19950;195.649444083;97.824722042;;206.118243247;;103.059121624;195.649444083;97;97.824722042;109.736639080;;109.736639080;104.357033282;;104.357033282;109.736639080;109;109.736639080;1298.281019262;449.015534871;1690.549903641;389.742746521;110.246316655;110.168151946;110.246316655;85.403127428;95.950091301;85.403127428;98.821233891;99.599362529;98.821233891;97.610571325;101.164810454;97.610571325;70.494577808;73.968950360;70.494577808;109.736639080;104.357033282;109.736639080;97.610571325;;97.610571325;101.164810454;;101.164810454;97.610571325;97;97.610571325;169.315811700;;84.657905850;173.568312889;;86.784156445;169.315811700;84;84.657905850;10918;;;305.386083163;;101.795361054;310.475276529;;103.491758843;305.386083163;101;101.795361054;266.926383025;;88.975461008;274.733123343;;91.577707781;266.926383025;88;88.975461008;Polygon;15646.25;1;3105.509568459;1423.956020556;55.992955020;957.920357024;362.406918207;0.345853885;0.230541994;0.458525723;0.197925267;0.074880428;15646.25;10918;572.312466188;;585.208399872;;572.312466188;95;0.313710150;0.313932729;0.313710150;0.269945611;0.240272824;0.269945611;0.463995141;0.460370138;0.463995141;0.202770319;0.195646357;0.202770319;0.106221542;0.101232243;0.106221542;14258;14993;14258
Saint-Paul;LA REUNION;CA Territoire de la Côte Ouest (Tco);LA REUNION;2064.935518693;103.407726779;105.817919976;103.407726779;Non;974150201;97415;69;249740101;-20.9929811098, 55.2834456317;"{""type"": ""Polygon"", ""coordinates"": [[[55.2784108180457, -20.997373587590292], [55.278414903254045, -20.9973528539287], [55.27876123489173, -20.996676201472756], [55.279096365156626, -20.995885624037598], [55.27935054920326, -20.99527578288196], [55.279534617295745, -20.994741106480408], [55.279866296882574, -20.99366325505797], [55.28024198512146, -20.991849689335684], [55.28038332771623, -20.99076178392367], [55.280406460833184, -20.990421488044138], [55.28061427034323, -20.988736294224978], [55.28101628613205, -20.985880626129376], [55.28113273797863, -20.985285648610876], [55.28183030022589, -20.98542998369519], [55.28248472684056, -20.98581414879339], [55.28388295621774, -20.986673698988216], [55.28682372503306, -20.988435769572252], [55.28879775839905, -20.989707543367746], [55.28885404588404, -20.98974785267443], [55.28870029615589, -20.989904378741848], [55.28846738652049, -20.99025521402315], [55.288052466410676, -20.991047721582166], [55.28790421474044, -20.991396697273583], [55.287874529304375, -20.99146956313412], [55.287862597452396, -20.991503767173885], [55.28785353013159, -20.99153980654627], [55.28782313286976, -20.991759445608206], [55.28789568637918, -20.99189160011048], [55.28791258530344, -20.99192790059964], [55.287923713952075, -20.991964143062205], [55.2879428904621, -20.992053759018834], [55.287959927307796, -20.99216232199839], [55.287974845083234, -20.992288025680402], [55.28798585422191, -20.99241910963971], [55.287986984727524, -20.99248867232162], [55.28798622268975, -20.992555506180683], [55.28797673310049, -20.992628575123064], [55.287964409833606, -20.99269709924958], [55.28794729855436, -20.99276376869794], [55.28764412540338, -20.99358223796338], [55.28734410662419, -20.994250344799127], [55.286431406606695, -20.99597045744261], [55.28604607335764, -20.996696414459112], [55.28575609877863, -20.99724177491517], [55.2855624571358, -20.99760564600295], [55.28507394340994, -20.99852205249331], [55.284975652536836, -20.99870623090641], [55.28487544821577, -20.99888948670192], [55.28477330980079, -20.999073626192242], [55.28467021968467, -20.99925685274975], [55.28456520578406, -20.999440059837422], [55.28445635489274, -20.99962232490568], [55.28434752437231, -20.999802783566864], [55.2842358289372, -20.99998140673566], [55.28412125825708, -21.000159097563724], [55.28400381232456, -21.000335856044757], [55.28388347047884, -21.000513488487222], [55.28377002595293, -21.000676738190652], [55.28338650470002, -21.00040098875403], [55.283291030599706, -21.00033860401369], [55.28321846331316, -21.000291805725443], [55.28249740545508, -20.99984102980401], [55.28203131184315, -20.999552701916524], [55.281308213713345, -20.999112739870004], [55.280053066319184, -20.99834945189453], [55.279345233548156, -20.997921378754587], [55.27851119004988, -20.99742789505555], [55.2784748820003, -20.997406752875808], [55.2784108180457, -20.997373587590292]]]}";9741502;97415;974;4;974150201;l'Etang;Saint-Paul;LA REUNION;l'Etang;LA REUNION;;4;;;;;;Iris d'habitat;19950;176.551385558;88.275692779;;186.287550920;;93.143775460;176.551385558;88;88.275692779;109.736639080;;109.736639080;104.357033282;;104.357033282;109.736639080;109;109.736639080;565.651123791;172.403541007;735.783111887;157.696541207;97.155850251;97.086966692;97.155850251;79.395535307;89.200584229;79.395535307;125.814189755;126.804863725;125.814189755;89.678762194;92.944184793;89.678762194;118.665384088;124.513887137;118.665384088;109.736639080;104.357033282;109.736639080;89.678762194;;89.678762194;92.944184793;;92.944184793;89.678762194;89;89.678762194;244.479573843;;122.239786921;251.318750862;;125.659375431;244.479573843;122;122.239786921;12227;;;286.288024638;;95.429341546;290.644584202;;96.881528067;286.288024638;95;95.429341546;334.158336036;;111.386112012;344.262935655;;114.754311885;334.158336036;111;111.386112012;Polygon;15646.25;1;1486.464824487;867.756137174;20.027233980;375.491822715;260.281406822;0.304787764;0.214324763;0.583771727;0.181841912;0.126048201;15646.25;12227;620.446360674;;634.907519858;;620.446360674;103;0.313710150;0.313932729;0.313710150;0.269945611;0.240272824;0.269945611;0.463995141;0.460370138;0.463995141;0.202770319;0.195646357;0.202770319;0.106221542;0.101232243;0.106221542;14258;14993;14258
Saint-Philippe;LA REUNION;CA du Sud;LA REUNION;2179.199832557;92.036945905;91.288840849;92.036945905;Non;974170201;97417;69;249740085;-21.3621159064, 55.7220513631;"{""type"": ""Polygon"", ""coordinates"": [[[55.73703839460759, -21.34934756077096], [55.73783864361038, -21.351499971773315], [55.738204924512466, -21.352531656860375], [55.738484571124765, -21.353320588655247], [55.738967211140036, -21.355292645960144], [55.73897742956653, -21.35635236981594], [55.739056314229956, -21.35772698015786], [55.73999513367018, -21.358174192099717], [55.74046178135638, -21.358354526859078], [55.74178852083365, -21.358716786259635], [55.74396458296099, -21.35984692840126], [55.744241212952524, -21.362946412920778], [55.743943405510656, -21.365554233524197], [55.74342175925253, -21.368595572817593], [55.74348972150152, -21.36888154488165], [55.743431690707666, -21.368900984471214], [55.74159260626004, -21.3690073535894], [55.738746111023914, -21.369066387310493], [55.738541237679826, -21.369002515592793], [55.737969720439885, -21.368845550884497], [55.736746210834255, -21.368694518837884], [55.73624077746804, -21.36864780431276], [55.73442534317702, -21.36886403137219], [55.730870190290055, -21.36979746065797], [55.73055088218165, -21.369583659309523], [55.73033121343743, -21.3694464935118], [55.73011372154368, -21.369392453152475], [55.72983045912919, -21.36936049883245], [55.729612235090684, -21.369391368246248], [55.72802550601295, -21.369701398940062], [55.72760565936703, -21.3697948761848], [55.727206622052854, -21.369935484909295], [55.72599869234328, -21.370436718757546], [55.72424037473432, -21.371626185825562], [55.72229113224421, -21.372614085574963], [55.720174310228515, -21.37343356221057], [55.71746855514339, -21.374571009646075], [55.717362737178085, -21.374650599676873], [55.71724169361608, -21.374706585954815], [55.71644794355751, -21.37492906583754], [55.71618868370317, -21.374964120192367], [55.715636860933024, -21.375037586216237], [55.715353519382894, -21.375074011185617], [55.71453090455317, -21.37511764664803], [55.7136859624504, -21.37512743224534], [55.712898400828344, -21.375082548981776], [55.7098011358155, -21.375577652358608], [55.70730197467052, -21.376265550676063], [55.70395288609052, -21.376428348439752], [55.70055970844363, -21.376345194146666], [55.70042901388919, -21.376401093204926], [55.70079819957722, -21.375986603061236], [55.70093095801664, -21.37580605695192], [55.701102347192005, -21.375619486282147], [55.70112762833535, -21.375596194793737], [55.70117819059805, -21.37554961180406], [55.702777311127676, -21.374228631836907], [55.70457858338239, -21.372837830771317], [55.70507006806773, -21.371693831173996], [55.70544887271237, -21.37060151687177], [55.705214177427315, -21.370092021072043], [55.70512876715148, -21.368837505705464], [55.705229641590144, -21.36811379325664], [55.7054087579455, -21.367540189378648], [55.70563609707666, -21.366966053718116], [55.7056133679904, -21.365821327379482], [55.7050846984662, -21.36331947266547], [55.704737142021116, -21.36248570454352], [55.70426103191008, -21.36138461960807], [55.703415735219274, -21.360210793007123], [55.702477355493315, -21.359192124876586], [55.70098562805505, -21.357799022323366], [55.70087947861067, -21.357697928706322], [55.700762881700996, -21.357578687093703], [55.70070582236843, -21.357487910105718], [55.70037996363356, -21.356876978918432], [55.70015701982787, -21.356296654546746], [55.69993512956253, -21.355651748203602], [55.699930037349084, -21.355573116910804], [55.69995478906947, -21.35550013679121], [55.699985206732734, -21.355440750852026], [55.70100307766367, -21.355163167372364], [55.70104330364364, -21.354975580653043], [55.70105686501944, -21.354749846750888], [55.70106105638677, -21.35471193825171], [55.70530130644162, -21.354911803379988], [55.70770386989395, -21.354309702897808], [55.709721896012034, -21.353790432155513], [55.71312281260966, -21.352929428896157], [55.71660967509608, -21.35205004116045], [55.71688801133032, -21.351978995696804], [55.719203448711276, -21.351405871573917], [55.72140584017339, -21.350967809995723], [55.72265182953413, -21.350842238076993], [55.7242232180175, -21.350276481539396], [55.72516841562201, -21.34969695379667], [55.72637875597593, -21.34928694637409], [55.7283873345672, -21.349289517322273], [55.73134756957788, -21.349302868161224], [55.734385023422, -21.349307715019428], [55.734682983653435, -21.34930815310288], [55.73701941195899, -21.349312186798237], [55.73703839460759, -21.34934756077096]]]}";9741702;97417;974;4;974170201;Basse Vallée-Le Baril;Saint-Philippe;LA REUNION;Basse Vallee-Le Baril;LA REUNION;;4;;;;;;Iris d'habitat;1280;143.013314369;71.506657185;;150.185427836;;75.092713918;143.013314369;71;71.506657185;85.912002618;;85.912002618;91.556093394;;91.556093394;85.912002618;85;85.912002618;625.117257710;118.625823412;820.050711647;182.679385118;60.490779477;68.296720471;60.490779477;82.522534892;81.888707365;82.522534892;116.034834904;107.617776876;116.034834904;98.519303843;101.880433403;98.519303843;108.742219696;96.493313588;108.742219696;85.912002618;91.556093394;85.912002618;98.519303843;;98.519303843;101.880433403;;101.880433403;98.519303843;98;98.519303843;224.777054600;;112.388527300;204.111090464;;102.055545232;224.777054600;112;112.388527300;;;;228.925316988;;76.308438996;241.741521230;;80.580507077;228.925316988;76;76.308438996;323.296358443;;107.765452814;305.991523867;;101.997174622;323.296358443;107;107.765452814;Polygon;12249.333333333;1;1532.471603615;825.076574366;21.949502032;435.334188181;251.714278852;0.189765715;0.222765961;0.538395995;0.199767906;0.115507663;12249.333333333;12249.333333333;552.221675431;;547.733045097;;552.221675431;92;0.313710150;0.277854799;0.313710150;0.269945611;0.272035020;0.269945611;0.463995141;0.500285372;0.463995141;0.202770319;0.196080739;0.202770319;0.106221542;0.119705354;0.106221542;14258;13379.047619048;14258
Saint-Philippe;LA REUNION;CA du Sud;LA REUNION;3053.693946979;97.739455692;97.564810560;97.739455692;Non;974170101;97417;69;249740085;-21.3371201414, 55.7811046515;"{""type"": ""Polygon"", ""coordinates"": [[[55.73703839460759, -21.34934756077096], [55.737115687266176, -21.349330074615636], [55.741827259315976, -21.34796611817195], [55.74668466129255, -21.34656607561641], [55.74691795612475, -21.347594041964147], [55.750359867106, -21.347091211598784], [55.75282668217961, -21.346725612267058], [55.75440803696241, -21.347074302174633], [55.756463047860365, -21.3472864621386], [55.75902769243564, -21.347326205572404], [55.76139803870305, -21.347308468317237], [55.76173208276226, -21.347145614010266], [55.76192431452257, -21.34704766002059], [55.76211864891037, -21.346928943742558], [55.763068712396475, -21.34632435919055], [55.76401342975317, -21.345666430596086], [55.7645442794721, -21.345491467649335], [55.764594516708115, -21.345480093250863], [55.764873384846375, -21.345456849339985], [55.766314341249455, -21.34546777869196], [55.76837671766055, -21.346534332777654], [55.76951528701794, -21.34743135999701], [55.772067787463726, -21.34719438298515], [55.77331418034216, -21.346781613341868], [55.77432962299936, -21.346426772001053], [55.77775159355045, -21.34529357655179], [55.77930731173297, -21.344668911002856], [55.7820915743231, -21.342749567797565], [55.784169684809676, -21.340393252169978], [55.78675075143462, -21.338894232513063], [55.78797772869718, -21.337603158388877], [55.78870666305119, -21.336490899895786], [55.79179891731977, -21.33378133760774], [55.79181136143119, -21.331672936666546], [55.791721554200436, -21.330865572085553], [55.79146926662489, -21.328000040952404], [55.790764640349096, -21.31997565831169], [55.79081358501601, -21.320003111720712], [55.79061730949457, -21.31748216846126], [55.790442418572454, -21.316235147007344], [55.790294995756405, -21.31575439085087], [55.79005466334064, -21.31519979226728], [55.789773226101076, -21.31295557313708], [55.79005013432288, -21.310457002925293], [55.79043260621097, -21.306484869277252], [55.79051043432519, -21.30416102402062], [55.79051587437934, -21.30373195607419], [55.79049062516888, -21.301163455534816], [55.7905091880171, -21.298895192572804], [55.79047674330477, -21.298383644163234], [55.790237230351046, -21.295140581080535], [55.790207402469626, -21.292778016974975], [55.79047044842829, -21.29078794445618], [55.790702670137016, -21.28749767846959], [55.79072941388833, -21.28752768226259], [55.79083385938639, -21.28760341336308], [55.79199634445791, -21.288013312918466], [55.79390096737641, -21.288550479961927], [55.79628798589935, -21.28956806362835], [55.79840323078961, -21.289871806363315], [55.80038709372313, -21.289910331027503], [55.80163065408432, -21.289961210157685], [55.80199271027818, -21.29000760130687], [55.80231503263055, -21.29008035894525], [55.80302102915013, -21.29026786447438], [55.80331226051442, -21.290371114362323], [55.804100749327766, -21.29084738259663], [55.80439330414291, -21.291025621287734], [55.80452057094142, -21.291141255395523], [55.80467345344771, -21.291307661032917], [55.80480586135543, -21.291502829593238], [55.80489788190673, -21.29168596729287], [55.80504081272861, -21.29189114766059], [55.805384157309575, -21.292226031411616], [55.80588558585689, -21.292441885365445], [55.80593752578566, -21.292455804629085], [55.805917043612716, -21.29248547115007], [55.80515775785108, -21.29560987067448], [55.80520671602697, -21.296820966248532], [55.80486556309353, -21.299260643316885], [55.804670860068946, -21.301575161684582], [55.80459424366056, -21.303248073252302], [55.804693148112925, -21.305083554299046], [55.8048494426488, -21.30625997054851], [55.804444739776656, -21.307666490872457], [55.80404105719054, -21.3090054888357], [55.80386327758812, -21.309678635704692], [55.80437602784159, -21.311789925176907], [55.80461664912931, -21.313584326371927], [55.804838690994636, -21.317001153578918], [55.805150708217305, -21.319784442523655], [55.80552644620868, -21.32273666446665], [55.80596908658951, -21.325882232999643], [55.80637142613482, -21.32703871246506], [55.80658857537235, -21.32748923636615], [55.807227079945555, -21.32853446727141], [55.807629644688696, -21.329187760296186], [55.808350428627286, -21.330127955895108], [55.80855001157251, -21.33174725204265], [55.807878677643956, -21.334106197642928], [55.80735032653767, -21.33589114989748], [55.806894470208654, -21.336758324645363], [55.805989357440644, -21.33779440094868], [55.80527237370743, -21.338637582009923], [55.80449377412321, -21.339586920437515], [55.80377011584364, -21.340834762209997], [55.80292227459544, -21.341998849759616], [55.80210771509734, -21.343094925055905], [55.800683280176855, -21.345018903130192], [55.80036140605574, -21.345469199118476], [55.80023888646741, -21.345713140530354], [55.799985739629044, -21.34622982495894], [55.799663820993814, -21.346941244524107], [55.79943158424341, -21.347514135257644], [55.799319270100504, -21.34768858841882], [55.79922767552244, -21.347805373223462], [55.799029919339034, -21.34805148584615], [55.79879530795048, -21.348323532698068], [55.79861727683115, -21.348515582976344], [55.7972729787238, -21.349942337710512], [55.796743705235414, -21.35045799055637], [55.79599700426383, -21.350674984066202], [55.79529345607038, -21.35086224630829], [55.794003679390805, -21.351570725250596], [55.79243638137926, -21.352782639016578], [55.79003478022515, -21.354421697877584], [55.78723910708112, -21.356419178574054], [55.784565092525774, -21.35827936669472], [55.783522464824344, -21.35905775352294], [55.782512679151225, -21.36026431675754], [55.78132052364585, -21.361367977532915], [55.779488569978945, -21.36213925095576], [55.77770993701222, -21.362990840346075], [55.77737976303404, -21.363149688418538], [55.77715898128567, -21.363258292027137], [55.776153767466724, -21.3637613732039], [55.776049968465074, -21.363834693102607], [55.775273693523744, -21.364465458229695], [55.773546188947584, -21.365135344519906], [55.771510476848825, -21.365263869686945], [55.76987620176481, -21.365345839094523], [55.76854978357753, -21.36525477446072], [55.76707271293719, -21.364881623595718], [55.765247842490034, -21.364038699644823], [55.76279532870232, -21.363728500749506], [55.75922031480071, -21.363560738837133], [55.758692459787135, -21.36342900994462], [55.757087211434786, -21.36308988770526], [55.75648677902795, -21.362988103370842], [55.756354659560664, -21.36298802807628], [55.75612079072722, -21.363045917787314], [55.75605312812418, -21.36306438718742], [55.75592441579989, -21.363117635541805], [55.75496338327332, -21.363520188671668], [55.75418612869539, -21.364085802851978], [55.753929920471634, -21.36439014305703], [55.75367169079848, -21.364705308222597], [55.753436803844515, -21.3651109830454], [55.75322582513774, -21.365540322597383], [55.75248740717549, -21.366471628605364], [55.75122408596196, -21.367091881861846], [55.75015832714169, -21.36744348967148], [55.74823849392023, -21.367833440008184], [55.74485524371531, -21.36849608785092], [55.744189901636624, -21.368649725223364], [55.74349649509962, -21.3688788854951], [55.74348972150152, -21.36888154488165], [55.74342175925253, -21.368595572817593], [55.743943405510656, -21.365554233524197], [55.744241212952524, -21.362946412920778], [55.74396458296099, -21.35984692840126], [55.74178852083365, -21.358716786259635], [55.74046178135638, -21.358354526859078], [55.73999513367018, -21.358174192099717], [55.739056314229956, -21.35772698015786], [55.73897742956653, -21.35635236981594], [55.738967211140036, -21.355292645960144], [55.738484571124765, -21.353320588655247], [55.738204924512466, -21.352531656860375], [55.73783864361038, -21.351499971773315], [55.73703839460759, -21.34934756077096]]]}";9741701;97417;974;4;974170101;Centre-Mare Longue-Est;Saint-Philippe;LA REUNION;Centre-Mare Longue-Est;LA REUNION;;4;;;;;;Iris d'habitat;1280;172.533352701;86.266676351;;183.198853492;;91.599426746;172.533352701;86;86.266676351;85.912002618;;85.912002618;91.556093394;;91.556093394;85.912002618;85;85.912002618;862.190503124;237.208402694;1126.179414256;257.900308402;87.699731500;99.016810486;87.699731500;84.833621201;84.182043006;84.833621201;125.734773044;116.614090607;125.734773044;99.113712415;102.495121088;99.113712415;103.142893374;91.524704779;103.142893374;85.912002618;91.556093394;85.912002618;99.113712415;;99.113712415;102.495121088;;102.495121088;99.113712415;99;99.113712415;228.877666418;;114.438833209;208.138795386;;104.069397693;228.877666418;114;114.438833209;;;;258.445355320;;86.148451773;274.754946887;;91.584982296;258.445355320;86;86.148451773;327.991378832;;109.330459611;310.633916474;;103.544638825;327.991378832;109;109.330459611;Polygon;12249.333333333;1;2104.633365904;1227.849918276;28.900772174;613.710615506;334.562622638;0.275122959;0.229004637;0.583403237;0.200973191;0.109559972;12249.333333333;12249.333333333;586.436734152;;585.388863361;;586.436734152;97;0.313710150;0.277854799;0.313710150;0.269945611;0.272035020;0.269945611;0.463995141;0.500285372;0.463995141;0.202770319;0.196080739;0.202770319;0.106221542;0.119705354;0.106221542;14258;13379.047619048;14258
Saint-Pierre;LA REUNION;CA Civis (Communauté Intercommunale des Villes Solidaires);LA REUNION;4929.437120632;98.664399068;100.573990934;98.664399068;Non;974160501;97416;69;249740077;-21.3028186894, 55.4605067665;"{""type"": ""Polygon"", ""coordinates"": [[[55.460267836151964, -21.294307195193305], [55.46053306841022, -21.294567962879704], [55.4618873270592, -21.297804193824785], [55.46302657046413, -21.29906430080012], [55.46561427333269, -21.30141435097127], [55.46882262164997, -21.300754366822], [55.471567424151104, -21.29939005452799], [55.47158660649988, -21.299399261707553], [55.47177807520459, -21.299525655366676], [55.471545261884934, -21.299668971275377], [55.470458726696506, -21.30080989536407], [55.470202291921396, -21.301512133528632], [55.46981761703992, -21.30256381061737], [55.46951560138134, -21.303039681613168], [55.46886393644549, -21.304022858789637], [55.46854839242932, -21.304335236170562], [55.468228397854915, -21.304611892281216], [55.46704630458424, -21.306071612028198], [55.46711551086211, -21.308007620869812], [55.46411611835019, -21.311031580413083], [55.46332273182093, -21.31205589204716], [55.46329591271088, -21.312039387779155], [55.46219681013661, -21.309928288222643], [55.46222134370808, -21.30979392219989], [55.46228129037095, -21.30940605520702], [55.46232898871495, -21.30899097747008], [55.4623267271331, -21.308930436310238], [55.462317351939504, -21.308905058465314], [55.462263099122445, -21.30883862228401], [55.46217446764343, -21.308741159909268], [55.461511707421, -21.308052211853724], [55.461454450866285, -21.307996587456074], [55.4613702256736, -21.307938909789858], [55.46132135211795, -21.30791136403632], [55.45996889332485, -21.30727029779397], [55.45990453301413, -21.307248932905374], [55.45984007855642, -21.307236600033374], [55.45967713413448, -21.307240527862078], [55.459601908007635, -21.30724435549216], [55.4595131316938, -21.30725347874486], [55.4592689614648, -21.30728195445878], [55.459202306196794, -21.307295796597902], [55.45911435235786, -21.30731847652021], [55.459037945661635, -21.307343068750452], [55.45898371655352, -21.307366960816374], [55.45897497609017, -21.307373203777754], [55.45893519505698, -21.307398131470283], [55.45645541401075, -21.30583754622903], [55.45475514812351, -21.304954328592373], [55.453628673999496, -21.30473449044357], [55.45208154187093, -21.30428389952865], [55.4507606232672, -21.303354000802113], [55.45015580253986, -21.302156994078185], [55.45013390995789, -21.30213059707503], [55.450223109692175, -21.30208083459587], [55.452264675061876, -21.29986760100995], [55.453815979050894, -21.298629000674573], [55.45505550117519, -21.297846393644324], [55.45596158930349, -21.29733351138466], [55.45613014340403, -21.297252858406207], [55.45645820931739, -21.29712669729228], [55.45673971217082, -21.297029013802764], [55.45695736100356, -21.296954229902745], [55.45728243064654, -21.296837975827945], [55.45750128780328, -21.29673971671636], [55.457648486864755, -21.296673319046153], [55.457803631509535, -21.296584411786277], [55.4578860791211, -21.296534583028862], [55.45794621878608, -21.29649809918206], [55.45812774269895, -21.296375108264083], [55.458289149795014, -21.296240190065408], [55.45847013324114, -21.296076545701368], [55.45869793241602, -21.295860035710795], [55.45911421415881, -21.29545375345418], [55.45972234843512, -21.29485772818518], [55.459967914863626, -21.294600730736864], [55.460267836151964, -21.294307195193305]]]}";9741605;97416;974;4;974160501;Bois d'Olives-Est;Saint-Pierre;LA REUNION;Bois d'Olives-Est;LA REUNION;;4;;;;;;Iris d'habitat;17110;210.956680227;105.478340113;;218.234425353;;109.117212677;210.956680227;105;105.478340113;98.455448014;;98.455448014;102.783491975;;102.783491975;98.455448014;98;98.455448014;1265.883673666;469.025604402;1679.341936048;420.918165160;118.106604120;120.466239665;118.106604120;92.850076107;97.768185688;92.850076107;106.378369787;104.396653174;106.378369787;107.802885326;110.864111197;107.802885326;68.393011055;67.165263904;68.393011055;98.455448014;102.783491975;98.455448014;107.802885326;;107.802885326;110.864111197;;110.864111197;107.802885326;107;107.802885326;174.771380843;;87.385690421;171.561917077;;85.780958539;174.771380843;87;87.385690421;10038;;;309.412128241;;103.137376080;321.017917328;;107.005972443;309.412128241;103;103.137376080;282.574266169;;94.191422056;282.426028274;;94.142009425;282.574266169;94;94.191422056;Polygon;14037.777777778;1;3255.422826062;1606.845671212;96.146081723;1077.536771952;358.114294825;0.370512405;0.250644706;0.493590466;0.218592254;0.072648111;14037.777777778;10038;591.986394409;;603.443945602;;591.986394409;98;0.313710150;0.307565344;0.313710150;0.269945611;0.256366326;0.269945611;0.463995141;0.472802960;0.463995141;0.202770319;0.197171340;0.202770319;0.106221542;0.108163218;0.106221542;14258;13657.619047619;14258
Saint-Pierre;LA REUNION;CA Civis (Communauté Intercommunale des Villes Solidaires);LA REUNION;3615.508622895;97.346855628;99.095026520;97.346855628;Non;974160502;97416;69;249740077;-21.2957940578, 55.4517248561;"{""type"": ""Polygon"", ""coordinates"": [[[55.460267836151964, -21.294307195193305], [55.459967914863626, -21.294600730736864], [55.45972234843512, -21.29485772818518], [55.45911421415881, -21.29545375345418], [55.45869793241602, -21.295860035710795], [55.45847013324114, -21.296076545701368], [55.458289149795014, -21.296240190065408], [55.45812774269895, -21.296375108264083], [55.45794621878608, -21.29649809918206], [55.4578860791211, -21.296534583028862], [55.457803631509535, -21.296584411786277], [55.457648486864755, -21.296673319046153], [55.45750128780328, -21.29673971671636], [55.45728243064654, -21.296837975827945], [55.45695736100356, -21.296954229902745], [55.45673971217082, -21.297029013802764], [55.45645820931739, -21.29712669729228], [55.45613014340403, -21.297252858406207], [55.45596158930349, -21.29733351138466], [55.45505550117519, -21.297846393644324], [55.453815979050894, -21.298629000674573], [55.452264675061876, -21.29986760100995], [55.450223109692175, -21.30208083459587], [55.45013390995789, -21.30213059707503], [55.450087280798776, -21.302073260424816], [55.44915659474274, -21.300930155656804], [55.44840696818178, -21.30062877317099], [55.44759091169639, -21.3005038188876], [55.4469726463335, -21.300452046023473], [55.446195100500006, -21.300698239653695], [55.44496345127745, -21.301046821215916], [55.444848912748874, -21.301031310058598], [55.44468493230458, -21.30095120850805], [55.44454548400565, -21.300829782430455], [55.444428583283134, -21.300672433257276], [55.444393950127456, -21.300574558186785], [55.44436681809957, -21.300496624751922], [55.44422299631049, -21.299508906706244], [55.44423330054853, -21.29871320691266], [55.444445954971705, -21.29810635790403], [55.44482529666998, -21.29741343020903], [55.4463641905692, -21.295157684211752], [55.44659565541156, -21.29486896229682], [55.44672934966369, -21.29471212094814], [55.44682181660981, -21.294626258719003], [55.4482350089747, -21.293321397390304], [55.44875725609282, -21.29287637401333], [55.450530424572676, -21.291523321051724], [55.45172149292837, -21.291083539714116], [55.45392708498091, -21.289388464765207], [55.454018088749145, -21.289165284593043], [55.454592277336154, -21.289649300738343], [55.456452065925994, -21.29162289227873], [55.45775576492558, -21.292211142128316], [55.4588341802492, -21.2931459901726], [55.45894878413316, -21.293247304851135], [55.45899935405875, -21.29329654559091], [55.459053722501, -21.293351240841854], [55.45921633501692, -21.293470157418238], [55.4599461577249, -21.29400616581153], [55.460131468872, -21.294166840680564], [55.460267836151964, -21.294307195193305]]]}";9741605;97416;974;4;974160502;Bois d'Olives-Ouest;Saint-Pierre;LA REUNION;Bois d'Olives-Ouest;LA REUNION;;4;;;;;;Iris d'habitat;17110;189.816361473;94.908180737;;196.688253742;;98.344126871;189.816361473;94;94.908180737;98.455448014;;98.455448014;102.783491975;;102.783491975;98.455448014;98;98.455448014;977.766684736;295.895071842;1313.943593945;331.107755579;96.465923429;98.393202801;96.465923429;93.350438044;98.295050940;93.350438044;114.663045045;112.526993687;114.663045045;100.909964554;103.775455521;100.909964554;80.236314683;78.795964195;80.236314683;98.455448014;102.783491975;98.455448014;100.909964554;;100.909964554;103.775455521;;103.775455521;100.909964554;100;100.909964554;194.899359728;;97.449679864;191.322957882;;95.661478941;194.899359728;97;97.449679864;9894;;;288.271809487;;96.090603162;299.471745717;;99.823915239;288.271809487;96;96.090603162;295.809324282;;98.603108094;295.098413403;;98.366137801;295.809324282;98;98.603108094;Polygon;14037.777777778;1;2416.780062940;1285.801809899;45.079899690;739.788948237;308.143475232;0.302623393;0.251995411;0.532030957;0.204615457;0.085228251;14037.777777778;9894;584.081133769;;594.570159119;;584.081133769;97;0.313710150;0.307565344;0.313710150;0.269945611;0.256366326;0.269945611;0.463995141;0.472802960;0.463995141;0.202770319;0.197171340;0.202770319;0.106221542;0.108163218;0.106221542;14258;13657.619047619;14258
Saint-Pierre;LA REUNION;CA Civis (Communauté Intercommunale des Villes Solidaires);LA REUNION;2743.141287538;119.812076965;122.163365672;119.812076965;Non;974160101;97416;69;249740077;-21.3395831617, 55.4772405595;"{""type"": ""Polygon"", ""coordinates"": [[[55.47180375165315, -21.34453514704074], [55.47193476449283, -21.343615885977496], [55.4727945162118, -21.342989089979934], [55.47354571208587, -21.342142811300793], [55.474350549639, -21.33969587933965], [55.47487165567825, -21.338112171765864], [55.47556161365112, -21.33600156767895], [55.47566117133909, -21.335697158017293], [55.47588013507797, -21.33503341760178], [55.47627732807554, -21.333822090902718], [55.476353889341226, -21.33359696186669], [55.477166131326726, -21.333831953765895], [55.47754870023151, -21.333942911873244], [55.47844230101931, -21.334235542303915], [55.47984897094345, -21.334699919398744], [55.480638390236756, -21.3355606712919], [55.48181955578808, -21.33592363135502], [55.48184104060152, -21.335990669231748], [55.48188403543796, -21.336215977921746], [55.48190954105046, -21.336360735417955], [55.481925713112666, -21.33647559988193], [55.48192477424506, -21.336566824113426], [55.48189867747943, -21.33666685400272], [55.481854986312264, -21.33679021057484], [55.481665698084534, -21.33719588594074], [55.48166372351769, -21.33720038456895], [55.481593389208825, -21.33738311770376], [55.48096993563303, -21.33884804497714], [55.480940344332346, -21.33891281459403], [55.48080784129302, -21.33916166474841], [55.48053494047369, -21.339650746709776], [55.479613376618246, -21.341982396852586], [55.47944597649471, -21.342928887665543], [55.47927269883145, -21.343369932653744], [55.479233213453796, -21.343459001191473], [55.479031398854275, -21.343768810080892], [55.47902167419069, -21.343776851668224], [55.4790197553454, -21.343775931002618], [55.47854689484268, -21.343722871311257], [55.47552404477599, -21.34398874127369], [55.475292844472726, -21.34409352691308], [55.475249119280896, -21.34431262984778], [55.475277757800946, -21.345459166439618], [55.475283112672166, -21.34550076644146], [55.47531646354686, -21.34553900738807], [55.475669694016815, -21.34587914080478], [55.47569462970764, -21.345892013162402], [55.47576029078218, -21.345882672781897], [55.47655246218759, -21.345733589662807], [55.47709816354901, -21.345362768503406], [55.477819064945635, -21.34525232625289], [55.477635633620785, -21.345417299498603], [55.47686180497745, -21.346029061398845], [55.47544462959919, -21.346291708963193], [55.47489309203756, -21.346293928597575], [55.47492789866321, -21.345352563649477], [55.47495109238698, -21.34460168759822], [55.4746294151743, -21.344567151779668], [55.474488799044344, -21.34455232551439], [55.473624763774275, -21.344472213586428], [55.47338753384591, -21.3444763809176], [55.472654615580275, -21.344490494466687], [55.47245402083736, -21.344494993560684], [55.47218289830713, -21.34451330363381], [55.47198208826693, -21.34453857588036], [55.47180375165315, -21.34453514704074]]]}";9741601;97416;974;4;974160101;Centre Ville Est-La Mairie;Saint-Pierre;LA REUNION;Centre Ville Est-La Mairie;LA REUNION;;4;;;;;;Iris d'habitat;17110;288.131101289;144.065550645;;299.472728843;;149.736364422;288.131101289;144;144.065550645;98.455448014;;98.455448014;102.783491975;;102.783491975;98.455448014;98;98.455448014;678.362194613;252.884294015;1336.987762220;611.025857033;118.831519443;121.205637971;118.831519443;169.299581846;178.267090872;169.299581846;77.524132612;76.079939945;77.524132612;96.133279164;98.863128930;96.133279164;158.628500708;155.780904339;158.628500708;98.455448014;102.783491975;98.455448014;96.133279164;;96.133279164;98.863128930;;98.863128930;96.133279164;96;96.133279164;236.152633320;;118.076316660;231.860844284;;115.930422142;236.152633320;118;118.076316660;13448;;;386.586549303;;128.862183101;402.256220818;;134.085406939;386.586549303;128;128.862183101;332.285912484;;110.761970828;330.723973214;;110.241324405;332.285912484;110;110.761970828;Polygon;14037.777777778;1;1939.384044177;697.612359358;208.586642410;534.719863376;462.212831644;0.372786538;0.457016791;0.359708208;0.194929757;0.168497639;14037.777777778;13448;718.872461787;;732.980194032;;718.872461787;119;0.313710150;0.307565344;0.313710150;0.269945611;0.256366326;0.269945611;0.463995141;0.472802960;0.463995141;0.202770319;0.197171340;0.202770319;0.106221542;0.108163218;0.106221542;14258;13657.619047619;14258
Saint-Pierre;LA REUNION;CA Civis (Communauté Intercommunale des Villes Solidaires);LA REUNION;2892.015348121;119.998188047;122.327897450;119.998188047;Non;974160102;97416;69;249740077;-21.3395502651, 55.4717751881;"{""type"": ""Polygon"", ""coordinates"": [[[55.471102502568634, -21.334333325859884], [55.471209143280944, -21.334369524375468], [55.47465265337043, -21.335422438725214], [55.4755361838959, -21.335663505669537], [55.47566117133909, -21.335697158017293], [55.47556161365112, -21.33600156767895], [55.47487165567825, -21.338112171765864], [55.474350549639, -21.33969587933965], [55.47354571208587, -21.342142811300793], [55.4727945162118, -21.342989089979934], [55.47193476449283, -21.343615885977496], [55.47180375165315, -21.34453514704074], [55.47171602947841, -21.344533445706443], [55.47152982106006, -21.344545300893962], [55.471239295023054, -21.34457517565352], [55.46971296794633, -21.344393266485188], [55.46852725855284, -21.344093408462832], [55.46706960362456, -21.343427938868295], [55.467007117267414, -21.343410206182888], [55.46738768507351, -21.343344125303634], [55.467393431959984, -21.343347790888565], [55.46768047901024, -21.34346693366494], [55.467807220579175, -21.343517770570138], [55.4680454852432, -21.34359943296429], [55.46810268716689, -21.34347620397046], [55.46818491037145, -21.343264680757557], [55.46850051008085, -21.3423985937854], [55.46875758483802, -21.34169004822624], [55.468943566166935, -21.341142543093593], [55.469083072699, -21.34070662211416], [55.46920653630036, -21.340237133061933], [55.47016524986162, -21.337042797785703], [55.470182191128124, -21.33698965788433], [55.470360457283796, -21.33644117679687], [55.47092578668246, -21.334825818200407], [55.47101812723623, -21.334567413871167], [55.471102502568634, -21.334333325859884]]]}";9741601;97416;974;4;974160102;Centre Ville Ouest-La Poste-Le Marche;Saint-Pierre;LA REUNION;Centre Ville Ouest-La Poste-Le Marche;LA REUNION;;4;;;;;;Iris d'habitat;17110;280.811597483;140.405798741;;292.364685053;;146.182342527;280.811597483;140;140.405798741;98.455448014;;98.455448014;102.783491975;;102.783491975;98.455448014;98;98.455448014;707.874218469;223.553596540;1461.059552684;710.493184855;100.669287670;102.680545476;100.669287670;180.142309813;189.684139577;180.142309813;87.957536022;86.318980075;87.957536022;92.197270455;94.815351304;92.197270455;160.567276309;157.684876292;160.567276309;98.455448014;102.783491975;98.455448014;92.197270455;;92.197270455;94.815351304;;94.815351304;92.197270455;92;92.197270455;248.524812330;;124.262406165;244.003856367;;122.001928184;248.524812330;124;124.262406165;13868;;;379.267045496;;126.422348499;395.148177028;;131.716059009;379.267045496;126;126.422348499;340.722082785;;113.574027595;338.819207671;;112.939735890;340.722082785;113;113.574027595;Polygon;14037.777777778;1;2207.827067954;901.055497173;163.204812532;540.658507254;493.253568139;0.315809773;0.486286260;0.408118693;0.186948699;0.170557037;14037.777777778;13868;719.989128281;;733.967384699;;719.989128281;119;0.313710150;0.307565344;0.313710150;0.269945611;0.256366326;0.269945611;0.463995141;0.472802960;0.463995141;0.202770319;0.197171340;0.202770319;0.106221542;0.108163218;0.106221542;14258;13657.619047619;14258
Saint-Pierre;LA REUNION;CA Civis (Communauté Intercommunale des Villes Solidaires);LA REUNION;2845.448233093;89.845339448;91.336097277;89.845339448;Non;974160902;97416;69;249740077;-21.3482171297, 55.5253915306;"{""type"": ""Polygon"", ""coordinates"": [[[55.51795500797674, -21.358080881433605], [55.51791149214309, -21.358093143564933], [55.51555158097028, -21.357693234501586], [55.51304240816661, -21.356417827208737], [55.511528614334466, -21.355679854408823], [55.509503983192666, -21.35475509423444], [55.50771399752426, -21.35388331966286], [55.50678868766938, -21.35303818686795], [55.50678385774783, -21.353039047222122], [55.506771552529635, -21.353016355303765], [55.507457869713875, -21.350134153060278], [55.508868755896835, -21.34701358486824], [55.50898545880147, -21.346819507714102], [55.50951190238785, -21.34600985340785], [55.51003247892004, -21.34530312147203], [55.511128205316034, -21.343926267621605], [55.51295944479137, -21.34141504543574], [55.5130006010502, -21.34134946856966], [55.513021384086215, -21.341296357622856], [55.51303132543457, -21.341266636602526], [55.51302889767843, -21.34122054665045], [55.5130244597968, -21.341182568636714], [55.51301453799184, -21.341114733079937], [55.51301580261913, -21.341084935265375], [55.51305593221087, -21.340929922266902], [55.513333160397345, -21.340018232529964], [55.513778728471586, -21.339048864790684], [55.514141802717226, -21.338371888124126], [55.5147642095007, -21.337409500531653], [55.514806264141015, -21.337350254168676], [55.51485216587074, -21.33729194509925], [55.514918294515546, -21.337235621388835], [55.514973636642274, -21.337197268407785], [55.51503560890466, -21.337170716954226], [55.515372354295415, -21.33704903650538], [55.515499045259354, -21.33701041039945], [55.51680253653773, -21.33807597570808], [55.518895874993234, -21.340018130887238], [55.5210033761908, -21.3407543720708], [55.52226956422722, -21.3406824092328], [55.52508340302686, -21.340786625263164], [55.5294091459246, -21.34139886575848], [55.53277509838424, -21.341896390213382], [55.53284137813621, -21.341921358378162], [55.53292900274654, -21.341932963270548], [55.533280806834185, -21.34194506803593], [55.53355860937849, -21.341933040117066], [55.533572115664455, -21.34193225469679], [55.53369569023388, -21.341916170383737], [55.5345106847032, -21.341743974453625], [55.53491136048535, -21.341543772623375], [55.53515278867251, -21.341116805587028], [55.53535641870515, -21.340709381438355], [55.53564714696037, -21.340075081942963], [55.53586010969085, -21.339504239178453], [55.53594725250955, -21.339078636045997], [55.53726913990049, -21.337578145909237], [55.53974695959511, -21.337817255780465], [55.53978448506587, -21.337922366030334], [55.53981594168482, -21.337958771853266], [55.53984938011003, -21.337989775022624], [55.53991650736169, -21.338026490793293], [55.54001444914472, -21.338067087528945], [55.540178983400864, -21.338101036273038], [55.540353462372906, -21.338104358647836], [55.54044126434574, -21.33809789484727], [55.54050687480451, -21.338093044872974], [55.540671900757964, -21.338077315259945], [55.5410176815038, -21.33801527950665], [55.54129986015043, -21.337949980966457], [55.5415802979896, -21.33786569727524], [55.54168282877255, -21.337832261286955], [55.54185815585506, -21.337749774782743], [55.54278005466649, -21.337244690701898], [55.5433907875315, -21.336810975896686], [55.54379680780039, -21.336164561242327], [55.54391693670706, -21.335471406121727], [55.54392680015227, -21.335448908758266], [55.543954034416906, -21.335424755277643], [55.54416290718902, -21.335655103144113], [55.54418001061173, -21.33568054408308], [55.544331058412105, -21.335908584178135], [55.54434778753273, -21.335971961012305], [55.54436898934675, -21.33607060580138], [55.54435942148082, -21.336160854236518], [55.54434880040459, -21.336260126677587], [55.54432421755248, -21.336308692637747], [55.54429011886389, -21.336344529776632], [55.54422894620984, -21.33638826218186], [55.54318820735234, -21.33877437637358], [55.54252420072183, -21.341085613873975], [55.541596844341335, -21.344089659425038], [55.54130788749367, -21.345033820978635], [55.54059755189774, -21.346807625775213], [55.53936118797786, -21.348243531253654], [55.53927295926992, -21.34829244606456], [55.53920489683772, -21.34834966600636], [55.53869452861591, -21.348963090743236], [55.538646506675335, -21.349041260917758], [55.538640148750204, -21.349099017449372], [55.53864547401224, -21.34924269009351], [55.53868897105622, -21.349426440495154], [55.53874475425175, -21.349538032968894], [55.538758082161245, -21.349555311815195], [55.53879617343129, -21.349603518643825], [55.53885976842466, -21.349705242634176], [55.53890103592195, -21.349822128644504], [55.538903916628925, -21.349920614509845], [55.53889234126684, -21.35011562879835], [55.53880435623824, -21.35033436770429], [55.538451372131405, -21.35082811682767], [55.53782121024689, -21.352726808489194], [55.537740432979405, -21.354044517759675], [55.53810454403728, -21.35563431839619], [55.53819497460194, -21.356554674525793], [55.537398353106376, -21.358122204978315], [55.536388785662304, -21.360545113968367], [55.536374071164026, -21.3605702783229], [55.53546342024894, -21.360605695706933], [55.53456809821122, -21.36036031320673], [55.5329911759808, -21.358937382005426], [55.530299676619784, -21.357697992642002], [55.53009233870273, -21.35769979088841], [55.528823912064276, -21.357353555185636], [55.52804478515581, -21.357111415574444], [55.527101615495276, -21.35678472943327], [55.52592114422584, -21.355937457698946], [55.52415805035312, -21.354727349806044], [55.52252817509306, -21.353625212556476], [55.520262588687174, -21.352601016008645], [55.52017619544933, -21.352562315977252], [55.52013481833032, -21.352553821630053], [55.52005668535698, -21.352556746323383], [55.51964189841901, -21.35257296321796], [55.51928879933005, -21.352591529604997], [55.518569460497716, -21.352784815770274], [55.518075393214154, -21.353972817375624], [55.51787176997754, -21.354468740510494], [55.51773733618311, -21.354796356340543], [55.517947940535656, -21.3552363173353], [55.51815051826167, -21.355323918963137], [55.51840936526942, -21.356048845747914], [55.51863228556603, -21.356798747741433], [55.51795500797674, -21.358080881433605]]]}";9741609;97416;974;4;974160902;Grands Bois Les Hauts-Cafrine-R. Cafres;Saint-Pierre;LA REUNION;Grands Bois Les Hauts-Cafrine-R. Cafres;LA REUNION;;4;;;;;;Iris d'habitat;17110;150.795210241;75.397605121;;156.351823496;;78.175911748;150.795210241;75;75.397605121;98.455448014;;98.455448014;102.783491975;;102.783491975;98.455448014;98;98.455448014;833.438996781;192.649585949;1093.651145946;227.656351392;73.682727238;75.154824277;73.682727238;77.112483003;81.196999219;77.112483003;88.093860278;86.452764755;88.093860278;93.257096576;95.905272789;93.257096576;108.470421581;106.523230646;108.470421581;98.455448014;102.783491975;98.455448014;93.257096576;;93.257096576;95.905272789;;95.905272789;93.257096576;93;93.257096576;196.564281859;;98.282140930;192.975995401;;96.487997700;196.564281859;98;98.282140930;13546;;;249.250658255;;83.083552752;259.135315471;;86.378438490;249.250658255;83;83.083552752;289.821378435;;96.607126145;288.881268190;;96.293756063;289.821378435;96;96.607126145;Polygon;14037.777777778;1;2027.293240318;828.658607274;52.589738685;538.067750360;327.849570173;0.231150194;0.208161764;0.408751231;0.189097712;0.115218954;14037.777777778;13546;539.072036690;;548.016583661;;539.072036690;89;0.313710150;0.307565344;0.313710150;0.269945611;0.256366326;0.269945611;0.463995141;0.472802960;0.463995141;0.202770319;0.197171340;0.202770319;0.106221542;0.108163218;0.106221542;14258;13657.619047619;14258
Saint-Pierre;LA REUNION;CA Civis (Communauté Intercommunale des Villes Solidaires);LA REUNION;2045.345588019;97.548205776;99.028965027;97.548205776;Non;974160901;97416;69;249740077;-21.358543658, 55.5262606266;"{""type"": ""Polygon"", ""coordinates"": [[[55.51795500797674, -21.358080881433605], [55.51863228556603, -21.356798747741433], [55.51840936526942, -21.356048845747914], [55.51815051826167, -21.355323918963137], [55.517947940535656, -21.3552363173353], [55.51773733618311, -21.354796356340543], [55.51787176997754, -21.354468740510494], [55.518075393214154, -21.353972817375624], [55.518569460497716, -21.352784815770274], [55.51928879933005, -21.352591529604997], [55.51964189841901, -21.35257296321796], [55.52005668535698, -21.352556746323383], [55.52013481833032, -21.352553821630053], [55.52017619544933, -21.352562315977252], [55.520262588687174, -21.352601016008645], [55.52252817509306, -21.353625212556476], [55.52415805035312, -21.354727349806044], [55.52592114422584, -21.355937457698946], [55.527101615495276, -21.35678472943327], [55.52804478515581, -21.357111415574444], [55.528823912064276, -21.357353555185636], [55.53009233870273, -21.35769979088841], [55.530299676619784, -21.357697992642002], [55.5329911759808, -21.358937382005426], [55.53456809821122, -21.36036031320673], [55.53546342024894, -21.360605695706933], [55.536374071164026, -21.3605702783229], [55.536332892078065, -21.36063857075465], [55.5358487485978, -21.36161534182578], [55.53582205025676, -21.36168195377327], [55.53580158343384, -21.361752233296276], [55.535801248588825, -21.361834431405565], [55.535842766055794, -21.362120238835065], [55.53586535453944, -21.362273094891478], [55.53587982160195, -21.362369875019535], [55.535924291162985, -21.36255273106422], [55.53595935720477, -21.36261446182151], [55.53606025497798, -21.362747224690555], [55.53618960415625, -21.362928110921825], [55.53625901475716, -21.36302717672581], [55.53638042114648, -21.363328133541106], [55.536378492677905, -21.363328116727295], [55.534205516763485, -21.363365162096944], [55.532716461748215, -21.363380156014177], [55.52907295986412, -21.362542521272438], [55.528001341109736, -21.36218354902313], [55.52728839795148, -21.361926177300795], [55.524018544409465, -21.36088101738616], [55.521547629904504, -21.359453960858655], [55.520427240073296, -21.358800579875837], [55.518606786631736, -21.357992238097346], [55.51801786215046, -21.35806337016163], [55.51795500797674, -21.358080881433605]]]}";9741609;97416;974;4;974160901;Grands Bois-Centre;Saint-Pierre;LA REUNION;Grands Bois-Centre;LA REUNION;;4;;;;;;Iris d'habitat;17110;159.397436735;79.698718368;;165.445530593;;82.722765296;159.397436735;79;79.698718368;98.455448014;;98.455448014;102.783491975;;102.783491975;98.455448014;98;98.455448014;562.231492761;128.043982146;760.506573804;178.198426465;72.596458224;74.046852845;72.596458224;86.800978511;91.398677748;86.800978511;111.038783353;108.970248160;111.038783353;96.262948849;98.996480781;96.262948849;120.134617705;117.978038656;120.134617705;98.455448014;102.783491975;98.455448014;96.262948849;;96.262948849;98.996480781;;98.996480781;96.262948849;96;96.262948849;231.173401059;;115.586700529;226.948286816;;113.474143408;231.173401059;115;115.586700529;10980;;;257.852884749;;85.950961583;268.229022568;;89.409674189;257.852884749;85;85.950961583;327.436349907;;109.145449969;325.944767597;;108.648255866;327.436349907;109;109.145449969;Polygon;14037.777777778;1;1417.946656604;730.546761267;32.567245701;399.236503597;261.004184772;0.227742458;0.234315432;0.515214559;0.195192688;0.127608843;14037.777777778;10980;585.289234656;;594.173790165;;585.289234656;97;0.313710150;0.307565344;0.313710150;0.269945611;0.256366326;0.269945611;0.463995141;0.472802960;0.463995141;0.202770319;0.197171340;0.202770319;0.106221542;0.108163218;0.106221542;14258;13657.619047619;14258
Saint-Pierre;LA REUNION;CA Civis (Communauté Intercommunale des Villes Solidaires);LA REUNION;3660.672534247;94.184220133;95.869067525;94.184220133;Non;974160702;97416;69;249740077;-21.2924347143, 55.5063541863;"{""type"": ""Polygon"", ""coordinates"": [[[55.504199182236555, -21.283723684082005], [55.504271985039075, -21.283767689531103], [55.50738380272643, -21.285416288807067], [55.50855187865896, -21.286090119507016], [55.509652413961746, -21.28677237777161], [55.511575501697415, -21.287988532272582], [55.51274745992284, -21.28871160023874], [55.514340768470696, -21.289516064217008], [55.51435614297751, -21.289520716446848], [55.51439649312234, -21.289533718868885], [55.51603967177091, -21.29127714593516], [55.516335024395396, -21.29209995423154], [55.51662209914268, -21.293267753238172], [55.51620263483658, -21.293958700525256], [55.51609226881864, -21.294103160251893], [55.51594288009093, -21.294294247874543], [55.51573521097433, -21.294529986825626], [55.51560872287781, -21.294648108051142], [55.51556494476898, -21.294688370830244], [55.51537817604646, -21.294858352084848], [55.51466053674415, -21.29548614268907], [55.51299736825112, -21.296877002997856], [55.51083339184778, -21.29745856762392], [55.510102471333944, -21.29867584416254], [55.50957894847907, -21.300178157835038], [55.509760517276796, -21.300716329905637], [55.509773345752194, -21.300782384879383], [55.5096763522879, -21.300937797827576], [55.5096233224526, -21.301034885208786], [55.50912588679664, -21.301948689109352], [55.50857294131938, -21.302918004054607], [55.508277771149736, -21.303320971568972], [55.508208573206275, -21.303396235707353], [55.50553610230998, -21.299823433888474], [55.50551700887064, -21.29980519821245], [55.50309274817574, -21.297718696098183], [55.50052500285052, -21.29581606095379], [55.49851397911889, -21.294432336624794], [55.49683275937536, -21.292277404802793], [55.49551151110693, -21.290176260727513], [55.49547899214367, -21.290151580903736], [55.49560829054099, -21.290042533517408], [55.495793926565085, -21.28989063090158], [55.49622526137794, -21.28955664923613], [55.496318422908566, -21.289494250199], [55.49641049204167, -21.28944448759559], [55.496520899613394, -21.289392178815007], [55.49904587762776, -21.28799110369679], [55.50040063322408, -21.286886692277154], [55.50275128187233, -21.284895049000774], [55.50308483354051, -21.28441113299171], [55.50374336967471, -21.283908425132324], [55.50378213702446, -21.283887090286395], [55.50407573722856, -21.283731620446176], [55.50408153770175, -21.283729865367683], [55.504199182236555, -21.283723684082005]]]}";9741607;97416;974;4;974160702;La Concession Conde;Saint-Pierre;LA REUNION;La Concession Conde;LA REUNION;;4;;;;;;Iris d'habitat;17110;184.615649396;92.307824698;;191.033183717;;95.516591858;184.615649396;92;92.307824698;98.455448014;;98.455448014;102.783491975;;102.783491975;98.455448014;98;98.455448014;1049.181277778;335.354347518;1357.331070951;303.117163793;101.888422490;103.924037222;101.888422490;82.727226906;87.109146494;82.727226906;88.624319721;86.973342299;88.624319721;96.799563355;99.548333267;96.799563355;96.610340311;94.876053893;96.610340311;98.455448014;102.783491975;98.455448014;96.799563355;;96.799563355;99.548333267;;99.548333267;96.799563355;96;96.799563355;185.234660032;;92.617330016;181.849396192;;90.924698096;185.234660032;92;92.617330016;13239;;;283.071097410;;94.357032470;293.816675692;;97.938891897;283.071097410;94;94.357032470;282.034223386;;94.011407795;281.397729458;;93.799243153;282.034223386;94;94.011407795;Polygon;14037.777777778;1;2471.634717009;1016.367182241;95.208168910;718.519671809;375.661851173;0.319634323;0.223318518;0.411212537;0.196280783;0.102620993;14037.777777778;13239;565.105320796;;575.214405150;;565.105320796;94;0.313710150;0.307565344;0.313710150;0.269945611;0.256366326;0.269945611;0.463995141;0.472802960;0.463995141;0.202770319;0.197171340;0.202770319;0.106221542;0.108163218;0.106221542;14258;13657.619047619;14258
Saint-Pierre;LA REUNION;CA Civis (Communauté Intercommunale des Villes Solidaires);LA REUNION;4301.766739719;87.907135298;89.695537062;87.907135298;Non;974160401;97416;69;249740077;-21.3147634869, 55.4723077357;"{""type"": ""Polygon"", ""coordinates"": [[[55.45882647391317, -21.333233899505434], [55.45883260704485, -21.333200534118273], [55.45984770110411, -21.332378815269642], [55.45990153413564, -21.332393761198382], [55.4599882091155, -21.33240268504035], [55.46005872239979, -21.332389781843947], [55.46013409337269, -21.332373309974326], [55.46022502027076, -21.332344334562446], [55.46029569375658, -21.332316076837834], [55.46038670542254, -21.33227897252021], [55.460528221894975, -21.332206199266274], [55.460829721131915, -21.33204636888695], [55.46098392929552, -21.331958355558264], [55.46108677232327, -21.3318960671129], [55.461145243233446, -21.331836082188893], [55.46120183320786, -21.331771563579025], [55.46125074885803, -21.33170336153163], [55.46129491043033, -21.331628792924583], [55.461330565565646, -21.331537887237587], [55.46185618599747, -21.330039626392818], [55.46187809036878, -21.32997298349007], [55.462006925456784, -21.329544197034373], [55.46203596350898, -21.329440584538315], [55.46205706374977, -21.329358578333004], [55.46204929167164, -21.32927179150135], [55.461921682973, -21.32787188119813], [55.46178941775922, -21.326733881880603], [55.46106591576759, -21.3248218429256], [55.46068965849239, -21.323846840291214], [55.460515615698974, -21.323156940553197], [55.460217405759096, -21.321848053944727], [55.46015934020473, -21.321453688195728], [55.460150784431065, -21.32134973161213], [55.46017671328638, -21.321266866498128], [55.4602439748512, -21.3211030838966], [55.46026269451387, -21.321064413901667], [55.46029617448635, -21.320996973824737], [55.460359969381145, -21.320888260043954], [55.46079879804614, -21.32031417278738], [55.46098016805246, -21.32011620607136], [55.46110871399846, -21.319991825403353], [55.46123623932459, -21.31987285502038], [55.46136739418733, -21.319775596688476], [55.46244269909435, -21.319178422314447], [55.46379626759876, -21.31833447484455], [55.46550133545124, -21.31724531849469], [55.46656452700385, -21.316558127740198], [55.46726880650199, -21.315714099271386], [55.46739381593205, -21.31555806582211], [55.46745586285802, -21.315431267127725], [55.467523272792064, -21.315252126347676], [55.46701459997212, -21.314386653264982], [55.46690708765053, -21.314250179466068], [55.46684231255659, -21.314175519051016], [55.466741106954125, -21.314081557362147], [55.46354949572621, -21.3122187494873], [55.463489288864444, -21.312168518480313], [55.463367751640405, -21.312083402087097], [55.46332273182093, -21.31205589204716], [55.46411611835019, -21.311031580413083], [55.46711551086211, -21.308007620869812], [55.46704630458424, -21.306071612028198], [55.468228397854915, -21.304611892281216], [55.46854839242932, -21.304335236170562], [55.46886393644549, -21.304022858789637], [55.46951560138134, -21.303039681613168], [55.46981761703992, -21.30256381061737], [55.470202291921396, -21.301512133528632], [55.470458726696506, -21.30080989536407], [55.471545261884934, -21.299668971275377], [55.47177807520459, -21.299525655366676], [55.47188768381348, -21.299458903669223], [55.47222788776892, -21.299276817315796], [55.4726160842156, -21.29911413504309], [55.4730988988363, -21.298936051084166], [55.473389070195, -21.298838418003175], [55.473519862225146, -21.298773663938423], [55.473630517282714, -21.298698790864577], [55.47377917021018, -21.298584517342253], [55.473846482732064, -21.29850654112036], [55.47387777147853, -21.29846346669709], [55.47501661228291, -21.29972214573075], [55.47657564788475, -21.301830107834917], [55.47808716853298, -21.303876203298746], [55.478623149574304, -21.304526907744147], [55.478680387240686, -21.30449129347007], [55.47886830184168, -21.30458964529855], [55.48033894850423, -21.305086199397334], [55.48181161304142, -21.306419212520435], [55.4823599463758, -21.308121907245397], [55.48370242433883, -21.308901364771405], [55.485026948832264, -21.30917706197085], [55.48610969829138, -21.309059896697445], [55.48718708704677, -21.308807181362077], [55.487679674626186, -21.30927680949834], [55.488160403146075, -21.309775235297884], [55.488010350214594, -21.309931963847266], [55.486763852958724, -21.311165499676534], [55.48507500857378, -21.312855723085015], [55.48491712694402, -21.31302321754917], [55.484770496476784, -21.31322152532007], [55.48474393409854, -21.313273677259374], [55.48363223754557, -21.315784307884314], [55.48221926554405, -21.3189028376024], [55.48181000517123, -21.319692950980112], [55.48117409460429, -21.32079483755115], [55.48056734906668, -21.321580642270852], [55.48042297562697, -21.321745543809367], [55.47770644386063, -21.31949254232658], [55.477282849825755, -21.319250237081707], [55.47720332890497, -21.319202545621543], [55.47721533380556, -21.31916019950145], [55.478119044049436, -21.316593087591826], [55.47801259318367, -21.31588484419334], [55.47697525098353, -21.314865569124805], [55.476414963944755, -21.314979729023637], [55.47580307656199, -21.31561010375094], [55.47354726162184, -21.317996468942972], [55.47374125707638, -21.31925882150117], [55.4744249884567, -21.320608178102706], [55.47487508864617, -21.32099074141224], [55.47500493288079, -21.321112960491067], [55.475088536579385, -21.321232050221678], [55.47513594946846, -21.32130835689352], [55.475248269142654, -21.321540618689294], [55.475207842864464, -21.321627871548053], [55.4751318628929, -21.32170396242072], [55.475067599360365, -21.321765706825165], [55.47475304711709, -21.32207268321959], [55.47324750227332, -21.323258591315806], [55.47322411535514, -21.323282767837973], [55.473218247603405, -21.323290844185845], [55.47319895002417, -21.323292475520837], [55.473073919083575, -21.323357280372523], [55.472920260812295, -21.32348686217306], [55.472658622845, -21.323710308593963], [55.471378882267935, -21.325058132064807], [55.468370498147834, -21.326743672069295], [55.46685819124873, -21.328425983032666], [55.46672011889956, -21.328724615977702], [55.46633736830067, -21.329468145004668], [55.46544889166551, -21.330542176831376], [55.46411156712269, -21.332130589926162], [55.46385779596087, -21.332429065838184], [55.46375906353618, -21.332467004791294], [55.46260145105934, -21.33290445032632], [55.46221057240218, -21.333037270691317], [55.46202577924222, -21.333099713148744], [55.4604586694977, -21.333605206699147], [55.45892831858872, -21.333267351787516], [55.45882647391317, -21.333233899505434]]]}";9741604;97416;974;4;974160401;La Ligne Paradis;Saint-Pierre;LA REUNION;La Ligne Paradis;LA REUNION;;4;;;;;;Iris d'habitat;17110;175.146984653;87.573492326;;181.829408297;;90.914704149;175.146984653;87;87.573492326;98.455448014;;98.455448014;102.783491975;;102.783491975;98.455448014;98;98.455448014;1138.032405162;280.811174747;1559.245521018;406.142147312;78.655878717;80.227333663;78.655878717;96.491105936;101.602074634;96.491105936;81.390353490;79.874137214;81.390353490;93.464297917;96.118357926;93.464297917;78.985727716;77.567826958;78.985727716;98.455448014;102.783491975;98.455448014;93.464297917;;93.464297917;96.118357926;;96.118357926;93.464297917;93;93.464297917;160.376081206;;80.188040603;157.441964172;;78.720982086;160.376081206;80;80.188040603;13676;;;273.602432666;;91.200810889;284.612900272;;94.870966757;273.602432666;91;91.200810889;253.840379123;;84.613459708;253.560322098;;84.520107366;253.840379123;84;84.613459708;Polygon;14037.777777778;1;2895.608202851;1093.518576523;85.277151982;815.261604249;360.917618253;0.246751475;0.260473506;0.377647285;0.189517855;0.083899858;14037.777777778;13676;527.442811790;;538.173222370;;527.442811790;87;0.313710150;0.307565344;0.313710150;0.269945611;0.256366326;0.269945611;0.463995141;0.472802960;0.463995141;0.202770319;0.197171340;0.202770319;0.106221542;0.108163218;0.106221542;14258;13657.619047619;14258
Saint-Pierre;LA REUNION;CA Civis (Communauté Intercommunale des Villes Solidaires);LA REUNION;4812.175415184;82.908139352;84.866075556;82.908139352;Non;974160701;97416;69;249740077;-21.3032091565, 55.4942252664;"{""type"": ""Polygon"", ""coordinates"": [[[55.48974183956182, -21.29453722060049], [55.48977494897991, -21.294504095568833], [55.48979443649995, -21.294483494512686], [55.49113086681369, -21.29334557844886], [55.4921655275638, -21.292545040676952], [55.49317381862318, -21.29182465373428], [55.495318302395965, -21.29031454576009], [55.49547899214367, -21.290151580903736], [55.49551151110693, -21.290176260727513], [55.49683275937536, -21.292277404802793], [55.49851397911889, -21.294432336624794], [55.50052500285052, -21.29581606095379], [55.50309274817574, -21.297718696098183], [55.50551700887064, -21.29980519821245], [55.50553610230998, -21.299823433888474], [55.508208573206275, -21.303396235707353], [55.50818128501288, -21.30342580283697], [55.50703810808406, -21.304663127152715], [55.50694751273861, -21.304757170223436], [55.50681727206599, -21.30486350764957], [55.50669580618942, -21.304959986495525], [55.50658616188084, -21.305031277644723], [55.50640523890465, -21.3050974194082], [55.50530066338932, -21.305374860389627], [55.505147229726866, -21.305391563229822], [55.504983303454004, -21.305397333034634], [55.5048030375692, -21.305398440940603], [55.504536016779134, -21.30539968081219], [55.50440576097492, -21.305412072476212], [55.504256926972175, -21.30545049468643], [55.50410410035118, -21.305502430821512], [55.5039792616524, -21.305551002477856], [55.50383309027441, -21.305612030577034], [55.50373531219705, -21.3056536162669], [55.503585202916526, -21.305722738851625], [55.50340788627789, -21.305813298556266], [55.503090952155965, -21.30598391316905], [55.50294930636463, -21.306073886443116], [55.50280179494591, -21.30617193711937], [55.502711498153914, -21.306236171348637], [55.50227346112962, -21.30656197793582], [55.5021432156551, -21.30666831142886], [55.50179712874517, -21.307051843417415], [55.50172958784839, -21.307153315156235], [55.50109025033799, -21.308222550325908], [55.50085306543086, -21.308702800429923], [55.50081392560132, -21.308855109777323], [55.500768747099585, -21.30912750455127], [55.50083050517697, -21.30959596577842], [55.5008559442244, -21.309748850656966], [55.50087786701867, -21.309868281994664], [55.50091427539639, -21.30998513251958], [55.50059403355489, -21.311714812368294], [55.499538856138415, -21.313386447592976], [55.49881135369046, -21.314874016527426], [55.49875656244781, -21.315000892951605], [55.4986015700203, -21.31540689827176], [55.49852719238006, -21.31561128365082], [55.49825242411121, -21.315614250042575], [55.49802125900496, -21.315879562773663], [55.49710562395302, -21.315710471384868], [55.496016613753135, -21.315171525016336], [55.494728135885246, -21.314188949372856], [55.49277221382915, -21.312583430703693], [55.49143882221532, -21.311519583973944], [55.48956496538493, -21.310049810279413], [55.48845342827445, -21.309494232873746], [55.488160403146075, -21.309775235297884], [55.487679674626186, -21.30927680949834], [55.48718708704677, -21.308807181362077], [55.48610969829138, -21.309059896697445], [55.485026948832264, -21.30917706197085], [55.48370242433883, -21.308901364771405], [55.4823599463758, -21.308121907245397], [55.48181161304142, -21.306419212520435], [55.48033894850423, -21.305086199397334], [55.47886830184168, -21.30458964529855], [55.478680387240686, -21.30449129347007], [55.478727013513435, -21.3044564865214], [55.479895347728245, -21.303700147787747], [55.48059614845633, -21.30322773060328], [55.48195582608618, -21.30218721057222], [55.48285217920173, -21.301584214226335], [55.48396883322541, -21.30106946270395], [55.484663724906156, -21.300700853234748], [55.485162338745106, -21.30010916561244], [55.48592731367499, -21.29919058791617], [55.48784468480796, -21.296874186174676], [55.48970255072985, -21.294609132106913], [55.48972918143156, -21.294549753225603], [55.48974183956182, -21.29453722060049]]]}";9741607;97416;974;4;974160701;La Ligne des Bambous-Centre;Saint-Pierre;LA REUNION;La Ligne des Bambous-Centre;LA REUNION;;4;;;;;;Iris d'habitat;17110;171.105224037;85.552612018;;177.747638902;;88.873819451;171.105224037;85;85.552612018;98.455448014;;98.455448014;102.783491975;;102.783491975;98.455448014;98;98.455448014;1352.300981245;311.296752992;1864.227502657;491.796743832;73.379146687;74.845178532;73.379146687;97.726077349;102.902460369;97.726077349;58.235127969;57.150269075;58.235127969;105.884466306;108.891215769;105.884466306;63.768569789;62.623837619;63.768569789;98.455448014;102.783491975;98.455448014;105.884466306;;105.884466306;108.891215769;;108.891215769;105.884466306;105;105.884466306;122.003697757;;61.001848879;119.774106694;;59.887053347;122.003697757;61;61.001848879;18404;;;269.560672050;;89.853557350;280.531130877;;93.510376959;269.560672050;89;89.853557350;227.888164063;;75.962721354;228.665322462;;76.221774154;227.888164063;75;75.962721354;Polygon;14037.777777778;1;3275.483639455;885.062420072;87.154076631;1033.184984317;325.957312397;0.230197831;0.263807257;0.270208164;0.214702270;0.067735958;14037.777777778;18404;497.448836113;;509.196453339;;497.448836113;82;0.313710150;0.307565344;0.313710150;0.269945611;0.256366326;0.269945611;0.463995141;0.472802960;0.463995141;0.202770319;0.197171340;0.202770319;0.106221542;0.108163218;0.106221542;14258;13657.619047619;14258
Saint-Pierre;LA REUNION;CA Civis (Communauté Intercommunale des Villes Solidaires);LA REUNION;2120.000512692;110.452731851;112.414600170;110.452731851;Non;974160601;97416;69;249740077;-21.2855511651, 55.4706492867;"{""type"": ""Polygon"", ""coordinates"": [[[55.46655776429861, -21.29078667403473], [55.46619585446915, -21.29055394006125], [55.46639038891104, -21.288977770788417], [55.46633719213147, -21.287148905828094], [55.46619770893791, -21.28703020684334], [55.46607647076787, -21.28691799705031], [55.46534369457306, -21.2862031363576], [55.46514532618566, -21.28600079675184], [55.46515700304707, -21.285990063676408], [55.46649477823158, -21.284778290171264], [55.46697525036545, -21.284450253238752], [55.46764493430332, -21.284557066880797], [55.46805913861631, -21.284857568562824], [55.46916921374055, -21.28470770888843], [55.470376418704404, -21.283892238239748], [55.47090881598148, -21.28310849664899], [55.471075134671075, -21.28286882688869], [55.471172819015884, -21.282742349095052], [55.471230404249276, -21.282672414832223], [55.47131612279724, -21.28258467003838], [55.47162655310833, -21.28238876286365], [55.47252464828001, -21.28193532771143], [55.47282782645154, -21.2817881303969], [55.47293533506967, -21.281736714191986], [55.47339721662718, -21.281526820888068], [55.47349038164469, -21.281464434702848], [55.473659598359916, -21.281316924615243], [55.47376760028288, -21.281217637564932], [55.473843855253975, -21.28129962544732], [55.473921720832905, -21.28141234000035], [55.47698593786228, -21.283243968898756], [55.47708109160608, -21.28326921860961], [55.47716930430089, -21.283313374750644], [55.477278411288296, -21.28338752864398], [55.477180567515155, -21.283436325147974], [55.47639010163294, -21.28392056814742], [55.475320225164694, -21.284582936618857], [55.474686695216796, -21.284988198596093], [55.474470188662394, -21.285141604093802], [55.47436214686444, -21.28524450425674], [55.47382948108903, -21.285868371181564], [55.47113922086704, -21.287554127453678], [55.4682158208397, -21.28945676491104], [55.46785221616687, -21.289759672720326], [55.46699305519649, -21.29044919372473], [55.46673651428515, -21.290651001630973], [55.46655776429861, -21.29078667403473]]]}";9741606;97416;974;4;974160601;La Ravine des Cabris-Centre;Saint-Pierre;LA REUNION;La Ravine des Cabris-Centre;LA REUNION;;4;;;;;;Iris d'habitat;17110;253.725106821;126.862553410;;262.359390362;;131.179695181;253.725106821;126;126.862553410;98.455448014;;98.455448014;102.783491975;;102.783491975;98.455448014;98;98.455448014;553.650400199;252.983356450;824.210043778;240.445452810;145.655792869;148.565829855;145.655792869;108.069313951;113.793560507;108.069313951;114.252533652;112.124129687;114.252533652;96.246879480;98.979955098;96.246879480;100.036423139;98.240633895;100.036423139;98.455448014;102.783491975;98.455448014;96.246879480;;96.246879480;98.979955098;;98.979955098;96.246879480;96;96.246879480;214.288956791;;107.144478396;210.364763582;;105.182381791;214.288956791;107;107.144478396;6802;;;352.180554834;;117.393518278;365.142882337;;121.714294112;352.180554834;117;117.393518278;310.535836271;;103.511945424;309.344718680;;103.114906227;310.535836271;103;103.511945424;Polygon;14037.777777778;1;1322.717426709;701.207168581;52.748194425;413.739521125;225.271744601;0.456937006;0.291728370;0.530126204;0.195160104;0.106260231;14037.777777778;6802;662.716391106;;674.487601017;;662.716391106;110;0.313710150;0.307565344;0.313710150;0.269945611;0.256366326;0.269945611;0.463995141;0.472802960;0.463995141;0.202770319;0.197171340;0.202770319;0.106221542;0.108163218;0.106221542;14258;13657.619047619;14258
Saint-Pierre;LA REUNION;CA Civis (Communauté Intercommunale des Villes Solidaires);LA REUNION;3366.528009498;85.526208286;87.043481025;85.526208286;Non;974160602;97416;69;249740077;-21.293530531, 55.4786199983;"{""type"": ""Polygon"", ""coordinates"": [[[55.48974183956182, -21.29453722060049], [55.48972918143156, -21.294549753225603], [55.48970255072985, -21.294609132106913], [55.48784468480796, -21.296874186174676], [55.48592731367499, -21.29919058791617], [55.485162338745106, -21.30010916561244], [55.484663724906156, -21.300700853234748], [55.48396883322541, -21.30106946270395], [55.48285217920173, -21.301584214226335], [55.48195582608618, -21.30218721057222], [55.48059614845633, -21.30322773060328], [55.479895347728245, -21.303700147787747], [55.478727013513435, -21.3044564865214], [55.478680387240686, -21.30449129347007], [55.478623149574304, -21.304526907744147], [55.47808716853298, -21.303876203298746], [55.47657564788475, -21.301830107834917], [55.47501661228291, -21.29972214573075], [55.47387777147853, -21.29846346669709], [55.47390135296123, -21.298233340200348], [55.47388250635192, -21.29819161769023], [55.47295930999373, -21.297613263517594], [55.47203423105726, -21.296192113184762], [55.471332159038084, -21.295110816477756], [55.471187965523534, -21.294887296143504], [55.47109246628343, -21.29470847951406], [55.47106798780088, -21.29465225285436], [55.4710360048117, -21.294576085527083], [55.47099399976674, -21.294443822857776], [55.470976135367266, -21.294307263019437], [55.47097772357083, -21.294153717296446], [55.47107265094396, -21.29373545074835], [55.46979422121378, -21.292561292267862], [55.46782037382097, -21.29157681118255], [55.46668222486561, -21.290867297677412], [55.46655776429861, -21.29078667403473], [55.46673651428515, -21.290651001630973], [55.46699305519649, -21.29044919372473], [55.46785221616687, -21.289759672720326], [55.4682158208397, -21.28945676491104], [55.47113922086704, -21.287554127453678], [55.47382948108903, -21.285868371181564], [55.47436214686444, -21.28524450425674], [55.474470188662394, -21.285141604093802], [55.474686695216796, -21.284988198596093], [55.475320225164694, -21.284582936618857], [55.47639010163294, -21.28392056814742], [55.477180567515155, -21.283436325147974], [55.477278411288296, -21.28338752864398], [55.477351065657615, -21.283445093462703], [55.478461430921676, -21.28399801335615], [55.48076723347055, -21.285831755616982], [55.48277187686176, -21.28752725999886], [55.48374165878755, -21.28854227297184], [55.48379217115028, -21.288597829198903], [55.48399707511007, -21.28882369287601], [55.486168901058186, -21.291330925864674], [55.487247168260026, -21.29258085105988], [55.48963107647859, -21.29443505696555], [55.48974183956182, -21.29453722060049]]]}";9741606;97416;974;4;974160602;La Ravine des Cabris-Est;Saint-Pierre;LA REUNION;La Ravine des Cabris-Est;LA REUNION;;4;;;;;;Iris d'habitat;17110;147.947979018;73.973989509;;153.538774065;;76.769387033;147.947979018;73;73.973989509;98.455448014;;98.455448014;102.783491975;;102.783491975;98.455448014;98;98.455448014;996.983437098;212.914062708;1277.475265090;275.440943805;68.075028696;69.435090300;68.075028696;79.872950321;84.103683765;79.872950321;83.838722980;82.276896168;83.838722980;86.955416409;89.424646889;86.955416409;95.959683295;94.237077051;95.959683295;98.455448014;102.783491975;98.455448014;86.955416409;;86.955416409;89.424646889;;89.424646889;86.955416409;86;86.955416409;179.798406275;;89.899203138;176.513973220;;88.256986610;179.798406275;89;89.899203138;14810;;;246.403427031;;82.134475677;256.322266040;;85.440755347;246.403427031;82;82.134475677;266.753822684;;88.917940895;265.938620109;;88.646206703;266.753822684;88;88.917940895;Polygon;14037.777777778;1;2317.007891226;901.333680248;77.635261698;593.585461148;343.149712755;0.213558275;0.215613524;0.389007601;0.176319775;0.101929855;14037.777777778;14810;513.157249715;;522.260886149;;513.157249715;85;0.313710150;0.307565344;0.313710150;0.269945611;0.256366326;0.269945611;0.463995141;0.472802960;0.463995141;0.202770319;0.197171340;0.202770319;0.106221542;0.108163218;0.106221542;14258;13657.619047619;14258
Saint-Pierre;LA REUNION;CA Civis (Communauté Intercommunale des Villes Solidaires);LA REUNION;2426.208949922;93.499488003;95.085220750;93.499488003;Non;974160603;97416;69;249740077;-21.2952339065, 55.4662112726;"{""type"": ""Polygon"", ""coordinates"": [[[55.46607647076787, -21.28691799705031], [55.46619770893791, -21.28703020684334], [55.46633719213147, -21.287148905828094], [55.46639038891104, -21.288977770788417], [55.46619585446915, -21.29055394006125], [55.46655776429861, -21.29078667403473], [55.46668222486561, -21.290867297677412], [55.46782037382097, -21.29157681118255], [55.46979422121378, -21.292561292267862], [55.47107265094396, -21.29373545074835], [55.47097772357083, -21.294153717296446], [55.470976135367266, -21.294307263019437], [55.47099399976674, -21.294443822857776], [55.4710360048117, -21.294576085527083], [55.47106798780088, -21.29465225285436], [55.47109246628343, -21.29470847951406], [55.471187965523534, -21.294887296143504], [55.471332159038084, -21.295110816477756], [55.47203423105726, -21.296192113184762], [55.47295930999373, -21.297613263517594], [55.47388250635192, -21.29819161769023], [55.47390135296123, -21.298233340200348], [55.47387777147853, -21.29846346669709], [55.473846482732064, -21.29850654112036], [55.47377917021018, -21.298584517342253], [55.473630517282714, -21.298698790864577], [55.473519862225146, -21.298773663938423], [55.473389070195, -21.298838418003175], [55.4730988988363, -21.298936051084166], [55.4726160842156, -21.29911413504309], [55.47222788776892, -21.299276817315796], [55.47188768381348, -21.299458903669223], [55.47177807520459, -21.299525655366676], [55.47158660649988, -21.299399261707553], [55.471567424151104, -21.29939005452799], [55.46882262164997, -21.300754366822], [55.46561427333269, -21.30141435097127], [55.46302657046413, -21.29906430080012], [55.4618873270592, -21.297804193824785], [55.46053306841022, -21.294567962879704], [55.460267836151964, -21.294307195193305], [55.460131468872, -21.294166840680564], [55.4599461577249, -21.29400616581153], [55.45921633501692, -21.293470157418238], [55.459053722501, -21.293351240841854], [55.45908965401327, -21.29332537435313], [55.45980369037493, -21.292878683349393], [55.46074669277719, -21.29228729816006], [55.46101941148924, -21.292106423629722], [55.46109325711683, -21.292049288103893], [55.46110783536883, -21.292037678590923], [55.46112727930229, -21.292021597100614], [55.46125200991714, -21.29189085674997], [55.461622368575895, -21.291403754332894], [55.46245310307111, -21.290299391403114], [55.46275518551127, -21.289889345542583], [55.46304002305433, -21.289190991113323], [55.46377846643056, -21.288525681418996], [55.46433859329987, -21.288046626640234], [55.46533192004555, -21.287430605548813], [55.46579170658502, -21.287146645509438], [55.46607647076787, -21.28691799705031]]]}";9741606;97416;974;4;974160603;La Ravine des Cabris-Sud;Saint-Pierre;LA REUNION;La Ravine des Cabris-Sud;LA REUNION;;4;;;;;;Iris d'habitat;17110;179.043322145;89.521661072;;185.368631918;;92.684315959;179.043322145;89;89.521661072;98.455448014;;98.455448014;102.783491975;;102.783491975;98.455448014;98;98.455448014;710.050704360;213.254262864;903.125257237;203.096411953;95.736994239;97.649710435;95.736994239;83.306327906;87.718921483;83.306327906;99.422592800;97.570454961;99.422592800;86.683306150;89.144809648;86.683306150;97.392258912;95.643935996;97.392258912;98.455448014;102.783491975;98.455448014;86.683306150;;86.683306150;89.144809648;;89.144809648;86.683306150;86;86.683306150;196.814851712;;98.407425856;193.214390957;;96.607195479;196.814851712;98;98.407425856;9814;;;277.498770158;;92.499590053;288.152123893;;96.050707964;277.498770158;92;92.499590053;283.498157861;;94.499385954;282.359200605;;94.119733535;283.498157861;94;94.499385954;Polygon;14037.777777778;1;1648.379554861;760.423861479;25.013879243;426.449933904;250.995098755;0.300336668;0.224881776;0.461315999;0.175768016;0.103451559;14037.777777778;9814;560.996928019;;570.511324498;;560.996928019;93;0.313710150;0.307565344;0.313710150;0.269945611;0.256366326;0.269945611;0.463995141;0.472802960;0.463995141;0.202770319;0.197171340;0.202770319;0.106221542;0.108163218;0.106221542;14258;13657.619047619;14258
Saint-Pierre;LA REUNION;CA Civis (Communauté Intercommunale des Villes Solidaires);LA REUNION;4250.873168710;114.360459760;116.596903463;114.360459760;Non;974160301;97416;69;249740077;-21.3285448462, 55.4754970328;"{""type"": ""Polygon"", ""coordinates"": [[[55.46673453969727, -21.331326223063193], [55.46572884545558, -21.33171178290639], [55.464917718180764, -21.33202143081733], [55.46385779596087, -21.332429065838184], [55.46411156712269, -21.332130589926162], [55.46544889166551, -21.330542176831376], [55.46633736830067, -21.329468145004668], [55.46672011889956, -21.328724615977702], [55.46685819124873, -21.328425983032666], [55.468370498147834, -21.326743672069295], [55.471378882267935, -21.325058132064807], [55.472658622845, -21.323710308593963], [55.472920260812295, -21.32348686217306], [55.473073919083575, -21.323357280372523], [55.47319895002417, -21.323292475520837], [55.473218247603405, -21.323290844185845], [55.47321236116562, -21.323300726949405], [55.473209235763306, -21.323323280886292], [55.47321470178083, -21.323354042481153], [55.473224117008094, -21.323375807012305], [55.474739701313254, -21.324390412729738], [55.47476939716865, -21.32440874801378], [55.474895985621494, -21.324473126974908], [55.47500376173286, -21.32449217053361], [55.475129946308854, -21.32450234806606], [55.475300650053576, -21.3244957667015], [55.47685722626259, -21.32476370233888], [55.478655465406966, -21.325249698311453], [55.47869583069313, -21.325261806428003], [55.47875401781202, -21.325321950408235], [55.47904039084252, -21.325691279129988], [55.4790869548591, -21.325756737612203], [55.479094219787314, -21.325800161470948], [55.47907935077909, -21.32583977189834], [55.479027562562905, -21.325907050417545], [55.478817675583926, -21.32616078356204], [55.47822159554417, -21.32684369858866], [55.478140682540506, -21.326930585590766], [55.47805512656685, -21.327000267926326], [55.47798928776113, -21.32702767392633], [55.477600321165454, -21.3288935179775], [55.4792815872377, -21.329976882492655], [55.48010000156814, -21.329751686929658], [55.48113920892069, -21.328775134802328], [55.48219841024437, -21.32777481865867], [55.48238993014771, -21.32761937451385], [55.48284499761222, -21.327335331167863], [55.484838041933635, -21.326177216130713], [55.48584384611439, -21.328685699584025], [55.48571209526256, -21.32874774343366], [55.48535250959167, -21.32893419572928], [55.48513234931922, -21.32906228630508], [55.48486886921377, -21.329231086047606], [55.48467509259489, -21.329371608293293], [55.48459413531404, -21.329463014582135], [55.48454817843842, -21.329525830935662], [55.48450711568994, -21.3295814650362], [55.48313050841604, -21.332666446281802], [55.482975540451434, -21.332829447196417], [55.4828174850446, -21.333011389266765], [55.48274191845875, -21.333140781513045], [55.48269567160436, -21.333231596755965], [55.48268942304728, -21.33327670507897], [55.48208354642575, -21.333036377257812], [55.48196832034583, -21.332991075063713], [55.48165427830138, -21.332872616441836], [55.481471804167256, -21.332804123994162], [55.48133638075422, -21.33275412241686], [55.48106351321223, -21.332663133627673], [55.48054838561547, -21.332504917138902], [55.47809047267061, -21.331790195245592], [55.475602789539444, -21.330990474235076], [55.47478217939033, -21.33072739761126], [55.4739961546799, -21.330476373931784], [55.4736886489706, -21.330379639332143], [55.47260779720557, -21.330111479086952], [55.4725666271242, -21.33017704526339], [55.472528610780344, -21.33021734791501], [55.472498455941015, -21.330243269332847], [55.472482929249246, -21.330253064434817], [55.47243052781857, -21.330286009991543], [55.47237163091645, -21.330294507614294], [55.47233115268646, -21.330293236416246], [55.47229554116615, -21.33028749298449], [55.47226002316794, -21.330272717477246], [55.47222167867281, -21.33025159322805], [55.47216260339403, -21.33018421264574], [55.47072989210313, -21.329820706035058], [55.469403095649454, -21.330307245572186], [55.46767053079954, -21.33096802343697], [55.46673453969727, -21.331326223063193]]]}";9741603;97416;974;4;974160301;Les Casernes-Joli Fond;Saint-Pierre;LA REUNION;Les Casernes-Joli Fond;LA REUNION;;4;;;;;;Iris d'habitat;17110;275.884496960;137.942248480;;284.772722199;;142.386361100;275.884496960;137;137.942248480;98.455448014;;98.455448014;102.783491975;;102.783491975;98.455448014;98;98.455448014;1128.385327206;614.298521234;1565.975260837;432.649342189;173.537552940;177.004635762;173.537552940;102.346944021;107.768086437;102.346944021;117.164102696;114.981459277;117.164102696;126.854253227;130.456471485;126.854253227;67.804457661;66.587275840;67.804457661;98.455448014;102.783491975;98.455448014;126.854253227;;126.854253227;130.456471485;;130.456471485;126.854253227;126;126.854253227;184.968560357;;92.484280179;181.568735116;;90.784367558;184.968560357;92;92.484280179;5608;;;374.339944974;;124.779981658;387.556214174;;129.185404725;374.339944974;124;124.779981658;311.822813584;;103.940937861;312.025206601;;104.008402200;311.822813584;103;103.940937861;Polygon;14037.777777778;1;2627.279007237;1428.282775238;113.948735424;1093.421386571;306.160385100;0.544404918;0.276281084;0.543635743;0.257222774;0.072022940;14037.777777778;5608;686.162758558;;699.581420775;;686.162758558;114;0.313710150;0.307565344;0.313710150;0.269945611;0.256366326;0.269945611;0.463995141;0.472802960;0.463995141;0.202770319;0.197171340;0.202770319;0.106221542;0.108163218;0.106221542;14258;13657.619047619;14258
Saint-Pierre;LA REUNION;CA Civis (Communauté Intercommunale des Villes Solidaires);LA REUNION;4431.667764638;87.699025732;89.248426601;87.699025732;Non;974160605;97416;69;249740077;-21.2745823204, 55.4840984903;"{""type"": ""Polygon"", ""coordinates"": [[[55.47376760028288, -21.281217637564932], [55.473722717817445, -21.281177485682598], [55.47284617821413, -21.280570652628146], [55.47264096088038, -21.280471235332442], [55.47233771122937, -21.280345636177277], [55.47209293773425, -21.280250375875035], [55.470611527775475, -21.277185592683562], [55.46954172428885, -21.27644601092691], [55.46822820041428, -21.276070041335213], [55.467936967341466, -21.275995128696586], [55.466518043163795, -21.275468240303155], [55.46675812878984, -21.275084718849392], [55.46688547929116, -21.274327109736337], [55.46688616326715, -21.273889017531445], [55.466722619925086, -21.273675254378603], [55.46671465949495, -21.273327413055156], [55.466689263135926, -21.272058051256924], [55.46685168327111, -21.271542844338462], [55.46716857769858, -21.271000137392544], [55.46861065204903, -21.27040352799067], [55.469707199390484, -21.2699501013416], [55.47006432526747, -21.269802494449692], [55.47097822765518, -21.268630841966676], [55.47118171391895, -21.26733037673224], [55.47083869978799, -21.26536620438161], [55.47027161204522, -21.263265405925907], [55.47007570138851, -21.26170814831916], [55.47000449529753, -21.260299260230433], [55.47037940777629, -21.258800478558452], [55.47063560495892, -21.25797267234333], [55.47183223773301, -21.257241918285285], [55.47221224960268, -21.25711438503612], [55.47227320247041, -21.257090548465193], [55.472420759680055, -21.257078336412146], [55.47405038784865, -21.25682769873728], [55.47522907595417, -21.25652700880455], [55.478448959061616, -21.255071983026152], [55.4792034822746, -21.254740505953748], [55.4792578185024, -21.25470396082206], [55.479299545747104, -21.25467543163074], [55.47942611738819, -21.254548304654598], [55.47944074604325, -21.254531273887928], [55.480137308320174, -21.25501178947017], [55.482666279843585, -21.25693783219426], [55.48415134561583, -21.258147167845326], [55.48471422281543, -21.258605687522667], [55.485331572173315, -21.25910895689094], [55.48540324586306, -21.259167412430234], [55.486083071246064, -21.260723588821662], [55.48631358032078, -21.2609867140453], [55.48679366418177, -21.26153345917215], [55.48739568373902, -21.26221859974243], [55.48907236312432, -21.264490545989062], [55.490974791239445, -21.266364787644743], [55.49200390119309, -21.26741415648009], [55.49287365469952, -21.268309887348053], [55.49288953002349, -21.268359711105532], [55.49290914938635, -21.26842040800708], [55.49351731841426, -21.269358960926553], [55.4946391810233, -21.270293973342262], [55.49633382662783, -21.271575993662516], [55.49752919082406, -21.27329571347502], [55.49756920896542, -21.273862894496187], [55.497564106518546, -21.27389085144638], [55.49755997687344, -21.273917913768265], [55.49755282793884, -21.273957595431582], [55.49753456547122, -21.274047763054604], [55.49750016879416, -21.274113397511595], [55.49744448956711, -21.27418697185357], [55.49738401044756, -21.27425869674348], [55.49732265018041, -21.274322284000785], [55.49719813063258, -21.274436796116557], [55.497084220079174, -21.27455049948745], [55.49702185005309, -21.274618594135553], [55.496985424812245, -21.27469414671856], [55.496957782376086, -21.274758938007007], [55.496945237033025, -21.27485547968788], [55.49694252163221, -21.275217680742575], [55.496947808338646, -21.27536135340486], [55.49696698974684, -21.27546540464479], [55.497115163774936, -21.276058391604273], [55.49734803057121, -21.276757820783555], [55.49796320022994, -21.27796199404053], [55.50001945493748, -21.27942560975121], [55.50003268074729, -21.27945192341299], [55.50004402500881, -21.279473703787644], [55.500101048562975, -21.279552799262714], [55.50025423100146, -21.279748374224397], [55.501552996668394, -21.28121335487928], [55.50228675632268, -21.282037374594502], [55.502514572458026, -21.28228690658867], [55.503146689697616, -21.282965490029046], [55.50385021783914, -21.28363567282833], [55.50410146943583, -21.28366500439664], [55.50414361646369, -21.283690671414487], [55.504199182236555, -21.283723684082005], [55.50408153770175, -21.283729865367683], [55.50407573722856, -21.283731620446176], [55.50378213702446, -21.283887090286395], [55.50374336967471, -21.283908425132324], [55.50308483354051, -21.28441113299171], [55.50275128187233, -21.284895049000774], [55.50040063322408, -21.286886692277154], [55.49904587762776, -21.28799110369679], [55.496520899613394, -21.289392178815007], [55.49641049204167, -21.28944448759559], [55.496318422908566, -21.289494250199], [55.49622526137794, -21.28955664923613], [55.495793926565085, -21.28989063090158], [55.49560829054099, -21.290042533517408], [55.49547899214367, -21.290151580903736], [55.495318302395965, -21.29031454576009], [55.49317381862318, -21.29182465373428], [55.4921655275638, -21.292545040676952], [55.49113086681369, -21.29334557844886], [55.48979443649995, -21.294483494512686], [55.48977494897991, -21.294504095568833], [55.48974183956182, -21.29453722060049], [55.48963107647859, -21.29443505696555], [55.487247168260026, -21.29258085105988], [55.486168901058186, -21.291330925864674], [55.48399707511007, -21.28882369287601], [55.48379217115028, -21.288597829198903], [55.48374165878755, -21.28854227297184], [55.48277187686176, -21.28752725999886], [55.48076723347055, -21.285831755616982], [55.478461430921676, -21.28399801335615], [55.477351065657615, -21.283445093462703], [55.477278411288296, -21.28338752864398], [55.47716930430089, -21.283313374750644], [55.47708109160608, -21.28326921860961], [55.47698593786228, -21.283243968898756], [55.473921720832905, -21.28141234000035], [55.473843855253975, -21.28129962544732], [55.47376760028288, -21.281217637564932]]]}";9741606;97416;974;4;974160605;Les Hauts de la Ravine des Cabris;Saint-Pierre;LA REUNION;Les Hauts de la Ravine des Cabris;LA REUNION;;4;;;;;;Iris d'habitat;17110;160.981189180;80.490594590;;166.640757048;;83.320378524;160.981189180;80;80.490594590;98.455448014;;98.455448014;102.783491975;;102.783491975;98.455448014;98;98.455448014;1251.552946825;341.256346498;1605.106308088;320.915315932;86.916642034;88.653137630;86.916642034;74.064547146;77.987619417;74.064547146;99.678165461;97.821266574;99.678165461;89.863747038;92.415563963;89.863747038;77.215604700;75.829480046;77.215604700;98.455448014;102.783491975;98.455448014;89.863747038;;89.863747038;92.415563963;;92.415563963;89.863747038;89;89.863747038;176.893770161;;88.446885081;173.650746621;;86.825373310;176.893770161;88;88.446885081;12168;;;259.436637194;;86.478879065;269.424249023;;89.808083008;259.436637194;86;86.478879065;266.757517199;;88.919172400;266.066310583;;88.688770194;266.757517199;88;88.919172400;Polygon;14037.777777778;1;3024.471479033;1398.823636089;52.676611912;807.525232904;363.483643773;0.272666328;0.199933995;0.462501844;0.182217006;0.082019606;14037.777777778;12168;526.194154393;;535.490559606;;526.194154393;87;0.313710150;0.307565344;0.313710150;0.269945611;0.256366326;0.269945611;0.463995141;0.472802960;0.463995141;0.202770319;0.197171340;0.202770319;0.106221542;0.108163218;0.106221542;14258;13657.619047619;14258
Saint-Pierre;LA REUNION;CA Civis (Communauté Intercommunale des Villes Solidaires);LA REUNION;3130.061560775;85.016424680;86.469083009;85.016424680;Non;974161001;97416;69;249740077;-21.3312830941, 55.5230323043;"{""type"": ""Polygon"", ""coordinates"": [[[55.53132811556323, -21.31242228638632], [55.53134719594788, -21.312442325851933], [55.53215621617161, -21.313291274847256], [55.53224980814983, -21.313379712882124], [55.53226492543459, -21.313410557409874], [55.53186559648308, -21.313919249795692], [55.52940806221506, -21.31629844055828], [55.52724154704278, -21.31842755198123], [55.52720552846856, -21.319344434655708], [55.528768595821965, -21.320660691241944], [55.528897197657706, -21.321852152793245], [55.528814709468534, -21.324449124662706], [55.53187865269739, -21.325596465925628], [55.53374789154265, -21.32715834485797], [55.53643469328628, -21.32935467501126], [55.537576249982365, -21.33027198759836], [55.53787569655948, -21.330505840557308], [55.5401698758495, -21.332298984233365], [55.54082754330209, -21.33282093849172], [55.54235383531675, -21.334031524312376], [55.54269348387086, -21.33429643064835], [55.542821809693294, -21.334384261424834], [55.543705211814135, -21.334748727641283], [55.54370323912951, -21.334753227111946], [55.54369685740362, -21.334813693785804], [55.54372466435585, -21.334926848887875], [55.54392204112174, -21.335344986518137], [55.543954034416906, -21.335424755277643], [55.54392680015227, -21.335448908758266], [55.54391693670706, -21.335471406121727], [55.54379680780039, -21.336164561242327], [55.5433907875315, -21.336810975896686], [55.54278005466649, -21.337244690701898], [55.54185815585506, -21.337749774782743], [55.54168282877255, -21.337832261286955], [55.5415802979896, -21.33786569727524], [55.54129986015043, -21.337949980966457], [55.5410176815038, -21.33801527950665], [55.540671900757964, -21.338077315259945], [55.54050687480451, -21.338093044872974], [55.54044126434574, -21.33809789484727], [55.540353462372906, -21.338104358647836], [55.540178983400864, -21.338101036273038], [55.54001444914472, -21.338067087528945], [55.53991650736169, -21.338026490793293], [55.53984938011003, -21.337989775022624], [55.53981594168482, -21.337958771853266], [55.53978448506587, -21.337922366030334], [55.53974695959511, -21.337817255780465], [55.53726913990049, -21.337578145909237], [55.53594725250955, -21.339078636045997], [55.53586010969085, -21.339504239178453], [55.53564714696037, -21.340075081942963], [55.53535641870515, -21.340709381438355], [55.53515278867251, -21.341116805587028], [55.53491136048535, -21.341543772623375], [55.5345106847032, -21.341743974453625], [55.53369569023388, -21.341916170383737], [55.533572115664455, -21.34193225469679], [55.53355860937849, -21.341933040117066], [55.533280806834185, -21.34194506803593], [55.53292900274654, -21.341932963270548], [55.53284137813621, -21.341921358378162], [55.53277509838424, -21.341896390213382], [55.5294091459246, -21.34139886575848], [55.52508340302686, -21.340786625263164], [55.52226956422722, -21.3406824092328], [55.5210033761908, -21.3407543720708], [55.518895874993234, -21.340018130887238], [55.51680253653773, -21.33807597570808], [55.515499045259354, -21.33701041039945], [55.515372354295415, -21.33704903650538], [55.51503560890466, -21.337170716954226], [55.514973636642274, -21.337197268407785], [55.514918294515546, -21.337235621388835], [55.51485216587074, -21.33729194509925], [55.514806264141015, -21.337350254168676], [55.5147642095007, -21.337409500531653], [55.514141802717226, -21.338371888124126], [55.513778728471586, -21.339048864790684], [55.513333160397345, -21.340018232529964], [55.51305593221087, -21.340929922266902], [55.51301580261913, -21.341084935265375], [55.51301453799184, -21.341114733079937], [55.51288736156545, -21.341105477719836], [55.512252035615695, -21.341481950214884], [55.51034588439131, -21.34148131944303], [55.50804476356666, -21.34068496442028], [55.506694668819364, -21.340283195585446], [55.50594793609983, -21.339996985305618], [55.50560702808592, -21.33986207155118], [55.50552542101398, -21.339827923556697], [55.50541886723826, -21.339781810702526], [55.505305633723516, -21.339728863603085], [55.505207761267, -21.339682376199548], [55.50510226332489, -21.339627239537162], [55.505042811704854, -21.339595095040714], [55.50500358716823, -21.339564937102978], [55.50491950025689, -21.339490118220226], [55.50487286542667, -21.339430085384638], [55.5048272130112, -21.33936825467796], [55.50481228246484, -21.339319343563986], [55.50480114408125, -21.33927678930142], [55.50479096060922, -21.339235146836824], [55.50477988633604, -21.33918627003701], [55.50477457812869, -21.33913925115057], [55.504772766474716, -21.339032645516944], [55.50477327011064, -21.338982968446253], [55.50478764603064, -21.33889637948306], [55.50479882757654, -21.33883957102357], [55.504811900605674, -21.33878639259811], [55.504831850233124, -21.338720629148316], [55.50488638427669, -21.338572069740597], [55.50491893984001, -21.33849919203566], [55.504961218346594, -21.338418271123874], [55.505009125508025, -21.33835275639692], [55.505055003807676, -21.338297159915157], [55.50320875778076, -21.335913172640808], [55.502798087661056, -21.33543347475427], [55.50457627417118, -21.333497725513734], [55.506089624906615, -21.33209977553581], [55.508272547547904, -21.33045979763204], [55.50971170320664, -21.328955917917575], [55.51029752493512, -21.3277482621363], [55.51131054431562, -21.326384829623688], [55.51207585548143, -21.32568341460228], [55.5134789573824, -21.324304737885853], [55.51411142949043, -21.32362923693436], [55.5162443535857, -21.321714999600715], [55.518853974583905, -21.32069228410696], [55.52063077073067, -21.319739275969333], [55.52300263981862, -21.317920539432805], [55.52540219987041, -21.315929476863435], [55.525397768131874, -21.315890595695038], [55.52539678739097, -21.315795739596364], [55.525399121125766, -21.31575511113103], [55.52541201286128, -21.315719091789305], [55.525429670062536, -21.31568853408802], [55.52561783570737, -21.31538034866028], [55.52564711392449, -21.315344472953775], [55.525747605634656, -21.31522431041736], [55.52579632440007, -21.3151723455241], [55.5263662764044, -21.31456986476231], [55.5271870018272, -21.313856664272414], [55.52816303893199, -21.313228374779527], [55.53127401144099, -21.31243446030126], [55.53132811556323, -21.31242228638632]]]}";9741610;97416;974;4;974161001;Montvert Les Bas;Saint-Pierre;LA REUNION;Montvert Les Bas;LA REUNION;;4;;;;;;Iris d'habitat;17110;147.948525084;73.974262542;;153.332593501;;76.666296750;147.948525084;73;73.974262542;98.455448014;;98.455448014;102.783491975;;102.783491975;98.455448014;98;98.455448014;945.500985942;220.509285042;1186.347618355;235.723263270;74.342356738;75.827632424;74.342356738;73.606168347;77.504961077;73.606168347;76.995466942;75.561122759;76.995466942;81.766086150;84.087957754;81.766086150;104.933021889;103.049332068;104.933021889;98.455448014;102.783491975;98.455448014;81.766086150;;81.766086150;84.087957754;;84.087957754;81.766086150;81;81.766086150;181.928488832;;90.964244416;178.610454827;;89.305227413;181.928488832;90;90.964244416;16858;;;246.403973098;;82.134657699;256.116085476;;85.372028492;246.403973098;82;82.134657699;263.694574982;;87.898191661;262.698412581;;87.566137527;263.694574982;87;87.898191661;Polygon;14037.777777778;1;2119.434510892;757.179053248;55.189126234;518.955923037;348.881274919;0.233219519;0.198696621;0.357255225;0.165797353;0.111461474;14037.777777778;16858;510.098548080;;518.814498057;;510.098548080;85;0.313710150;0.307565344;0.313710150;0.269945611;0.256366326;0.269945611;0.463995141;0.472802960;0.463995141;0.202770319;0.197171340;0.202770319;0.106221542;0.108163218;0.106221542;14258;13657.619047619;14258
Saint-Pierre;LA REUNION;CA Civis (Communauté Intercommunale des Villes Solidaires);LA REUNION;2794.855558855;90.884173274;92.378579986;90.884173274;Non;974161101;97416;69;249740077;-21.315726009, 55.5499013661;"{""type"": ""Polygon"", ""coordinates"": [[[55.543705211814135, -21.334748727641283], [55.542821809693294, -21.334384261424834], [55.54269348387086, -21.33429643064835], [55.54235383531675, -21.334031524312376], [55.54082754330209, -21.33282093849172], [55.5401698758495, -21.332298984233365], [55.53787569655948, -21.330505840557308], [55.537576249982365, -21.33027198759836], [55.53643469328628, -21.32935467501126], [55.53374789154265, -21.32715834485797], [55.53187865269739, -21.325596465925628], [55.528814709468534, -21.324449124662706], [55.528897197657706, -21.321852152793245], [55.528768595821965, -21.320660691241944], [55.52720552846856, -21.319344434655708], [55.52724154704278, -21.31842755198123], [55.52940806221506, -21.31629844055828], [55.53186559648308, -21.313919249795692], [55.53226492543459, -21.313410557409874], [55.53226680836298, -21.313415090400884], [55.53317092606551, -21.31497848128786], [55.533457979280975, -21.31529172402593], [55.53402023983992, -21.315849453195295], [55.534235132074556, -21.316051861604116], [55.53433072658981, -21.31613308955589], [55.534818286255764, -21.31654473196761], [55.536548205365264, -21.31571790766819], [55.53664798176858, -21.315669093690335], [55.53673424529054, -21.315621968701507], [55.53679645545045, -21.315570117825036], [55.53684121652214, -21.3155280515551], [55.5368772933222, -21.315486813031555], [55.53694265466595, -21.315408793432844], [55.536987594624016, -21.31534866241431], [55.53703073198346, -21.315275869317905], [55.537068049985066, -21.31520663883868], [55.53720077396106, -21.314945832520277], [55.53730345498474, -21.314701024416134], [55.53757806543152, -21.314032702413126], [55.53895666587939, -21.312586735714586], [55.54048436948704, -21.312389075594922], [55.54140086619432, -21.31212196673989], [55.542637409186746, -21.311756454800122], [55.54393636399849, -21.311415411601885], [55.54614948296178, -21.311203432733524], [55.549227086964976, -21.310295849559473], [55.55135025838184, -21.308840055399234], [55.553098115993635, -21.306832446271475], [55.5546078181496, -21.30533913928204], [55.55560710388975, -21.303942607756415], [55.55633114067132, -21.303336390042745], [55.557319878589325, -21.302772146793593], [55.561090944069925, -21.30208298707842], [55.56404027712673, -21.300253207211686], [55.566393746448504, -21.29905484357412], [55.56640829147342, -21.2990459342511], [55.56735940014093, -21.300962756757286], [55.56845805804392, -21.30317350691585], [55.570269589320006, -21.306828401985225], [55.57066544103233, -21.307660113612883], [55.572965417349884, -21.312154707674036], [55.57295573455768, -21.312159142141933], [55.57248078815346, -21.31242701232551], [55.57069194355159, -21.31393662997406], [55.56939346233771, -21.31527650902155], [55.56837275460717, -21.316251992830736], [55.5683125349089, -21.31629845292784], [55.56822822541047, -21.316343804584825], [55.56812471587063, -21.316380862821177], [55.568026096064685, -21.316410736050788], [55.5679479029506, -21.31642181340219], [55.56737994009309, -21.316437752355853], [55.56454521671774, -21.31609290078486], [55.56247522279073, -21.315821386256285], [55.56183626595671, -21.315802373518924], [55.56119120712231, -21.31596442184232], [55.55858018912383, -21.316950167230257], [55.55560106369128, -21.318212737489173], [55.55322778068881, -21.31937748790629], [55.551836522998734, -21.3202286311069], [55.55062861347727, -21.320814412470448], [55.549265970314835, -21.321252512430483], [55.54836330865649, -21.32128446754049], [55.54745561501888, -21.32221968981099], [55.54575779578842, -21.324140365337918], [55.544046670895305, -21.326232535585213], [55.54382154760378, -21.326575651594986], [55.54381353027022, -21.327046208695624], [55.543832192941345, -21.32754861287389], [55.54413876434293, -21.32864879467091], [55.54461283973085, -21.33031228764506], [55.544889583559105, -21.33130968389322], [55.545042535136574, -21.332004301345872], [55.54451688921852, -21.333686236414756], [55.543806756984786, -21.33461953048374], [55.54372299271964, -21.33470552269635], [55.543705211814135, -21.334748727641283]]]}";9741611;97416;974;4;974161101;Montvert Les Hauts;Saint-Pierre;LA REUNION;Montvert Les Hauts;LA REUNION;;4;;;;;;Iris d'habitat;17110;149.960651109;74.980325555;;155.650353209;;77.825176604;149.960651109;74;74.980325555;98.455448014;;98.455448014;102.783491975;;102.783491975;98.455448014;98;98.455448014;842.944732093;180.635107437;1081.322214330;238.341266718;68.308459365;69.673184648;68.308459365;81.652191744;85.977168560;81.652191744;104.153156397;102.212893158;104.153156397;93.830119137;96.494567192;93.830119137;98.905664984;97.130174380;98.905664984;98.455448014;102.783491975;98.455448014;93.830119137;;93.830119137;96.494567192;;96.494567192;93.830119137;93;93.830119137;203.058821381;;101.529410691;199.343067538;;99.671533769;203.058821381;101;101.529410691;13446;;;248.416099123;;82.805366374;258.433845184;;86.144615061;248.416099123;82;82.805366374;296.888940518;;98.962980173;295.837634730;;98.612544910;296.888940518;98;98.962980173;Polygon;14037.777777778;1;1956.989252564;945.745554912;50.231304689;531.748189081;293.625072364;0.214290570;0.220416508;0.483265584;0.190259632;0.105059122;14037.777777778;13446;545.305039641;;554.271479914;;545.305039641;90;0.313710150;0.307565344;0.313710150;0.269945611;0.256366326;0.269945611;0.463995141;0.472802960;0.463995141;0.202770319;0.197171340;0.202770319;0.106221542;0.108163218;0.106221542;14258;13657.619047619;14258
Saint-Pierre;LA REUNION;CA Civis (Communauté Intercommunale des Villes Solidaires);LA REUNION;1999.698598326;93.997067986;95.540702609;93.997067986;Non;974160204;97416;69;249740077;-21.3073170586, 55.4313229549;"{""type"": ""Polygon"", ""coordinates"": [[[55.424171726212045, -21.29362804818717], [55.424802110774266, -21.29362401307639], [55.42750774200916, -21.293607762488254], [55.429550904624186, -21.292714524407046], [55.42965644957099, -21.29266853849029], [55.431736418456424, -21.292664446065853], [55.4320727971634, -21.292663966798596], [55.43381735275817, -21.292660336887824], [55.43540713072014, -21.29216386370576], [55.43576879645408, -21.292050701523227], [55.43699689893517, -21.291667374816843], [55.43890355093621, -21.291463764047137], [55.440811153369154, -21.29126104346868], [55.44292934871092, -21.29018857765828], [55.44321132089798, -21.290045756530446], [55.44332565727444, -21.289988100277082], [55.443925869027744, -21.28973621297891], [55.44565292807796, -21.289010569981123], [55.44649539135863, -21.288657031596465], [55.447316063163335, -21.288313223949487], [55.44812245988138, -21.287974700224044], [55.44994278499184, -21.286990626637348], [55.44999087712884, -21.286907966826842], [55.45016457521608, -21.28661148052708], [55.4509332187436, -21.286471318582514], [55.451312707389846, -21.28640254673878], [55.45231888090231, -21.28622030198022], [55.453611401312216, -21.286028035384536], [55.45492839940838, -21.285891084056683], [55.45549089251001, -21.285833014893786], [55.45549813040622, -21.285878245842806], [55.45557484222439, -21.286653973223775], [55.455580918383305, -21.286718162620623], [55.45557675230827, -21.286747933002953], [55.45557367255659, -21.28676597056865], [55.45555306700304, -21.28680100988324], [55.45551795878969, -21.28684043260115], [55.45546728986756, -21.286893261914244], [55.45536124662539, -21.286988037825846], [55.4548558356239, -21.287578216775575], [55.45454202619974, -21.287956073197474], [55.45402699825579, -21.289142784161093], [55.454018088749145, -21.289165284593043], [55.45392708498091, -21.289388464765207], [55.45172149292837, -21.291083539714116], [55.450530424572676, -21.291523321051724], [55.44875725609282, -21.29287637401333], [55.4482350089747, -21.293321397390304], [55.44682181660981, -21.294626258719003], [55.44672934966369, -21.29471212094814], [55.44659565541156, -21.29486896229682], [55.4463641905692, -21.295157684211752], [55.44482529666998, -21.29741343020903], [55.444445954971705, -21.29810635790403], [55.44423330054853, -21.29871320691266], [55.44422299631049, -21.299508906706244], [55.44436681809957, -21.300496624751922], [55.444393950127456, -21.300574558186785], [55.444428583283134, -21.300672433257276], [55.44454548400565, -21.300829782430455], [55.44468493230458, -21.30095120850805], [55.444848912748874, -21.301031310058598], [55.44496345127745, -21.301046821215916], [55.446195100500006, -21.300698239653695], [55.4469726463335, -21.300452046023473], [55.44759091169639, -21.3005038188876], [55.44840696818178, -21.30062877317099], [55.44915659474274, -21.300930155656804], [55.450087280798776, -21.302073260424816], [55.45013390995789, -21.30213059707503], [55.45015580253986, -21.302156994078185], [55.4507606232672, -21.303354000802113], [55.45208154187093, -21.30428389952865], [55.453628673999496, -21.30473449044357], [55.45475514812351, -21.304954328592373], [55.45645541401075, -21.30583754622903], [55.45893519505698, -21.307398131470283], [55.45897497609017, -21.307373203777754], [55.45777518823092, -21.30983722171875], [55.4575565883197, -21.310093558031408], [55.45589008168487, -21.311462106020784], [55.45475907776048, -21.311581792611868], [55.45466744491946, -21.311587273754483], [55.45459245286763, -21.311568518966535], [55.45285425637454, -21.310758549269096], [55.4511561469647, -21.30989654097158], [55.44971163800827, -21.310242873089013], [55.44840560024291, -21.31103823722127], [55.446391897078435, -21.31360575547892], [55.444538859149475, -21.315755573646115], [55.44331069033475, -21.317756759906782], [55.44269287017506, -21.318671553584068], [55.441944897739525, -21.3194296374947], [55.44130326138245, -21.320657483215157], [55.44078780376158, -21.32219560318433], [55.44067951126349, -21.324644301160095], [55.44017389439694, -21.325873945688393], [55.439601047060464, -21.327443501269244], [55.439569750923795, -21.327576896453586], [55.43935939887662, -21.327503584330405], [55.438858830465335, -21.32734266839333], [55.43834272527553, -21.327192446054124], [55.43793778968988, -21.32710467841367], [55.43655319684062, -21.326852436638976], [55.4356964232881, -21.326918534726087], [55.43315116158102, -21.32666313798597], [55.43008543533122, -21.32630709563326], [55.42984311707906, -21.326248829118544], [55.42926386794475, -21.32605463234873], [55.42592969108351, -21.32483924780536], [55.425657070942776, -21.32473010817459], [55.42497775373462, -21.324385039682557], [55.423782613089074, -21.323773519872343], [55.421802294997136, -21.322666785805588], [55.42081977717273, -21.32209865763723], [55.419813856857594, -21.321511109517218], [55.41923240110175, -21.321166011895574], [55.41747025405536, -21.319992339242955], [55.417142135694725, -21.319756205620287], [55.41630711730099, -21.319145858255425], [55.41594582867401, -21.318857020096733], [55.41569169241109, -21.318644162687775], [55.415181697929754, -21.318199461814856], [55.414488897492134, -21.317453148747365], [55.41208197467592, -21.314931529182896], [55.41056915666536, -21.31263692308566], [55.40976000790013, -21.309809253356946], [55.40870322294987, -21.307870769484172], [55.407541545964236, -21.306634034020686], [55.406510943271975, -21.305668611712175], [55.40486109074034, -21.304298066752622], [55.40402377752698, -21.303645189046968], [55.40396366399744, -21.303588615881246], [55.405160503841785, -21.30200930134694], [55.406987044399074, -21.301025777366213], [55.40768085003245, -21.30068458403752], [55.40871186161666, -21.300177664638582], [55.409833168464296, -21.29969869009338], [55.41084793051629, -21.29926747835396], [55.411870440720946, -21.29883226853848], [55.41275545190259, -21.29845537150178], [55.41593140105087, -21.297101477636502], [55.41761967121558, -21.295877160378588], [55.41959907528, -21.29473504714329], [55.42308639456243, -21.29363414200006], [55.424171726212045, -21.29362804818717]]]}";9741602;97416;974;4;974160204;Pierrefonds;Saint-Pierre;LA REUNION;Pierrefonds;LA REUNION;;4;;;;;;Iris d'habitat;17110;176.726135762;88.363067881;;182.416773337;;91.208386668;176.726135762;88;88.363067881;98.455448014;;98.455448014;102.783491975;;102.783491975;98.455448014;98;98.455448014;554.183504007;193.420391832;694.405330986;122.726471459;111.255142409;113.477893546;111.255142409;65.470993353;68.938879791;65.470993353;106.594507240;104.608764215;106.594507240;97.085794030;99.842691895;97.085794030;85.120522870;83.592494232;85.120522870;98.455448014;102.783491975;98.455448014;97.085794030;;97.085794030;99.842691895;;99.842691895;97.085794030;97;97.085794030;191.715030110;;95.857515055;188.201258447;;94.100629223;191.715030110;95;95.857515055;11496;;;275.181583775;;91.727194592;285.200265312;;95.066755104;275.181583775;91;91.727194592;288.800824140;;96.266941380;288.043950341;;96.014650114;288.800824140;96;96.266941380;Polygon;14037.777777778;1;1329.654520829;657.638262168;36.048424629;393.663013681;180.805412217;0.349018674;0.176736073;0.494593334;0.196861174;0.090416332;14037.777777778;11496;563.982407916;;573.244215653;;563.982407916;93;0.313710150;0.307565344;0.313710150;0.269945611;0.256366326;0.269945611;0.463995141;0.472802960;0.463995141;0.202770319;0.197171340;0.202770319;0.106221542;0.108163218;0.106221542;14258;13657.619047619;14258
Saint-Pierre;LA REUNION;CA Civis (Communauté Intercommunale des Villes Solidaires);LA REUNION;2817.248939898;121.561023591;123.871280595;121.561023591;Non;974160202;97416;69;249740077;-21.3354670453, 55.4683295061;"{""type"": ""Polygon"", ""coordinates"": [[[55.471102502568634, -21.334333325859884], [55.47101812723623, -21.334567413871167], [55.47092578668246, -21.334825818200407], [55.470360457283796, -21.33644117679687], [55.470182191128124, -21.33698965788433], [55.47016524986162, -21.337042797785703], [55.46920653630036, -21.340237133061933], [55.469083072699, -21.34070662211416], [55.46888304595002, -21.34065692499007], [55.46801297731836, -21.34041775152104], [55.465977039902675, -21.33982919961384], [55.46367968106155, -21.339163260721868], [55.463534533845355, -21.339121285511172], [55.463678252986725, -21.338745025193834], [55.463825362046535, -21.33832092140873], [55.46394464940974, -21.33797605248176], [55.46416340559742, -21.33733762055501], [55.466040056998935, -21.335392367037706], [55.466969139475644, -21.33444922972665], [55.468274326513544, -21.332426921514166], [55.46673453969727, -21.331326223063193], [55.46767053079954, -21.33096802343697], [55.469403095649454, -21.330307245572186], [55.47072989210313, -21.329820706035058], [55.47216260339403, -21.33018421264574], [55.47222167867281, -21.33025159322805], [55.47226002316794, -21.330272717477246], [55.47229554116615, -21.33028749298449], [55.47233115268646, -21.330293236416246], [55.47237163091645, -21.330294507614294], [55.47243052781857, -21.330286009991543], [55.472482929249246, -21.330253064434817], [55.472446457461885, -21.330330416069284], [55.471704750205284, -21.33254938379749], [55.47114318793959, -21.334221687910237], [55.471102502568634, -21.334333325859884]]]}";9741602;97416;974;4;974160202;Sidr Est-La Cayenne;Saint-Pierre;LA REUNION;Sidr Est-La Cayenne;LA REUNION;;4;;;;;;Iris d'habitat;17110;296.853503361;148.426751681;;307.503876978;;153.751938489;296.853503361;148;148.426751681;98.455448014;;98.455448014;102.783491975;;102.783491975;98.455448014;98;98.455448014;708.029194292;341.592409924;1214.783018117;469.141045655;153.790134359;156.862686231;153.790134359;143.063369002;150.641190748;143.063369002;109.894812431;107.847588207;109.894812431;106.895254199;109.930706512;106.895254199;117.267123542;115.162019896;117.267123542;98.455448014;102.783491975;98.455448014;106.895254199;;106.895254199;109.930706512;;109.930706512;106.895254199;106;106.895254199;227.161935973;;113.580967987;223.009608103;;111.504804052;227.161935973;113;113.580967987;8214;;;395.308951375;;131.769650458;410.287368953;;136.762456318;395.308951375;131;131.769650458;334.057190172;;111.352396724;332.940314615;;110.980104872;334.057190172;111;111.352396724;Polygon;14037.777777778;1;1875.032679260;956.091518572;118.263025768;610.643912964;350.924829965;0.482455261;0.386193286;0.509906589;0.216751848;0.124562947;14037.777777778;8214;729.366141547;;743.227683568;;729.366141547;121;0.313710150;0.307565344;0.313710150;0.269945611;0.256366326;0.269945611;0.463995141;0.472802960;0.463995141;0.202770319;0.197171340;0.202770319;0.106221542;0.108163218;0.106221542;14258;13657.619047619;14258
Saint-Pierre;LA REUNION;CA Civis (Communauté Intercommunale des Villes Solidaires);LA REUNION;2197.310977039;115.924549204;117.993265545;115.924549204;Non;974160203;97416;69;249740077;-21.3352125472, 55.462552962;"{""type"": ""Polygon"", ""coordinates"": [[[55.463534533845355, -21.339121285511172], [55.463414376565346, -21.339086765024806], [55.46284726666538, -21.338920792454303], [55.46247336540863, -21.33881078341297], [55.458867585382855, -21.337834717741703], [55.457507671962254, -21.33728297726801], [55.45718925745058, -21.336938611726392], [55.45713110372174, -21.33687575101183], [55.4570138890762, -21.336744601479932], [55.45699025142071, -21.336700123391417], [55.45784199448194, -21.33550657114592], [55.45848366093225, -21.33411778338481], [55.45873527561595, -21.333473337561987], [55.45878785872714, -21.33333110040871], [55.45882647391317, -21.333233899505434], [55.45892831858872, -21.333267351787516], [55.4604586694977, -21.333605206699147], [55.46202577924222, -21.333099713148744], [55.46221057240218, -21.333037270691317], [55.46260145105934, -21.33290445032632], [55.46375906353618, -21.332467004791294], [55.46385779596087, -21.332429065838184], [55.464917718180764, -21.33202143081733], [55.46572884545558, -21.33171178290639], [55.46673453969727, -21.331326223063193], [55.468274326513544, -21.332426921514166], [55.466969139475644, -21.33444922972665], [55.466040056998935, -21.335392367037706], [55.46416340559742, -21.33733762055501], [55.46394464940974, -21.33797605248176], [55.463825362046535, -21.33832092140873], [55.463678252986725, -21.338745025193834], [55.463534533845355, -21.339121285511172]]]}";9741602;97416;974;4;974160203;Sidr Ouest-Ravine Blanche;Saint-Pierre;LA REUNION;Sidr Ouest-Ravine Blanche;LA REUNION;;4;;;;;;Iris d'habitat;17110;261.243859452;130.621929726;;270.647372552;;135.323686276;261.243859452;130;130.621929726;98.455448014;;98.455448014;102.783491975;;102.783491975;98.455448014;98;98.455448014;593.181607905;250.120683120;928.575299551;317.926495204;134.410550172;137.095920005;134.410550172;126.833309281;133.551452547;126.833309281;118.773292274;116.560671353;118.773292274;103.352043539;106.286881030;103.352043539;113.722651943;111.681176361;113.722651943;98.455448014;102.783491975;98.455448014;103.352043539;;103.352043539;106.286881030;;106.286881030;103.352043539;103;103.352043539;232.495944217;;116.247972109;228.241847715;;114.120923857;232.495944217;116;116.247972109;7452;;;359.699307466;;119.899769155;373.430864527;;124.476954842;359.699307466;119;119.899769155;335.847987756;;111.949329252;334.528728744;;111.509576248;335.847987756;111;111.949329252;Polygon;14037.777777778;1;1494.391499668;823.562599250;75.086355463;460.484458592;265.430671345;0.421659539;0.342380952;0.551102304;0.209567268;0.120797954;14037.777777778;7452;695.547295222;;707.959593271;;695.547295222;115;0.313710150;0.307565344;0.313710150;0.269945611;0.256366326;0.269945611;0.463995141;0.472802960;0.463995141;0.202770319;0.197171340;0.202770319;0.106221542;0.108163218;0.106221542;14258;13657.619047619;14258
Saint-Pierre;LA REUNION;CA Civis (Communauté Intercommunale des Villes Solidaires);LA REUNION;2219.935924664;126.497071262;128.372580890;126.497071262;Non;974160201;97416;69;249740077;-21.3404658646, 55.4629801276;"{""type"": ""Polygon"", ""coordinates"": [[[55.467007117267414, -21.343410206182888], [55.46696578419309, -21.343398086245028], [55.464574236961646, -21.342466182185127], [55.46140190882172, -21.341797179773668], [55.460478183974104, -21.341618899671342], [55.460142840453486, -21.34150923853269], [55.459818356800646, -21.341375287561583], [55.45830996421926, -21.340082399143988], [55.456811654191846, -21.33847344079205], [55.456627872979595, -21.338254060829424], [55.456626483641145, -21.338202560758273], [55.45677050214846, -21.33752280574937], [55.457099980897375, -21.336901660549177], [55.45713110372174, -21.33687575101183], [55.45718925745058, -21.336938611726392], [55.457507671962254, -21.33728297726801], [55.458867585382855, -21.337834717741703], [55.46247336540863, -21.33881078341297], [55.46284726666538, -21.338920792454303], [55.463414376565346, -21.339086765024806], [55.463534533845355, -21.339121285511172], [55.46367968106155, -21.339163260721868], [55.465977039902675, -21.33982919961384], [55.46801297731836, -21.34041775152104], [55.46888304595002, -21.34065692499007], [55.469083072699, -21.34070662211416], [55.468943566166935, -21.341142543093593], [55.46875758483802, -21.34169004822624], [55.46850051008085, -21.3423985937854], [55.46818491037145, -21.343264680757557], [55.46810268716689, -21.34347620397046], [55.4680454852432, -21.34359943296429], [55.467807220579175, -21.343517770570138], [55.46768047901024, -21.34346693366494], [55.467393431959984, -21.343347790888565], [55.46738768507351, -21.343344125303634], [55.467007117267414, -21.343410206182888]]]}";9741602;97416;974;4;974160201;Sidr-Front de Mer;Saint-Pierre;LA REUNION;Sidr-Front de Mer;LA REUNION;;4;;;;;;Iris d'habitat;17110;261.426848022;130.713424011;;271.107330780;;135.553665390;261.426848022;130;130.713424011;98.455448014;;98.455448014;102.783491975;;102.783491975;98.455448014;98;98.455448014;543.149441697;215.219192812;878.599058059;320.465182894;126.308649099;128.832152169;126.308649099;135.118198923;142.275178611;135.118198923;124.058731560;121.747648490;124.058731560;96.940379134;99.693147723;96.940379134;178.101020844;174.903866372;178.101020844;98.455448014;102.783491975;98.455448014;96.940379134;;96.940379134;99.693147723;;99.693147723;96.940379134;96;96.940379134;302.159752403;;151.079876202;296.651514863;;148.325757431;302.159752403;151;151.079876202;11026;;;359.882296036;;119.960765345;373.890822755;;124.630274252;359.882296036;119;119.960765345;399.100131538;;133.033377179;396.344662586;;132.114887529;399.100131538;133;133.033377179;Polygon;14037.777777778;1;1643.021538467;945.766714470;50.074710667;436.364625884;419.971142464;0.396243053;0.364745648;0.575626486;0.196566316;0.189181651;14037.777777778;11026;758.982427573;;770.235485341;;758.982427573;126;0.313710150;0.307565344;0.313710150;0.269945611;0.256366326;0.269945611;0.463995141;0.472802960;0.463995141;0.202770319;0.197171340;0.202770319;0.106221542;0.108163218;0.106221542;14258;13657.619047619;14258
Saint-Pierre;LA REUNION;CA Civis (Communauté Intercommunale des Villes Solidaires);LA REUNION;2507.207637721;85.440811781;87.195604525;85.440811781;Non;974160804;97416;69;249740077;-21.323691402, 55.5065660654;"{""type"": ""Polygon"", ""coordinates"": [[[55.53132811556323, -21.31242228638632], [55.53127401144099, -21.31243446030126], [55.52816303893199, -21.313228374779527], [55.5271870018272, -21.313856664272414], [55.5263662764044, -21.31456986476231], [55.52579632440007, -21.3151723455241], [55.525747605634656, -21.31522431041736], [55.52564711392449, -21.315344472953775], [55.52561783570737, -21.31538034866028], [55.525429670062536, -21.31568853408802], [55.52541201286128, -21.315719091789305], [55.525399121125766, -21.31575511113103], [55.52539678739097, -21.315795739596364], [55.525397768131874, -21.315890595695038], [55.52540219987041, -21.315929476863435], [55.52300263981862, -21.317920539432805], [55.52063077073067, -21.319739275969333], [55.518853974583905, -21.32069228410696], [55.5162443535857, -21.321714999600715], [55.51411142949043, -21.32362923693436], [55.5134789573824, -21.324304737885853], [55.51207585548143, -21.32568341460228], [55.51131054431562, -21.326384829623688], [55.51029752493512, -21.3277482621363], [55.50971170320664, -21.328955917917575], [55.508272547547904, -21.33045979763204], [55.506089624906615, -21.33209977553581], [55.50457627417118, -21.333497725513734], [55.502798087661056, -21.33543347475427], [55.50320875778076, -21.335913172640808], [55.505055003807676, -21.338297159915157], [55.505009125508025, -21.33835275639692], [55.504961218346594, -21.338418271123874], [55.50491893984001, -21.33849919203566], [55.50488638427669, -21.338572069740597], [55.504831850233124, -21.338720629148316], [55.504811900605674, -21.33878639259811], [55.50479882757654, -21.33883957102357], [55.50478764603064, -21.33889637948306], [55.50477327011064, -21.338982968446253], [55.504772766474716, -21.339032645516944], [55.50477457812869, -21.33913925115057], [55.50477988633604, -21.33918627003701], [55.50479096060922, -21.339235146836824], [55.50480114408125, -21.33927678930142], [55.50481228246484, -21.339319343563986], [55.5048272130112, -21.33936825467796], [55.50487286542667, -21.339430085384638], [55.50491950025689, -21.339490118220226], [55.50500358716823, -21.339564937102978], [55.505042811704854, -21.339595095040714], [55.50510226332489, -21.339627239537162], [55.505207761267, -21.339682376199548], [55.505305633723516, -21.339728863603085], [55.50541886723826, -21.339781810702526], [55.50552542101398, -21.339827923556697], [55.50560702808592, -21.33986207155118], [55.50594793609983, -21.339996985305618], [55.506694668819364, -21.340283195585446], [55.50804476356666, -21.34068496442028], [55.51034588439131, -21.34148131944303], [55.512252035615695, -21.341481950214884], [55.51288736156545, -21.341105477719836], [55.51301453799184, -21.341114733079937], [55.5130244597968, -21.341182568636714], [55.51302889767843, -21.34122054665045], [55.51303132543457, -21.341266636602526], [55.513021384086215, -21.341296357622856], [55.5130006010502, -21.34134946856966], [55.51295944479137, -21.34141504543574], [55.511128205316034, -21.343926267621605], [55.51003247892004, -21.34530312147203], [55.50951190238785, -21.34600985340785], [55.50898545880147, -21.346819507714102], [55.508868755896835, -21.34701358486824], [55.507457869713875, -21.350134153060278], [55.506771552529635, -21.353016355303765], [55.50678385774783, -21.353039047222122], [55.50675003914414, -21.353045972916114], [55.50538161322279, -21.352774704199756], [55.50382662204695, -21.35217536796907], [55.5029602662914, -21.35155746882213], [55.501433722183656, -21.350815343931878], [55.50056913151994, -21.35059444869663], [55.49951414840346, -21.350511859478818], [55.49934525938377, -21.350526609884902], [55.49844661832653, -21.350730171627507], [55.49734490376314, -21.35077068080465], [55.496284119323484, -21.350689825995513], [55.49501308635354, -21.35009445968228], [55.49280114264289, -21.34995584089015], [55.49269001858363, -21.349979232630766], [55.49244519820654, -21.350064655008573], [55.49177642569748, -21.3503088636734], [55.49172079562485, -21.35037430469336], [55.49164061571249, -21.35038894064688], [55.492337487162885, -21.34909445144091], [55.49361738692595, -21.34745199934441], [55.49498270735113, -21.34735629427774], [55.49626497687701, -21.346138842224292], [55.49652579095733, -21.344956953437787], [55.496212703341826, -21.343701276936226], [55.49609852036353, -21.343646960217193], [55.49559369952912, -21.343559788487507], [55.494879838623966, -21.343454483180654], [55.494220260661336, -21.343368179041352], [55.49463692291739, -21.342882325954076], [55.49533263981557, -21.341978034442203], [55.495855413480506, -21.341297112509594], [55.496012430677, -21.340129198779092], [55.49454062513061, -21.33904560964485], [55.492332031318675, -21.337652342994048], [55.49045601329282, -21.336597611875494], [55.48788152860011, -21.334930465711974], [55.486221712403065, -21.3328252958421], [55.485821082123074, -21.33221918847722], [55.48564560521705, -21.331938489034812], [55.48535331935773, -21.331109339552455], [55.48523656541826, -21.330743355847744], [55.48521154856027, -21.330550728378864], [55.485235602833335, -21.330367576115552], [55.48528492489131, -21.330164779047394], [55.48531609753063, -21.330039501843707], [55.48530185115874, -21.32992465488091], [55.48525155691573, -21.329846518187075], [55.48454817843842, -21.329525830935662], [55.48459413531404, -21.329463014582135], [55.48467509259489, -21.329371608293293], [55.48486886921377, -21.329231086047606], [55.48513234931922, -21.32906228630508], [55.48535250959167, -21.32893419572928], [55.48571209526256, -21.32874774343366], [55.48584384611439, -21.328685699584025], [55.486284627675246, -21.328478298281613], [55.4866723704505, -21.328272224845207], [55.486764513853046, -21.328217953304932], [55.48705299298497, -21.32800827538329], [55.48742561418534, -21.32767831231925], [55.48757935779973, -21.327539684682797], [55.48794426483203, -21.327209650925138], [55.48803101192674, -21.32711739161157], [55.48814993098245, -21.32699019301381], [55.48837798814655, -21.326655314127983], [55.48848674685833, -21.326484665619727], [55.48854491628457, -21.326358727034712], [55.48859111095519, -21.32627242583894], [55.48866954207331, -21.326144862774385], [55.488731280351246, -21.326046958408394], [55.4888270071683, -21.325924970526746], [55.4890838321047, -21.325604801842957], [55.48911882155466, -21.325577114094784], [55.48932276401658, -21.32552565236347], [55.489731753895086, -21.325503131557983], [55.48991003226318, -21.325510152886086], [55.49002080526427, -21.32551927758666], [55.490137140319945, -21.325550131318252], [55.4902935924837, -21.325617477166183], [55.49119194645248, -21.326046731933495], [55.49199333602656, -21.326455638081654], [55.492449641062684, -21.32670904123588], [55.492627971853366, -21.326805486775637], [55.49279301937333, -21.3268810371717], [55.49288620229319, -21.326913488086912], [55.492980496810276, -21.326931496141015], [55.4930760135726, -21.326924222739713], [55.49320692516824, -21.32684951915882], [55.49444590714761, -21.325983517047277], [55.4945975120946, -21.325864735967457], [55.49474600709932, -21.325672759653287], [55.49486350733137, -21.32549495846841], [55.49499121799302, -21.325261244034333], [55.49622151632265, -21.322974259036606], [55.49672779638017, -21.321917408979182], [55.49677326924683, -21.321806709620734], [55.4968382250593, -21.321581465296134], [55.49684730700428, -21.321446954748815], [55.49684641096539, -21.321250930572976], [55.49683105404037, -21.321149623644686], [55.496798235833026, -21.321059000209715], [55.49673767494755, -21.32094735282635], [55.49667179776061, -21.320884436107203], [55.496551022099695, -21.320816511984425], [55.49643574500253, -21.320776639257524], [55.496348210585715, -21.320757790462004], [55.496284563044924, -21.32075993115539], [55.49728512595751, -21.31802284260271], [55.49849448341452, -21.3156995151494], [55.49852719238006, -21.31561128365082], [55.4986015700203, -21.31540689827176], [55.49875656244781, -21.315000892951605], [55.49881135369046, -21.314874016527426], [55.499538856138415, -21.313386447592976], [55.50059403355489, -21.311714812368294], [55.50091427539639, -21.30998513251958], [55.50087786701867, -21.309868281994664], [55.5008559442244, -21.309748850656966], [55.50083050517697, -21.30959596577842], [55.500768747099585, -21.30912750455127], [55.50081392560132, -21.308855109777323], [55.50085306543086, -21.308702800429923], [55.50109025033799, -21.308222550325908], [55.50172958784839, -21.307153315156235], [55.50179712874517, -21.307051843417415], [55.5021432156551, -21.30666831142886], [55.50227346112962, -21.30656197793582], [55.502711498153914, -21.306236171348637], [55.50280179494591, -21.30617193711937], [55.50294930636463, -21.306073886443116], [55.503090952155965, -21.30598391316905], [55.50340788627789, -21.305813298556266], [55.503585202916526, -21.305722738851625], [55.50373531219705, -21.3056536162669], [55.50383309027441, -21.305612030577034], [55.5039792616524, -21.305551002477856], [55.50410410035118, -21.305502430821512], [55.504256926972175, -21.30545049468643], [55.50440576097492, -21.305412072476212], [55.504536016779134, -21.30539968081219], [55.5048030375692, -21.305398440940603], [55.504983303454004, -21.305397333034634], [55.505147229726866, -21.305391563229822], [55.50530066338932, -21.305374860389627], [55.50640523890465, -21.3050974194082], [55.50658616188084, -21.305031277644723], [55.50669580618942, -21.304959986495525], [55.50681727206599, -21.30486350764957], [55.50694751273861, -21.304757170223436], [55.50703810808406, -21.304663127152715], [55.50818128501288, -21.30342580283697], [55.508208573206275, -21.303396235707353], [55.508277771149736, -21.303320971568972], [55.50857294131938, -21.302918004054607], [55.50912588679664, -21.301948689109352], [55.5096233224526, -21.301034885208786], [55.5096763522879, -21.300937797827576], [55.509773345752194, -21.300782384879383], [55.50994246859776, -21.300738717286617], [55.51150345526331, -21.300217323775072], [55.51367113507253, -21.300133959414385], [55.51377569093432, -21.300184564835465], [55.51388718430147, -21.300216262005197], [55.51415544314705, -21.300282765816934], [55.514393059995065, -21.3003291259145], [55.51469433410187, -21.300371531055575], [55.514803245039715, -21.3003724923714], [55.51548890476547, -21.30024394990868], [55.515834284382365, -21.300165698817796], [55.51610930537518, -21.300086826560005], [55.51661398395448, -21.29993500391843], [55.51667782216617, -21.299912983952915], [55.51671586073476, -21.300060558541695], [55.516783904501175, -21.30019575128699], [55.51689950456972, -21.300394594763624], [55.51710964954712, -21.300585238305132], [55.51724269558108, -21.30067854821686], [55.517860491342574, -21.300637018980353], [55.520621861683814, -21.30224662726072], [55.520888138816815, -21.302511831312408], [55.52330991163831, -21.304688401216083], [55.525981683464664, -21.30703153241692], [55.52608678007793, -21.30712549423747], [55.52742220437935, -21.30834672253775], [55.52842091175944, -21.30930935872323], [55.529075889848855, -21.309941985392523], [55.53067487158872, -21.311710191393544], [55.53132811556323, -21.31242228638632]]]}";9741608;97416;974;4;974160804;Terre Rouge-Bassin Plat-Bassin Martin;Saint-Pierre;LA REUNION;Terre Rouge-Bassin Plat-Bassin Martin;LA REUNION;;4;;;;;;Iris d'habitat;17110;169.206068423;84.603034212;;175.667353475;;87.833676738;169.206068423;84;84.603034212;98.455448014;;98.455448014;102.783491975;;102.783491975;98.455448014;98;98.455448014;675.079415630;160.571837265;926.096444848;233.460185524;75.820377142;77.335181994;75.820377142;93.385691281;98.332171481;93.385691281;70.820317570;69.501009893;70.820317570;90.299680720;92.863876641;90.299680720;83.863355957;82.357895168;83.863355957;98.455448014;102.783491975;98.455448014;90.299680720;;90.299680720;92.863876641;;92.863876641;90.299680720;90;90.299680720;154.683673527;;77.341836764;151.858905061;;75.929452530;154.683673527;77;77.341836764;16752;;;267.661516437;;89.220505479;278.450845450;;92.816948483;267.661516437;89;89.220505479;244.983354247;;81.661118082;244.722781701;;81.574260567;244.983354247;81;81.661118082;Polygon;14037.777777778;1;1686.424865849;554.163986999;62.825661887;459.072101311;223.344437828;0.237856219;0.252090575;0.328602832;0.183100950;0.089080950;14037.777777778;16752;512.644870684;;523.173627151;;512.644870684;85;0.313710150;0.307565344;0.313710150;0.269945611;0.256366326;0.269945611;0.463995141;0.472802960;0.463995141;0.202770319;0.197171340;0.202770319;0.106221542;0.108163218;0.106221542;14258;13657.619047619;14258
Saint-Pierre;LA REUNION;CA Civis (Communauté Intercommunale des Villes Solidaires);LA REUNION;2396.155660979;109.972900711;111.609867273;109.972900711;Non;974160801;97416;69;249740077;-21.3434735158, 55.482530582;"{""type"": ""Polygon"", ""coordinates"": [[[55.48166372351769, -21.33720038456895], [55.48212199423576, -21.33754506674086], [55.483852184750404, -21.339556064907697], [55.48489460117128, -21.34207278832272], [55.48586589380427, -21.343725767268403], [55.486551959503245, -21.344330833957116], [55.4867386866842, -21.34492598085093], [55.48674768286154, -21.346163124090953], [55.48669631169228, -21.34651810775387], [55.48668938681967, -21.346535207965303], [55.48668446432169, -21.34654509985887], [55.48666976172384, -21.34656845306055], [55.486645418091605, -21.34659171940051], [55.48662309537557, -21.346605970997786], [55.486596971874455, -21.346614768580036], [55.48655170539116, -21.346609844261334], [55.48651910206407, -21.346592387904266], [55.48616697401095, -21.346329969266087], [55.4861182778698, -21.34628346237919], [55.486071630534674, -21.346225231116332], [55.486014776973775, -21.346128066189756], [55.485128579057005, -21.345763275282497], [55.48379184742654, -21.347205518023326], [55.483083748629056, -21.34827314065457], [55.48303962001126, -21.34834500558145], [55.482926841510086, -21.348529162110555], [55.48281873455482, -21.348727813435858], [55.48269675778689, -21.34896247110397], [55.48267127238326, -21.34900288906557], [55.48262804517689, -21.34898714256412], [55.48153687210723, -21.348149864881467], [55.48081288915508, -21.34749385075394], [55.48034737831514, -21.346773328730624], [55.47898533131263, -21.344215522791828], [55.47896522093068, -21.344108752189477], [55.47896254791615, -21.343994009836667], [55.478986165990435, -21.343854213336535], [55.47902167419069, -21.343776851668224], [55.479031398854275, -21.343768810080892], [55.479233213453796, -21.343459001191473], [55.47927269883145, -21.343369932653744], [55.47944597649471, -21.342928887665543], [55.479613376618246, -21.341982396852586], [55.48053494047369, -21.339650746709776], [55.48080784129302, -21.33916166474841], [55.480940344332346, -21.33891281459403], [55.48096993563303, -21.33884804497714], [55.481593389208825, -21.33738311770376], [55.48166372351769, -21.33720038456895]]]}";9741608;97416;974;4;974160801;Terre Sainte-La Mairie;Saint-Pierre;LA REUNION;Terre Sainte-La Mairie;LA REUNION;;4;;;;;;Iris d'habitat;17110;202.915742981;101.457871490;;210.848568083;;105.424284042;202.915742981;101;101.457871490;98.455448014;;98.455448014;102.783491975;;102.783491975;98.455448014;98;98.455448014;673.436683295;180.289865855;1049.096154468;332.976921909;85.338690732;87.043660658;85.338690732;117.577052248;123.804907425;117.577052248;91.845606025;90.134619443;91.845606025;87.557814205;90.044150682;87.557814205;179.062793042;175.848373457;179.062793042;98.455448014;102.783491975;98.455448014;87.557814205;;87.557814205;90.044150682;;90.044150682;87.557814205;87;87.557814205;270.908399066;;135.454199533;265.982992900;;132.991496450;270.908399066;135;135.454199533;18492;;;301.371190994;;100.457063665;313.632060058;;104.544020019;301.371190994;100;100.457063665;358.466213272;;119.488737757;356.027143582;;118.675714527;358.466213272;119;119.488737757;Polygon;14037.777777778;1;1797.607480323;766.066873691;32.526492264;425.416492634;455.756617859;0.267716135;0.317394093;0.426159149;0.177541259;0.190203260;14037.777777778;18492;659.837404266;;669.659203640;;659.837404266;109;0.313710150;0.307565344;0.313710150;0.269945611;0.256366326;0.269945611;0.463995141;0.472802960;0.463995141;0.202770319;0.197171340;0.202770319;0.106221542;0.108163218;0.106221542;14258;13657.619047619;14258
Saint-Pierre;LA REUNION;CA Civis (Communauté Intercommunale des Villes Solidaires);LA REUNION;1918.088033058;101.697917807;103.351567363;101.697917807;Non;974160802;97416;69;249740077;-21.3485753618, 55.486366737;"{""type"": ""Polygon"", ""coordinates"": [[[55.48951943637698, -21.34699155247878], [55.4895092678143, -21.34704294888046], [55.48987735527496, -21.34857192464717], [55.4896570131566, -21.34937387628021], [55.48940305687861, -21.349786204890904], [55.48897057120854, -21.350401071591474], [55.48889013070366, -21.350347053455028], [55.488182315903344, -21.350213770589793], [55.487440022213576, -21.350574728037433], [55.48617548717524, -21.351212645860205], [55.48504332674361, -21.35120253595803], [55.483863516845396, -21.35101806365177], [55.48377932018742, -21.350298282034473], [55.48374983395091, -21.350165231708782], [55.48372059646176, -21.350101737215617], [55.48333313502043, -21.349524647495837], [55.48293080052576, -21.34917505255796], [55.48271546371658, -21.349018644265946], [55.48267127238326, -21.34900288906557], [55.48269675778689, -21.34896247110397], [55.48281873455482, -21.348727813435858], [55.482926841510086, -21.348529162110555], [55.48303962001126, -21.34834500558145], [55.483083748629056, -21.34827314065457], [55.48379184742654, -21.347205518023326], [55.485128579057005, -21.345763275282497], [55.486014776973775, -21.346128066189756], [55.486071630534674, -21.346225231116332], [55.4861182778698, -21.34628346237919], [55.48616697401095, -21.346329969266087], [55.48651910206407, -21.346592387904266], [55.48655170539116, -21.346609844261334], [55.486596971874455, -21.346614768580036], [55.48662309537557, -21.346605970997786], [55.486645418091605, -21.34659171940051], [55.48666976172384, -21.34656845306055], [55.48668446432169, -21.34654509985887], [55.48668938681967, -21.346535207965303], [55.486756512509345, -21.34647709854402], [55.48686347224144, -21.346389539200278], [55.486995174051714, -21.346333817958723], [55.487122917409415, -21.34628799719972], [55.487338597759305, -21.346223095765104], [55.487942105061514, -21.346042450594588], [55.48808713687183, -21.34600310776021], [55.488129622097034, -21.345997167083933], [55.48816148369863, -21.345992937372483], [55.48823187224081, -21.34599266757468], [55.48828953300095, -21.346011252404118], [55.48834043581558, -21.346030679693936], [55.48839123677706, -21.34606004229995], [55.488442872214605, -21.34610205853405], [55.48846856030119, -21.34613571161265], [55.4885027864077, -21.346182990944016], [55.488590577383235, -21.346366246531353], [55.488676876688416, -21.34660097648935], [55.48873734791454, -21.34672165883171], [55.488784830981416, -21.346792543064037], [55.4888296624931, -21.34683991775235], [55.48888135387139, -21.346876514599362], [55.48896011430693, -21.346906128578265], [55.48904475198474, -21.346926762435743], [55.48950113685555, -21.346989581328963], [55.48951943637698, -21.34699155247878]]]}";9741608;97416;974;4;974160802;Terre Sainte-Le Trou du Chat;Saint-Pierre;LA REUNION;Terre Sainte-Le Trou du Chat;LA REUNION;;4;;;;;;Iris d'habitat;17110;196.771124450;98.385562225;;203.498673359;;101.749336680;196.771124450;98;98.385562225;98.455448014;;98.455448014;102.783491975;;102.783491975;98.455448014;98;98.455448014;513.876987763;180.566386699;679.366109560;155.448645263;112.008032162;114.245825179;112.008032162;84.763092288;89.252848180;84.763092288;119.778747419;117.547395931;119.778747419;99.280526380;102.099746987;99.280526380;95.901660580;94.180095923;95.901660580;98.455448014;102.783491975;98.455448014;99.280526380;;99.280526380;102.099746987;;102.099746987;99.280526380;99;99.280526380;215.680407999;;107.840203999;211.727491854;;105.863745927;215.680407999;107;107.840203999;7602;;;295.226572463;;98.408857488;306.282165334;;102.094055111;295.226572463;98;98.408857488;314.960934379;;104.986978126;313.827238841;;104.609079614;314.960934379;104;104.986978126;Polygon;14037.777777778;1;1320.900480810;734.113647108;30.145799067;386.133063532;195.392218800;0.351380566;0.228814248;0.555767567;0.201311440;0.101868223;14037.777777778;7602;610.187506842;;620.109404175;;610.187506842;101;0.313710150;0.307565344;0.313710150;0.269945611;0.256366326;0.269945611;0.463995141;0.472802960;0.463995141;0.202770319;0.197171340;0.202770319;0.106221542;0.108163218;0.106221542;14258;13657.619047619;14258
Saint-Pierre;LA REUNION;CA Civis (Communauté Intercommunale des Villes Solidaires);LA REUNION;2720.068724426;117.047125890;119.709149166;117.047125890;Non;974160103;97416;69;249740077;-21.3331130287, 55.4761759434;"{""type"": ""Polygon"", ""coordinates"": [[[55.471102502568634, -21.334333325859884], [55.47114318793959, -21.334221687910237], [55.471704750205284, -21.33254938379749], [55.472446457461885, -21.330330416069284], [55.472482929249246, -21.330253064434817], [55.472498455941015, -21.330243269332847], [55.472528610780344, -21.33021734791501], [55.4725666271242, -21.33017704526339], [55.47260779720557, -21.330111479086952], [55.4736886489706, -21.330379639332143], [55.4739961546799, -21.330476373931784], [55.47478217939033, -21.33072739761126], [55.475602789539444, -21.330990474235076], [55.47809047267061, -21.331790195245592], [55.48054838561547, -21.332504917138902], [55.48106351321223, -21.332663133627673], [55.48133638075422, -21.33275412241686], [55.481471804167256, -21.332804123994162], [55.48165427830138, -21.332872616441836], [55.48196832034583, -21.332991075063713], [55.48208354642575, -21.333036377257812], [55.48268942304728, -21.33327670507897], [55.482618167470086, -21.333361874733928], [55.48243903162631, -21.333577951246518], [55.482227636633304, -21.33383709433291], [55.48214266122045, -21.33394381891165], [55.482027299223695, -21.334099046871714], [55.48180115290797, -21.334433029518173], [55.48170658961011, -21.3346281900603], [55.48166619082272, -21.334712734725024], [55.48163628468625, -21.334808213712332], [55.48160411576958, -21.33493619083913], [55.48156681055769, -21.33509483354849], [55.48155156919813, -21.335170572544353], [55.48154773808239, -21.335261770641484], [55.48163519848319, -21.335475738341266], [55.48171347435873, -21.33564536160399], [55.48175869727444, -21.335747842438106], [55.4817971441464, -21.335852971925597], [55.48181955578808, -21.33592363135502], [55.480638390236756, -21.3355606712919], [55.47984897094345, -21.334699919398744], [55.47844230101931, -21.334235542303915], [55.47754870023151, -21.333942911873244], [55.477166131326726, -21.333831953765895], [55.476353889341226, -21.33359696186669], [55.47627732807554, -21.333822090902718], [55.47588013507797, -21.33503341760178], [55.47566117133909, -21.335697158017293], [55.4755361838959, -21.335663505669537], [55.47465265337043, -21.335422438725214], [55.471209143280944, -21.334369524375468], [55.471102502568634, -21.334333325859884]]]}";9741601;97416;974;4;974160103;Zac Banck-La Charite;Saint-Pierre;LA REUNION;Zac Banck-La Charite;LA REUNION;;4;;;;;;Iris d'habitat;17110;317.597929989;158.798964995;;329.293079614;;164.646539807;317.597929989;158;158.798964995;98.455448014;;98.455448014;102.783491975;;102.783491975;98.455448014;98;98.455448014;715.006371528;348.631615126;1307.554808217;572.410293937;155.427651726;158.532919331;155.427651726;162.170278263;170.760160283;162.170278263;87.490805106;85.860943863;87.490805106;111.039283633;114.192411926;111.039283633;87.699288596;86.124967621;87.699288596;98.455448014;102.783491975;98.455448014;111.039283633;;111.039283633;114.192411926;;114.192411926;111.039283633;111;111.039283633;175.190093702;;87.595046851;171.985911484;;85.992955742;175.190093702;87;87.595046851;8494;;;416.053378003;;138.684459334;432.076571589;;144.025523863;416.053378003;138;138.684459334;286.229377335;;95.409792445;286.178323410;;95.392774470;286.229377335;95;95.409792445;Polygon;14037.777777778;1;1816.822407210;737.544659568;87.893393992;612.436282992;253.389461730;0.487592319;0.437771549;0.405953084;0.225154709;0.093155537;14037.777777778;8494;702.282755337;;718.254894999;;702.282755337;117;0.313710150;0.307565344;0.313710150;0.269945611;0.256366326;0.269945611;0.463995141;0.472802960;0.463995141;0.202770319;0.197171340;0.202770319;0.106221542;0.108163218;0.106221542;14258;13657.619047619;14258
Saint-Pierre;LA REUNION;CA Civis (Communauté Intercommunale des Villes Solidaires);LA REUNION;3416.349789609;116.608881568;119.038246615;116.608881568;Non;974160803;97416;69;249740077;-21.3394009987, 55.4881978997;"{""type"": ""Polygon"", ""coordinates"": [[[55.48951943637698, -21.34699155247878], [55.48950113685555, -21.346989581328963], [55.48904475198474, -21.346926762435743], [55.48896011430693, -21.346906128578265], [55.48888135387139, -21.346876514599362], [55.4888296624931, -21.34683991775235], [55.488784830981416, -21.346792543064037], [55.48873734791454, -21.34672165883171], [55.488676876688416, -21.34660097648935], [55.488590577383235, -21.346366246531353], [55.4885027864077, -21.346182990944016], [55.48846856030119, -21.34613571161265], [55.488442872214605, -21.34610205853405], [55.48839123677706, -21.34606004229995], [55.48834043581558, -21.346030679693936], [55.48828953300095, -21.346011252404118], [55.48823187224081, -21.34599266757468], [55.48816148369863, -21.345992937372483], [55.488129622097034, -21.345997167083933], [55.48808713687183, -21.34600310776021], [55.487942105061514, -21.346042450594588], [55.487338597759305, -21.346223095765104], [55.487122917409415, -21.34628799719972], [55.486995174051714, -21.346333817958723], [55.48686347224144, -21.346389539200278], [55.486756512509345, -21.34647709854402], [55.48668938681967, -21.346535207965303], [55.48669631169228, -21.34651810775387], [55.48674768286154, -21.346163124090953], [55.4867386866842, -21.34492598085093], [55.486551959503245, -21.344330833957116], [55.48586589380427, -21.343725767268403], [55.48489460117128, -21.34207278832272], [55.483852184750404, -21.339556064907697], [55.48212199423576, -21.33754506674086], [55.48166372351769, -21.33720038456895], [55.481665698084534, -21.33719588594074], [55.481854986312264, -21.33679021057484], [55.48189867747943, -21.33666685400272], [55.48192477424506, -21.336566824113426], [55.481925713112666, -21.33647559988193], [55.48190954105046, -21.336360735417955], [55.48188403543796, -21.336215977921746], [55.48184104060152, -21.335990669231748], [55.48181955578808, -21.33592363135502], [55.4817971441464, -21.335852971925597], [55.48175869727444, -21.335747842438106], [55.48171347435873, -21.33564536160399], [55.48163519848319, -21.335475738341266], [55.48154773808239, -21.335261770641484], [55.48155156919813, -21.335170572544353], [55.48156681055769, -21.33509483354849], [55.48160411576958, -21.33493619083913], [55.48163628468625, -21.334808213712332], [55.48166619082272, -21.334712734725024], [55.48170658961011, -21.3346281900603], [55.48180115290797, -21.334433029518173], [55.482027299223695, -21.334099046871714], [55.48214266122045, -21.33394381891165], [55.482227636633304, -21.33383709433291], [55.48243903162631, -21.333577951246518], [55.482618167470086, -21.333361874733928], [55.48268942304728, -21.33327670507897], [55.48269567160436, -21.333231596755965], [55.48274191845875, -21.333140781513045], [55.4828174850446, -21.333011389266765], [55.482975540451434, -21.332829447196417], [55.48313050841604, -21.332666446281802], [55.48450711568994, -21.3295814650362], [55.48454817843842, -21.329525830935662], [55.48525155691573, -21.329846518187075], [55.48530185115874, -21.32992465488091], [55.48531609753063, -21.330039501843707], [55.48528492489131, -21.330164779047394], [55.485235602833335, -21.330367576115552], [55.48521154856027, -21.330550728378864], [55.48523656541826, -21.330743355847744], [55.48535331935773, -21.331109339552455], [55.48564560521705, -21.331938489034812], [55.485821082123074, -21.33221918847722], [55.486221712403065, -21.3328252958421], [55.48788152860011, -21.334930465711974], [55.49045601329282, -21.336597611875494], [55.492332031318675, -21.337652342994048], [55.49454062513061, -21.33904560964485], [55.496012430677, -21.340129198779092], [55.495855413480506, -21.341297112509594], [55.49533263981557, -21.341978034442203], [55.49463692291739, -21.342882325954076], [55.494220260661336, -21.343368179041352], [55.494097969428864, -21.343352630114747], [55.49273457748155, -21.34401787578903], [55.491799241272, -21.345534245398948], [55.491056196863624, -21.346725342967208], [55.49087572925317, -21.346929673159238], [55.4905504113755, -21.34706134114331], [55.4895974550036, -21.346999480404758], [55.48951943637698, -21.34699155247878]]]}";9741608;97416;974;4;974160803;l'Asile-Zac Ocean Indien;Saint-Pierre;LA REUNION;l'Asile-Zac Ocean Indien;LA REUNION;;4;;;;;;Iris d'habitat;17110;283.140258092;141.570129046;;293.364150104;;146.682075052;283.140258092;141;141.570129046;98.455448014;;98.455448014;102.783491975;;102.783491975;98.455448014;98;98.455448014;873.428675934;396.482380620;1450.837044929;542.198101940;144.699781572;147.590718540;144.699781572;138.440476520;145.773431564;138.440476520;102.770339101;100.855836286;102.770339101;125.215144122;128.770817399;125.215144122;90.072100078;88.455183924;90.072100078;98.455448014;102.783491975;98.455448014;125.215144122;;125.215144122;128.770817399;;128.770817399;125.215144122;125;125.215144122;192.842439178;;96.421219589;189.311020211;;94.655510105;192.842439178;96;96.421219589;8662;;;381.595706105;;127.198568702;396.147642079;;132.049214026;381.595706105;127;127.198568702;318.057583300;;106.019194433;318.081837610;;106.027279203;318.057583300;106;106.019194433;Polygon;14037.777777778;1;2170.022236019;1034.773756520;53.112865782;867.408296816;326.862592235;0.453937902;0.373713991;0.476849379;0.253899147;0.095675974;14037.777777778;8662;699.653289406;;714.229479689;;699.653289406;116;0.313710150;0.307565344;0.313710150;0.269945611;0.256366326;0.269945611;0.463995141;0.472802960;0.463995141;0.202770319;0.197171340;0.202770319;0.106221542;0.108163218;0.106221542;14258;13657.619047619;14258
Sainte-Marie;LA REUNION;CA Intercommunale du Nord de la Réunion (Cinor);LA REUNION;3079.438328087;112.521669479;106.264658465;112.521669479;Non;974180102;97418;69;249740119;-20.903107735, 55.5543399898;"{""type"": ""Polygon"", ""coordinates"": [[[55.55038517136278, -20.912243883275757], [55.55036813666784, -20.912215734623626], [55.55026943784726, -20.91198183075026], [55.55004737346326, -20.91127984395763], [55.54984076289806, -20.91052062494624], [55.549091686625076, -20.90768811098129], [55.54914914684571, -20.906611797073808], [55.54931825379789, -20.904922147901843], [55.54933939905229, -20.90472268541581], [55.54935867092518, -20.904618059565816], [55.54937785590792, -20.90452246654989], [55.54940281720741, -20.904426019215638], [55.549437330432454, -20.90433597647729], [55.549491874065836, -20.90426236422488], [55.549554973589224, -20.904198761522313], [55.54963440604627, -20.904136200802387], [55.54971651385384, -20.90409534333864], [55.550682763686495, -20.903663848909552], [55.55156397393813, -20.903321480325847], [55.551448943164004, -20.90192602766929], [55.551232081544086, -20.90064201529365], [55.55019467404667, -20.89935496442335], [55.54899944546901, -20.89763702118817], [55.54809985570063, -20.8954680966299], [55.54810670049311, -20.895356138364054], [55.548093507421164, -20.895228652784564], [55.54829259237904, -20.895218600255923], [55.5486153269312, -20.895245731908073], [55.54899712743742, -20.895328469290533], [55.551856299702365, -20.89479896000357], [55.55389434030012, -20.89358493630076], [55.55440945818688, -20.893197235375585], [55.55461702478884, -20.893003864898546], [55.554650017161094, -20.892971622911233], [55.554657654913484, -20.892977107657877], [55.554698684058, -20.89300907220564], [55.55474346291118, -20.89305100541409], [55.55477468111533, -20.89310366427808], [55.556980330084876, -20.895368054723257], [55.557649827688586, -20.895725113490755], [55.55870544498416, -20.896720489410047], [55.55965297775853, -20.897962469476983], [55.55961096676721, -20.898939552323384], [55.55969210536944, -20.899553618502665], [55.55984820068098, -20.900372024329364], [55.56006113473271, -20.901329123271214], [55.56035603765251, -20.90236053657347], [55.560396579234805, -20.902443987383645], [55.56046207938281, -20.902531261910177], [55.56061161980743, -20.90267705952673], [55.5607689023913, -20.902817502072363], [55.560323964997814, -20.90477240337314], [55.558734098553515, -20.906099422393243], [55.558325914162836, -20.9062590348171], [55.55807487734036, -20.906372094587308], [55.55778231886733, -20.906504225683534], [55.55736842324561, -20.906758188592267], [55.556696140587576, -20.907440870119984], [55.556704679727844, -20.908608082731163], [55.556789944750314, -20.90924205808208], [55.557656208073205, -20.91185014684761], [55.55762871204023, -20.911910439731937], [55.55755330284698, -20.911853794622072], [55.55730096425548, -20.911699899027443], [55.55705647431153, -20.9116300817981], [55.55686808905945, -20.911624876775083], [55.5567707358032, -20.912655690297477], [55.556508397870644, -20.913345446282868], [55.55585373210745, -20.913741003188008], [55.554592247964216, -20.91355146677762], [55.553987334915384, -20.912568009359923], [55.55252371904591, -20.912206764616393], [55.55098136109422, -20.912131505816927], [55.55038517136278, -20.912243883275757]]]}";9741801;97418;974;4;974180102;Centre Ville Est;Sainte-Marie;LA REUNION;Centre Ville Est;LA REUNION;;4;;;;;;Iris d'habitat;5355;252.491861080;126.245930540;;224.589850361;;112.294925180;252.491861080;126;126.245930540;113.424042643;;113.424042643;102.318813071;;102.318813071;113.424042643;113;113.424042643;821.682166045;365.442232507;1194.017632049;356.876435997;141.770641277;133.649469965;141.770641277;110.721219803;90.940380396;110.721219803;100.786140471;112.061483781;100.786140471;111.628734850;104.574940891;111.628734850;96.799237830;94.042862686;96.799237830;113.424042643;102.318813071;113.424042643;111.628734850;;111.628734850;104.574940891;;104.574940891;111.628734850;111;111.628734850;197.585378301;;98.792689151;206.104346467;;103.052173233;197.585378301;98;98.792689151;7730;;;365.915903722;;121.971967907;326.908663432;;108.969554477;365.915903722;121;121.971967907;309.214113151;;103.071371050;310.679287358;;103.559762453;309.214113151;103;103.071371050;Polygon;16172;1;1995.207101687;933.044223989;98.204936765;697.030685217;316.632908530;0.444748891;0.298887074;0.467642794;0.226349941;0.102821643;16172;7730;675.130016874;;637.587950790;;675.130016874;112;0.313710150;0.332772656;0.313710150;0.269945611;0.328662661;0.269945611;0.463995141;0.417309122;0.463995141;0.202770319;0.216447592;0.202770319;0.106221542;0.109334871;0.106221542;14258;15805.5;14258
Sainte-Marie;LA REUNION;CA Intercommunale du Nord de la Réunion (Cinor);LA REUNION;3068.750566647;114.931288053;109.125459772;114.931288053;Non;974180101;97418;69;249740119;-20.9067289175, 55.5378445927;"{""type"": ""Polygon"", ""coordinates"": [[[55.5347569186518, -20.8910280617451], [55.536135654320134, -20.891296427181032], [55.53645213679926, -20.891372308932127], [55.53658233296423, -20.891427624920787], [55.53667968245293, -20.89149982337612], [55.536762535398076, -20.891580027883656], [55.537077789910846, -20.89198110588082], [55.53719899309775, -20.89217094439382], [55.53723957165919, -20.892248980202325], [55.53726642220381, -20.89235490253724], [55.53724550187281, -20.892430605346735], [55.53721531969135, -20.892470094683443], [55.53715417790918, -20.89253009622634], [55.537115555012626, -20.892547832781506], [55.53707710718806, -20.892547503723215], [55.536946421440284, -20.892443402694596], [55.53692258417606, -20.892423324847886], [55.53650450425958, -20.89301053989609], [55.53867655712583, -20.893452797367967], [55.53909770262822, -20.893640682034526], [55.53973720871912, -20.89391263680109], [55.540182596800236, -20.894079045489676], [55.54053316697561, -20.89420941255328], [55.54117322836906, -20.894424455479154], [55.54136502505031, -20.894472163587672], [55.54168922449729, -20.89454629522072], [55.54194916278366, -20.89460542436086], [55.542562347364246, -20.894717250321797], [55.545825966851616, -20.895112715529926], [55.54799541110909, -20.895233239568405], [55.548093507421164, -20.895228652784564], [55.54810670049311, -20.895356138364054], [55.54809985570063, -20.8954680966299], [55.54899944546901, -20.89763702118817], [55.55019467404667, -20.89935496442335], [55.551232081544086, -20.90064201529365], [55.551448943164004, -20.90192602766929], [55.55156397393813, -20.903321480325847], [55.550682763686495, -20.903663848909552], [55.54971651385384, -20.90409534333864], [55.54963440604627, -20.904136200802387], [55.549554973589224, -20.904198761522313], [55.549491874065836, -20.90426236422488], [55.549437330432454, -20.90433597647729], [55.54940281720741, -20.904426019215638], [55.54937785590792, -20.90452246654989], [55.54935867092518, -20.904618059565816], [55.54933939905229, -20.90472268541581], [55.54931825379789, -20.904922147901843], [55.54914914684571, -20.906611797073808], [55.549091686625076, -20.90768811098129], [55.54984076289806, -20.91052062494624], [55.55004737346326, -20.91127984395763], [55.55026943784726, -20.91198183075026], [55.55036813666784, -20.912215734623626], [55.55038517136278, -20.912243883275757], [55.55040126210342, -20.912270217200508], [55.55042273007002, -20.91233724783474], [55.55065756493128, -20.914411542064677], [55.55048174250933, -20.91739672936598], [55.549020857522784, -20.919744610396542], [55.548525137974906, -20.920303187868857], [55.54844607469432, -20.920426275490065], [55.548383550321795, -20.920429357359332], [55.547796687945464, -20.92036835895735], [55.54533417918159, -20.918498229583488], [55.542365279170404, -20.917251576926947], [55.53922052268535, -20.91659687393122], [55.53670214539289, -20.915746035033933], [55.53583557736324, -20.91538359002205], [55.53577332708061, -20.915358665786492], [55.535712920546395, -20.915341887510223], [55.53564574078107, -20.915329567897444], [55.53558239761507, -20.915318184510173], [55.53550368179535, -20.915305765920138], [55.535126401815, -20.915248329005614], [55.5347903719665, -20.91520027870882], [55.5337160043812, -20.91505013475738], [55.532172507424406, -20.914895952686962], [55.53116091624925, -20.914618508234216], [55.5296318486477, -20.914168580266118], [55.5283840769336, -20.91437528411615], [55.52714963147062, -20.914744305891553], [55.526760703033695, -20.91519081943325], [55.52624665811956, -20.915552240751406], [55.52579540091002, -20.91568655835908], [55.5243025229214, -20.91566553444077], [55.52424197635202, -20.915663204535438], [55.524189164693226, -20.91565642470844], [55.52375092013219, -20.915590757491945], [55.520666404954135, -20.914885199796185], [55.51979895628141, -20.914421492933275], [55.519596777844434, -20.914254427870883], [55.51940361544526, -20.91405040349945], [55.519362035616375, -20.913976871864957], [55.51870590903963, -20.912065118966666], [55.51866672595308, -20.91204129209728], [55.51867416498816, -20.911969088806625], [55.520159920530496, -20.910556484860216], [55.522359379174134, -20.908613452323856], [55.52329752586678, -20.90800679321405], [55.524142083934656, -20.90730364985084], [55.52494694576267, -20.906595148217544], [55.52500713690477, -20.906535143465685], [55.52504332251844, -20.90647222138225], [55.52508164263064, -20.90638763731446], [55.52511223714505, -20.90630659993817], [55.52513610268114, -20.906225504461723], [55.52515126370549, -20.906149753934645], [55.52515977526007, -20.906065815848567], [55.52515006671579, -20.9059772037166], [55.52512869039943, -20.905902041108], [55.52509294796821, -20.905821334369843], [55.52504840395749, -20.905755908590105], [55.52498750949244, -20.905691244983654], [55.52530420546327, -20.90461673374682], [55.52639299316683, -20.90323270974603], [55.52735522894029, -20.90215608136139], [55.52825825395309, -20.90049582325945], [55.528595399048626, -20.89939076572394], [55.529248856803626, -20.899020596675943], [55.530233384172845, -20.89861126683832], [55.5320030092435, -20.898429095180145], [55.53353897332141, -20.898351947394676], [55.533973783258, -20.898321350651347], [55.53456251286554, -20.898279425817748], [55.535171133757714, -20.898020412803103], [55.53518330115114, -20.897509670385244], [55.53518641043221, -20.897288375286166], [55.53518021111069, -20.897134751952915], [55.53514926869468, -20.89685625366696], [55.534944308400306, -20.895589800972417], [55.53452822931524, -20.893989103641484], [55.534406354875024, -20.893571612349348], [55.53430708336015, -20.893004358004912], [55.5347569186518, -20.8910280617451]]]}";9741801;97418;974;4;974180101;Centre Ville Ouest;Sainte-Marie;LA REUNION;Centre Ville Ouest;LA REUNION;;4;;;;;;Iris d'habitat;5355;241.412118619;120.706059310;;214.990220230;;107.495110115;241.412118619;120;120.706059310;113.424042643;;113.424042643;102.318813071;;102.318813071;113.424042643;113;113.424042643;836.696627388;361.321148431;1173.378060378;328.644044252;137.656522153;129.771023515;137.656522153;103.755596467;85.219196715;103.755596467;116.229124660;129.232135560;116.229124660;117.771446365;110.329495885;117.771446365;100.750996032;97.882093885;100.750996032;113.424042643;102.318813071;113.424042643;117.771446365;;117.771446365;110.329495885;;110.329495885;117.771446365;117;117.771446365;216.980120692;;108.490060346;227.114229445;;113.557114723;216.980120692;108;108.490060346;9954;;;354.836161262;;118.278720421;317.309033302;;105.769677767;354.836161262;118;118.278720421;334.751567057;;111.583855686;337.443725331;;112.481241777;334.751567057;111;111.583855686;Polygon;16172;1;2141.123548139;1154.702556088;78.656228151;732.834627459;328.415419479;0.431842482;0.280083679;0.539297490;0.238805537;0.107019262;16172;9954;689.587728319;;654.752758632;;689.587728319;114;0.313710150;0.332772656;0.313710150;0.269945611;0.328662661;0.269945611;0.463995141;0.417309122;0.463995141;0.202770319;0.216447592;0.202770319;0.106221542;0.109334871;0.106221542;14258;15805.5;14258
Sainte-Marie;LA REUNION;CA Intercommunale du Nord de la Réunion (Cinor);LA REUNION;1997.094654668;92.577186798;87.838990539;92.577186798;Non;974180601;97418;69;249740119;-20.8959924547, 55.5170454247;"{""type"": ""Polygon"", ""coordinates"": [[[55.5048552077471, -20.896538802157924], [55.50484887304083, -20.89649899956245], [55.504647517095506, -20.89537980022198], [55.50445688698265, -20.894439556822377], [55.5041755142623, -20.89305317003197], [55.50411777037568, -20.89276901434369], [55.50364208875699, -20.890426993801267], [55.50358161526268, -20.890127457193177], [55.503292733850074, -20.888627181907523], [55.503077913136245, -20.887510573050246], [55.50256236222092, -20.88482989796067], [55.50216836604832, -20.882784434779254], [55.50210803191564, -20.882471348749007], [55.502073975672914, -20.882319288384537], [55.50213939421917, -20.88231353802431], [55.50307550279252, -20.882323542161632], [55.50464467450581, -20.88237069561955], [55.50527846633178, -20.882431341109807], [55.505824971808856, -20.88257071607183], [55.50881703525707, -20.883365583824716], [55.5098255935463, -20.883681062997898], [55.510475873841436, -20.883922502861758], [55.51098193810467, -20.884118872118297], [55.51127958531791, -20.884249739364616], [55.51200875475078, -20.884582195316366], [55.512631085720905, -20.884929527533078], [55.51404580421738, -20.885730903769918], [55.5149138488028, -20.88621360748159], [55.51518833867504, -20.886354203960583], [55.51618977759906, -20.88685974036995], [55.51640799688338, -20.88695558249511], [55.51741695117061, -20.887332901656194], [55.51783991744993, -20.887477491658164], [55.51900169734327, -20.88784265182201], [55.52009686068928, -20.88816823284343], [55.523367186887576, -20.888837890900174], [55.52392243044539, -20.888972768627482], [55.524720682992886, -20.889126905583687], [55.525164036985466, -20.88920299923584], [55.52858743321658, -20.889755540870997], [55.52989192141257, -20.89004499697925], [55.53124260456338, -20.890329420164175], [55.53411971816652, -20.890916906168854], [55.53475116030946, -20.89102710903135], [55.5347569186518, -20.8910280617451], [55.53430708336015, -20.893004358004912], [55.534406354875024, -20.893571612349348], [55.53452822931524, -20.893989103641484], [55.534944308400306, -20.895589800972417], [55.53514926869468, -20.89685625366696], [55.53518021111069, -20.897134751952915], [55.53518641043221, -20.897288375286166], [55.53518330115114, -20.897509670385244], [55.535171133757714, -20.898020412803103], [55.53456251286554, -20.898279425817748], [55.533973783258, -20.898321350651347], [55.53353897332141, -20.898351947394676], [55.5320030092435, -20.898429095180145], [55.530233384172845, -20.89861126683832], [55.529248856803626, -20.899020596675943], [55.528595399048626, -20.89939076572394], [55.52825825395309, -20.90049582325945], [55.52735522894029, -20.90215608136139], [55.52639299316683, -20.90323270974603], [55.52530420546327, -20.90461673374682], [55.52498750949244, -20.905691244983654], [55.52504840395749, -20.905755908590105], [55.52509294796821, -20.905821334369843], [55.52512869039943, -20.905902041108], [55.52515006671579, -20.9059772037166], [55.52515977526007, -20.906065815848567], [55.52515126370549, -20.906149753934645], [55.52513610268114, -20.906225504461723], [55.52511223714505, -20.90630659993817], [55.52508164263064, -20.90638763731446], [55.52504332251844, -20.90647222138225], [55.52500713690477, -20.906535143465685], [55.52494694576267, -20.906595148217544], [55.524142083934656, -20.90730364985084], [55.52329752586678, -20.90800679321405], [55.522359379174134, -20.908613452323856], [55.520159920530496, -20.910556484860216], [55.51867416498816, -20.911969088806625], [55.51866672595308, -20.91204129209728], [55.51864666263205, -20.912028471220015], [55.5186104611084, -20.91199473337444], [55.51858288478117, -20.91196378037537], [55.518559206952226, -20.911927441100907], [55.517826382978484, -20.910778348808606], [55.51755421583755, -20.910299019419604], [55.517346477261555, -20.909916003738854], [55.51703866317056, -20.909346932835184], [55.51684512439836, -20.908986623597446], [55.51678852175253, -20.908876827098137], [55.516465018391486, -20.908241674730906], [55.516197202509034, -20.907711793840875], [55.515907794452836, -20.907129330874362], [55.51589741590589, -20.907109367070746], [55.515874745149674, -20.907068519489364], [55.51579612334044, -20.906949497942225], [55.515751556562506, -20.906886779776787], [55.515701186602925, -20.90682762456847], [55.51564980207243, -20.906773880614658], [55.51514906093062, -20.906272688093072], [55.514670469271636, -20.9059631963843], [55.51108485192607, -20.905842552828492], [55.511031029779765, -20.905841180396493], [55.509957462183905, -20.905814656626738], [55.506925448789175, -20.90512603311124], [55.50693505675585, -20.905029459196886], [55.50694193290367, -20.904917504546145], [55.50694372559155, -20.904833509154205], [55.506939464631714, -20.904778367888518], [55.50692454041217, -20.904732166880628], [55.50689708406272, -20.90468946972698], [55.50687139826057, -20.904662144903583], [55.5058761856878, -20.90478171915009], [55.50585693364953, -20.904784260814083], [55.505805067430984, -20.904488413590457], [55.50580418669331, -20.904480275788078], [55.50570432397409, -20.902721494060405], [55.50562740963041, -20.90126643656968], [55.50552589452822, -20.900354073933723], [55.50529760829221, -20.899041323999466], [55.50520116776626, -20.898490343444813], [55.505172962640856, -20.898329301348685], [55.50500446147318, -20.897386542028737], [55.50487789563819, -20.896674502378616], [55.5048651546206, -20.896602123321767], [55.5048552077471, -20.896538802157924]]]}";9741806;97418;974;4;974180601;Gillot-La Mare-Duparc;Sainte-Marie;LA REUNION;Gillot-La Mare-Duparc;LA REUNION;;4;;;;;;Iris d'habitat;5355;125.988391951;62.994195976;;109.025025807;;54.512512903;125.988391951;62;62.994195976;113.424042643;;113.424042643;102.318813071;;102.318813071;113.424042643;113;113.424042643;583.613208450;83.645673390;767.834719778;166.444216060;45.686700981;43.069589836;45.686700981;80.301690970;65.955435971;80.301690970;77.048371844;85.668077291;77.048371844;62.643818724;58.685370296;62.643818724;176.358495624;171.336656768;176.358495624;113.424042643;102.318813071;113.424042643;62.643818724;;62.643818724;58.685370296;;58.685370296;62.643818724;62;62.643818724;253.406867469;;126.703433734;257.004734059;;128.502367030;253.406867469;126;126.703433734;23232;;;239.412434594;;79.804144865;211.343838878;;70.447946293;239.412434594;79;79.804144865;316.050686193;;105.350228731;315.690104355;;105.230034785;316.050686193;105;105.350228731;Polygon;16172;1;1521.735178366;544.021393401;104.485516138;253.677095883;374.117166481;0.143323818;0.216770891;0.357500701;0.127023071;0.187330713;16172;23232;555.463120787;;527.033943233;;555.463120787;92;0.313710150;0.332772656;0.313710150;0.269945611;0.328662661;0.269945611;0.463995141;0.417309122;0.463995141;0.202770319;0.216447592;0.202770319;0.106221542;0.109334871;0.106221542;14258;15805.5;14258
Sainte-Marie;LA REUNION;CA Intercommunale du Nord de la Réunion (Cinor);LA REUNION;5193.536752064;83.550485853;79.740537715;83.550485853;Non;974180402;97418;69;249740119;-20.9432077239, 55.5210597432;"{""type"": ""Polygon"", ""coordinates"": [[[55.51792978436114, -20.9266636948998], [55.51803926901268, -20.926676388938283], [55.51825629781001, -20.92670356665494], [55.51837132891839, -20.92673889228015], [55.51848525658145, -20.92678866179118], [55.51858660611919, -20.926846452186187], [55.518706926352486, -20.926930604188108], [55.51882046359591, -20.927020117331264], [55.51913505595326, -20.927294754039895], [55.51935714706625, -20.92749180343272], [55.52127582220134, -20.927539149394956], [55.52138652638225, -20.927525654834287], [55.52268740338647, -20.92713583225773], [55.523303438355896, -20.926379640646022], [55.52490310802194, -20.92581532858902], [55.52564920556918, -20.926013283932658], [55.526276173992876, -20.926545801657223], [55.52738722481137, -20.926737414886855], [55.52745370329201, -20.926723534793766], [55.52748360407767, -20.92671385589223], [55.527532883099695, -20.926688987212383], [55.52755229664273, -20.926670184346133], [55.527585311129236, -20.926637045213102], [55.527590179958516, -20.926630763767733], [55.5276006760163, -20.926638984442757], [55.527942984799544, -20.927818097034685], [55.52883714691226, -20.930775240436486], [55.52811029096581, -20.932639808435216], [55.52688352998147, -20.934618796737674], [55.52586713414232, -20.935676472355127], [55.52581957141809, -20.93572213218488], [55.52580501680781, -20.93573555665764], [55.52573143256304, -20.935787315085957], [55.52532383392532, -20.936071960887894], [55.52504592879155, -20.93627010205084], [55.52487948867269, -20.936573994615507], [55.524747979276775, -20.937140159610294], [55.52472982910651, -20.93732428546904], [55.52472313114379, -20.937419078989112], [55.52472608333251, -20.93751034255606], [55.52473454777366, -20.937627850842894], [55.52475006997108, -20.93771199631364], [55.52514827729635, -20.939273869841177], [55.5255618624631, -20.94032361466948], [55.52605123880698, -20.94093554381792], [55.52621047636343, -20.94097486004789], [55.526293826243716, -20.941006293850176], [55.52635119797682, -20.94103930991696], [55.526406620214395, -20.941075019168277], [55.52644563508798, -20.94111691011945], [55.52648048574392, -20.941191285592478], [55.526673103368665, -20.941651849483073], [55.52676505361187, -20.94218019827154], [55.52690021010102, -20.94320666434346], [55.527185821463526, -20.945858647185908], [55.52736509545611, -20.948543812510344], [55.52756233219532, -20.95106427154411], [55.52780737756526, -20.95260568947319], [55.52816224409579, -20.954275426836457], [55.52823978498821, -20.95450825612891], [55.52825462258521, -20.954564391667194], [55.52825790346882, -20.95462223415015], [55.52825645593216, -20.95467190570428], [55.528253049874806, -20.954725173739053], [55.52824594766347, -20.95476305298365], [55.52766608840623, -20.95495678324619], [55.52765645483206, -20.954958506755148], [55.52721338095478, -20.95503056140681], [55.52437741369187, -20.95463838102999], [55.523792330702314, -20.954580019430534], [55.523791484325464, -20.95456826861849], [55.523784084095986, -20.954538394168065], [55.522751802994684, -20.95448248031771], [55.52244908165274, -20.955441016041547], [55.52144724945707, -20.955809026265236], [55.520142101828434, -20.956215951861804], [55.518428099175885, -20.956514527037076], [55.517044301392275, -20.95672833269296], [55.51486853617127, -20.957553116265608], [55.514335259952404, -20.957896256826956], [55.513530715413914, -20.958051845672664], [55.51218631168303, -20.957854030677215], [55.512152986178535, -20.957820316238152], [55.51194980914595, -20.957652328301908], [55.511900154413944, -20.95761666461633], [55.51184097306466, -20.95757188435483], [55.511803971078834, -20.957520974284247], [55.51178896972522, -20.957481999678386], [55.511741237290316, -20.95734924357059], [55.51170683052749, -20.957181825144012], [55.511617264591294, -20.956611712609032], [55.5115711227489, -20.956269621055988], [55.51156890820154, -20.956201851143106], [55.511576044991116, -20.956063702257296], [55.51158197538014, -20.956047493886615], [55.51159876026943, -20.95600337669419], [55.511624145833785, -20.955964754623007], [55.511631963647666, -20.955952176090072], [55.511984401366064, -20.955224449108105], [55.512540640458134, -20.95392080038853], [55.5132041593976, -20.951294712081175], [55.51295656920121, -20.95046418868971], [55.5126597817701, -20.94964949612069], [55.512573725819124, -20.94921062471163], [55.51257756694981, -20.948724660159193], [55.512609097304455, -20.94786947009171], [55.51270340668052, -20.947570382871742], [55.51290021604679, -20.947311032993337], [55.5133094520929, -20.947060761283872], [55.51363992865448, -20.946898329783107], [55.513718151672556, -20.946864684400413], [55.51592044114333, -20.94430933162311], [55.51579011442883, -20.9429956394587], [55.51640952352297, -20.941858749010716], [55.51682674435573, -20.941137443111796], [55.51757804810625, -20.93998272370429], [55.518966747632746, -20.938741393034743], [55.51931279927523, -20.93799484581677], [55.51947001267945, -20.936943586873348], [55.519393006342185, -20.935876067741265], [55.518857686457906, -20.934725076752393], [55.5181226302639, -20.933401617798577], [55.517619023001316, -20.93127709262808], [55.517241920560764, -20.928121141263656], [55.51782509787061, -20.9266519457998], [55.51792978436114, -20.9266636948998]]]}";9741804;97418;974;4;974180402;La Confiance-l'Esperance;Sainte-Marie;LA REUNION;La Confiance-l'Esperance;LA REUNION;;4;;;;;;Iris d'habitat;5355;130.535254423;65.267627211;;115.056596925;;57.528298462;130.535254423;65;65.267627211;113.424042643;;113.424042643;102.318813071;;102.318813071;113.424042643;113;113.424042643;1428.153869969;289.480687991;1746.147243994;310.737014935;64.612422549;60.911172786;64.612422549;65.922831874;54.145424139;65.922831874;102.132157808;113.558085390;102.132157808;94.543981022;88.569768709;94.543981022;60.667479221;58.939962192;60.667479221;113.424042643;102.318813071;113.424042643;94.543981022;;94.543981022;88.569768709;;88.569768709;94.543981022;94;94.543981022;162.799637030;;81.399818515;172.498047582;;86.249023791;162.799637030;81;81.399818515;12814;;;243.959297065;;81.319765688;217.375409996;;72.458469999;243.959297065;81;81.319765688;257.343618052;;85.781206017;261.067816291;;87.022605430;257.343618052;85;85.781206017;Polygon;16172;1;3347.557533646;1586.368178753;82.347933463;995.638033838;334.681541714;0.202695728;0.177955792;0.473888249;0.191707132;0.064441932;16172;12814;501.302915117;;478.443226287;;501.302915117;83;0.313710150;0.332772656;0.313710150;0.269945611;0.328662661;0.269945611;0.463995141;0.417309122;0.463995141;0.202770319;0.216447592;0.202770319;0.106221542;0.109334871;0.106221542;14258;15805.5;14258
Sainte-Marie;LA REUNION;CA Intercommunale du Nord de la Réunion (Cinor);LA REUNION;2441.625166061;81.816416172;77.133976966;81.816416172;Non;974180401;97418;69;249740119;-20.922891931, 55.5196078827;"{""type"": ""Polygon"", ""coordinates"": [[[55.51792978436114, -20.9266636948998], [55.51827058856943, -20.92603250456787], [55.51804242053478, -20.925378308037153], [55.51671252984509, -20.924320683455218], [55.515462510999214, -20.923355433456052], [55.51516620261287, -20.92233626790886], [55.51495148294594, -20.920414098990292], [55.514849036893445, -20.9192633626446], [55.51518210798112, -20.917659658610788], [55.515335692071645, -20.91768448100347], [55.51545568246361, -20.917703591132177], [55.515582455684196, -20.917717340064673], [55.51579664924166, -20.91773817218601], [55.515893665244846, -20.917747145513967], [55.51599356530448, -20.91775614385158], [55.516056978645615, -20.9177603083255], [55.51734400964767, -20.91779316840471], [55.51743726039505, -20.917793978048614], [55.519305293404045, -20.917796636194954], [55.52016996287852, -20.9177616744142], [55.52015807201378, -20.917797705265897], [55.520424468959376, -20.92111981547267], [55.520993542287236, -20.922502350713973], [55.52107209587229, -20.922629499822282], [55.521167706276955, -20.922782090371005], [55.521275066160406, -20.922913102304904], [55.52138089339141, -20.92300435362108], [55.52225511634644, -20.923567029966293], [55.52350962038848, -20.923588724372536], [55.52494041066974, -20.923870742111077], [55.52601480961952, -20.924612637558827], [55.52686166772123, -20.92532184944683], [55.526926040864886, -20.925818343429953], [55.52718690322578, -20.92627949548569], [55.527339262810365, -20.926430765867764], [55.52753196654378, -20.9265859975345], [55.527590179958516, -20.926630763767733], [55.527585311129236, -20.926637045213102], [55.52755229664273, -20.926670184346133], [55.527532883099695, -20.926688987212383], [55.52748360407767, -20.92671385589223], [55.52745370329201, -20.926723534793766], [55.52738722481137, -20.926737414886855], [55.526276173992876, -20.926545801657223], [55.52564920556918, -20.926013283932658], [55.52490310802194, -20.92581532858902], [55.523303438355896, -20.926379640646022], [55.52268740338647, -20.92713583225773], [55.52138652638225, -20.927525654834287], [55.52127582220134, -20.927539149394956], [55.51935714706625, -20.92749180343272], [55.51913505595326, -20.927294754039895], [55.51882046359591, -20.927020117331264], [55.518706926352486, -20.926930604188108], [55.51858660611919, -20.926846452186187], [55.51848525658145, -20.92678866179118], [55.51837132891839, -20.92673889228015], [55.51825629781001, -20.92670356665494], [55.51803926901268, -20.926676388938283], [55.51792978436114, -20.9266636948998]]]}";9741804;97418;974;4;974180401;La Grande Montee Centre;Sainte-Marie;LA REUNION;La Grande Montee Centre;LA REUNION;;4;;;;;;Iris d'habitat;5355;143.050374587;71.525187293;;126.532757315;;63.266378657;143.050374587;71;71.525187293;113.424042643;;113.424042643;102.318813071;;102.318813071;113.424042643;113;113.424042643;711.460429119;166.220585654;881.945949440;163.264546464;74.474138433;70.207971396;74.474138433;68.576236154;56.324785918;68.576236154;65.067489580;72.346846443;65.067489580;84.364714164;79.033727371;84.364714164;84.991876058;82.571717595;84.991876058;113.424042643;102.318813071;113.424042643;84.364714164;;84.364714164;79.033727371;;79.033727371;84.364714164;84;84.364714164;150.059365638;;75.029682819;154.918564038;;77.459282019;150.059365638;75;75.029682819;19650;;;256.474417230;;85.491472410;228.851570386;;76.283856795;256.474417230;85;85.491472410;234.424079802;;78.141359934;233.952291410;;77.984097137;234.424079802;78;78.141359934;Polygon;16172;1;1663.130992728;502.115860980;22.434424691;417.680515131;220.429141840;0.233632931;0.185118540;0.301909990;0.171066600;0.090279681;16172;19650;490.898497031;;462.803861796;;490.898497031;81;0.313710150;0.332772656;0.313710150;0.269945611;0.328662661;0.269945611;0.463995141;0.417309122;0.463995141;0.202770319;0.216447592;0.202770319;0.106221542;0.109334871;0.106221542;14258;15805.5;14258
Sainte-Marie;LA REUNION;CA Intercommunale du Nord de la Réunion (Cinor);LA REUNION;3662.609225486;84.481705710;80.578413182;84.481705710;Non;974180302;97418;69;249740119;-20.9469578087, 55.5370971601;"{""type"": ""Polygon"", ""coordinates"": [[[55.5464110213102, -20.93563861509759], [55.546416240935145, -20.935695570842], [55.54640929517464, -20.935817464421426], [55.54639672002761, -20.93592485638608], [55.54637323732048, -20.93606648286805], [55.54631236638927, -20.936395688379285], [55.54627091182917, -20.936506447704584], [55.546216066232354, -20.936609866098863], [55.545836578746496, -20.937870423865213], [55.545413640478905, -20.93954705561002], [55.54541348510133, -20.939662683468388], [55.545424275628555, -20.94003668734417], [55.545434658572994, -20.94035754240691], [55.545490772875205, -20.940720265328682], [55.5455426033771, -20.941028750537534], [55.545619457748835, -20.941235370181147], [55.5456893094836, -20.941370565223433], [55.5460044682373, -20.9427897088747], [55.546223446954876, -20.943912636011454], [55.546319032619394, -20.945017799358677], [55.545871592851384, -20.94584416670083], [55.54554592731633, -20.946656665652863], [55.545336155264266, -20.94746699044403], [55.545800428785384, -20.950472788688717], [55.54605203441706, -20.95369357689185], [55.546146685726896, -20.955144263453484], [55.54593819510395, -20.95830828084051], [55.545841798905954, -20.959624996420033], [55.5453326431942, -20.960761584988717], [55.54386243602533, -20.963417530211597], [55.54383046541323, -20.963441647554735], [55.54312666311635, -20.963025512865347], [55.54142461056197, -20.962012756270422], [55.54097087631595, -20.96149667422562], [55.54007003449345, -20.96047630718041], [55.53930996602145, -20.959815771678553], [55.537855911994036, -20.958920735404888], [55.5362611833629, -20.958227959053207], [55.534974467596115, -20.95785443888561], [55.534999135224055, -20.95788897807334], [55.535015060393775, -20.957932475618467], [55.53502810073578, -20.957975948374468], [55.53505507268311, -20.958070128326458], [55.535064178632645, -20.958122600754766], [55.53507370083934, -20.95823108433767], [55.53507705470949, -20.958281700645156], [55.53508037339607, -20.958335930042228], [55.5350799599754, -20.95837838384721], [55.535078540957656, -20.958425345751635], [55.53507519870754, -20.958472291130583], [55.53506036104966, -20.958514620995164], [55.53452745536328, -20.959810861972596], [55.533716668337895, -20.960410036603395], [55.53307402534818, -20.960827274495966], [55.53290000255642, -20.960921080074367], [55.53269229605341, -20.96101730558401], [55.53243487875043, -20.960984375942235], [55.53069205316236, -20.96071010308273], [55.53016808006709, -20.958946996628097], [55.5307565846792, -20.95730323567963], [55.53061583313077, -20.956698587047022], [55.5292405096961, -20.955136586403075], [55.52874556865853, -20.95471045376885], [55.52873980796025, -20.954709500717357], [55.52824594766347, -20.95476305298365], [55.528253049874806, -20.954725173739053], [55.52825645593216, -20.95467190570428], [55.52825790346882, -20.95462223415015], [55.52825462258521, -20.954564391667194], [55.52823978498821, -20.95450825612891], [55.52816224409579, -20.954275426836457], [55.52780737756526, -20.95260568947319], [55.52756233219532, -20.95106427154411], [55.52736509545611, -20.948543812510344], [55.527185821463526, -20.945858647185908], [55.52690021010102, -20.94320666434346], [55.52676505361187, -20.94218019827154], [55.526673103368665, -20.941651849483073], [55.52648048574392, -20.941191285592478], [55.52644563508798, -20.94111691011945], [55.526406620214395, -20.941075019168277], [55.52635119797682, -20.94103930991696], [55.526293826243716, -20.941006293850176], [55.52621047636343, -20.94097486004789], [55.52605123880698, -20.94093554381792], [55.5255618624631, -20.94032361466948], [55.52514827729635, -20.939273869841177], [55.52475006997108, -20.93771199631364], [55.52473454777366, -20.937627850842894], [55.52472608333251, -20.93751034255606], [55.52472313114379, -20.937419078989112], [55.52472982910651, -20.93732428546904], [55.524747979276775, -20.937140159610294], [55.52487948867269, -20.936573994615507], [55.52504592879155, -20.93627010205084], [55.52532383392532, -20.936071960887894], [55.52573143256304, -20.935787315085957], [55.52580501680781, -20.93573555665764], [55.52581957141809, -20.93572213218488], [55.525809797613796, -20.93573830800211], [55.52581893484196, -20.935787167702077], [55.52584771694477, -20.93579373978338], [55.525953761150795, -20.935765748739755], [55.52935089351557, -20.935816740753978], [55.532101564111755, -20.935899142684455], [55.5332363337089, -20.935786044987392], [55.53415591202236, -20.93575148940121], [55.53545077908996, -20.935885463320304], [55.536271407738944, -20.93693000264141], [55.537380998423416, -20.938023989944227], [55.53887280963249, -20.93887237112228], [55.53930647834876, -20.93807932851671], [55.53934098023422, -20.937991998798374], [55.53936128757974, -20.937881060424854], [55.53937562447833, -20.93779084801868], [55.53938065314346, -20.937668938631308], [55.53938447500743, -20.93757231275004], [55.539385237197706, -20.93749372770404], [55.539373631522764, -20.937401486515785], [55.53951695011388, -20.93568634539502], [55.53963755525953, -20.93447869300417], [55.53968567970211, -20.934077113279823], [55.53976325180119, -20.933613454207144], [55.540074584268446, -20.932841041847023], [55.541350652191106, -20.932233608489295], [55.54477584618164, -20.931314779200758], [55.54666417942881, -20.93042841871016], [55.54686033957123, -20.930427378860752], [55.5468627795453, -20.93047347070557], [55.54686050247248, -20.93060985782145], [55.54683616447066, -20.93074063697928], [55.546398655337605, -20.932187246370997], [55.54625201383671, -20.933284024019425], [55.54608013592388, -20.934952860851663], [55.546177368827024, -20.93504041120499], [55.546292076426134, -20.93521031555919], [55.54635407764269, -20.9353617037971], [55.546381105992964, -20.935450462700196], [55.546405871430295, -20.935574433117473], [55.5464110213102, -20.93563861509759]]]}";9741803;97418;974;4;974180302;La Ressource-Beaumont-Montee Sano;Sainte-Marie;LA REUNION;La Ressource-Beaumont-Montee Sano;LA REUNION;;4;;;;;;Iris d'habitat;5355;133.006785331;66.503392666;;118.211831007;;59.105915504;133.006785331;66;66.503392666;113.424042643;;113.424042643;102.318813071;;102.318813071;113.424042643;113;113.424042643;1049.623223214;243.282175104;1210.101711283;193.132637089;73.883640849;69.651299801;73.883640849;59.123144482;48.560531206;59.123144482;95.310635163;105.973412084;95.310635163;100.237614861;93.903623142;100.237614861;64.911156262;63.062799790;64.911156262;113.424042643;102.318813071;113.424042643;100.237614861;;100.237614861;93.903623142;;93.903623142;100.237614861;100;100.237614861;160.221791425;;80.110895713;169.036211874;;84.518105937;160.221791425;80;80.110895713;15134;;;246.430827974;;82.143609325;220.530644079;;73.510214693;246.430827974;82;82.143609325;260.459406286;;86.819802095;262.939835016;;87.646611672;260.459406286;86;86.819802095;Polygon;16172;1;2343.511409862;1036.386788921;42.920921363;744.433130571;252.535554932;0.231780481;0.159600334;0.442236716;0.203252131;0.068949631;16172;15134;506.890234260;;483.470479095;;506.890234260;84;0.313710150;0.332772656;0.313710150;0.269945611;0.328662661;0.269945611;0.463995141;0.417309122;0.463995141;0.202770319;0.216447592;0.202770319;0.106221542;0.109334871;0.106221542;14258;15805.5;14258
Sainte-Marie;LA REUNION;CA Intercommunale du Nord de la Réunion (Cinor);LA REUNION;5251.197795926;88.257924679;83.306694739;88.257924679;Non;974180301;97418;69;249740119;-20.9245564075, 55.5344193932;"{""type"": ""Polygon"", ""coordinates"": [[[55.54686033957123, -20.930427378860752], [55.54666417942881, -20.93042841871016], [55.54477584618164, -20.931314779200758], [55.541350652191106, -20.932233608489295], [55.540074584268446, -20.932841041847023], [55.53976325180119, -20.933613454207144], [55.53968567970211, -20.934077113279823], [55.53963755525953, -20.93447869300417], [55.53951695011388, -20.93568634539502], [55.539373631522764, -20.937401486515785], [55.539385237197706, -20.93749372770404], [55.53938447500743, -20.93757231275004], [55.53938065314346, -20.937668938631308], [55.53937562447833, -20.93779084801868], [55.53936128757974, -20.937881060424854], [55.53934098023422, -20.937991998798374], [55.53930647834876, -20.93807932851671], [55.53887280963249, -20.93887237112228], [55.537380998423416, -20.938023989944227], [55.536271407738944, -20.93693000264141], [55.53545077908996, -20.935885463320304], [55.53415591202236, -20.93575148940121], [55.5332363337089, -20.935786044987392], [55.532101564111755, -20.935899142684455], [55.52935089351557, -20.935816740753978], [55.525953761150795, -20.935765748739755], [55.52584771694477, -20.93579373978338], [55.52581893484196, -20.935787167702077], [55.525809797613796, -20.93573830800211], [55.52581957141809, -20.93572213218488], [55.52586713414232, -20.935676472355127], [55.52688352998147, -20.934618796737674], [55.52811029096581, -20.932639808435216], [55.52883714691226, -20.930775240436486], [55.527942984799544, -20.927818097034685], [55.5276006760163, -20.926638984442757], [55.527590179958516, -20.926630763767733], [55.52753196654378, -20.9265859975345], [55.527339262810365, -20.926430765867764], [55.52718690322578, -20.92627949548569], [55.526926040864886, -20.925818343429953], [55.52686166772123, -20.92532184944683], [55.52601480961952, -20.924612637558827], [55.52494041066974, -20.923870742111077], [55.52350962038848, -20.923588724372536], [55.52225511634644, -20.923567029966293], [55.52138089339141, -20.92300435362108], [55.521275066160406, -20.922913102304904], [55.521167706276955, -20.922782090371005], [55.52107209587229, -20.922629499822282], [55.520993542287236, -20.922502350713973], [55.520424468959376, -20.92111981547267], [55.52015807201378, -20.917797705265897], [55.52016996287852, -20.9177616744142], [55.520180848054444, -20.91773015158344], [55.52019614608623, -20.917640852751845], [55.52020349618504, -20.91757768212002], [55.520204285308694, -20.91749729102745], [55.52019338753613, -20.91743215556546], [55.5201776564392, -20.917369688260084], [55.52015232076025, -20.91730623437201], [55.52011557309127, -20.917230034716006], [55.52007195416759, -20.91716822906426], [55.519963513644306, -20.917049854051946], [55.5198597913238, -20.91694055334874], [55.51924435940251, -20.91548444198221], [55.518737133425226, -20.91407353132973], [55.51857651903469, -20.913101039709353], [55.51866249028295, -20.91208100265594], [55.51866672595308, -20.91204129209728], [55.51870590903963, -20.912065118966666], [55.519362035616375, -20.913976871864957], [55.51940361544526, -20.91405040349945], [55.519596777844434, -20.914254427870883], [55.51979895628141, -20.914421492933275], [55.520666404954135, -20.914885199796185], [55.52375092013219, -20.915590757491945], [55.524189164693226, -20.91565642470844], [55.52424197635202, -20.915663204535438], [55.5243025229214, -20.91566553444077], [55.52579540091002, -20.91568655835908], [55.52624665811956, -20.915552240751406], [55.526760703033695, -20.91519081943325], [55.52714963147062, -20.914744305891553], [55.5283840769336, -20.91437528411615], [55.5296318486477, -20.914168580266118], [55.53116091624925, -20.914618508234216], [55.532172507424406, -20.914895952686962], [55.5337160043812, -20.91505013475738], [55.5347903719665, -20.91520027870882], [55.535126401815, -20.915248329005614], [55.53550368179535, -20.915305765920138], [55.53558239761507, -20.915318184510173], [55.53564574078107, -20.915329567897444], [55.535712920546395, -20.915341887510223], [55.53577332708061, -20.915358665786492], [55.53583557736324, -20.91538359002205], [55.53670214539289, -20.915746035033933], [55.53922052268535, -20.91659687393122], [55.542365279170404, -20.917251576926947], [55.54533417918159, -20.918498229583488], [55.547796687945464, -20.92036835895735], [55.548383550321795, -20.920429357359332], [55.54844607469432, -20.920426275490065], [55.54841548037433, -20.92050822077042], [55.54829174105305, -20.92067790298134], [55.547842327378135, -20.921219708079544], [55.547430537258144, -20.921348998486074], [55.546584641619205, -20.922126815425077], [55.54604618229494, -20.923227033752006], [55.546010041093496, -20.923485085423746], [55.54599965151455, -20.923565395512583], [55.54599788835561, -20.92364848913326], [55.54600767068425, -20.923730777728686], [55.54609879663458, -20.924450624168248], [55.546113359914635, -20.924535663536638], [55.54613360448671, -20.924629784834416], [55.546163410839824, -20.924729407688154], [55.546216860226544, -20.924869882841723], [55.54664374242211, -20.92586856287165], [55.547305031411305, -20.926589197013822], [55.5475426456758, -20.928271910638397], [55.54685550318842, -20.930330678769728], [55.54686033957123, -20.930427378860752]]]}";9741803;97418;974;4;974180301;La Ressource-Bois Rouge;Sainte-Marie;LA REUNION;La Ressource-Bois Rouge;LA REUNION;;4;;;;;;Iris d'habitat;5355;166.798277792;83.399138896;;148.802576318;;74.401288159;166.798277792;83;83.399138896;113.424042643;;113.424042643;102.318813071;;102.318813071;113.424042643;113;113.424042643;1530.623640655;466.977917969;1906.661735634;357.950251818;97.252182697;91.681201081;97.252182697;69.546095095;57.121375236;69.546095095;74.991961564;83.381608276;74.991961564;116.144959600;108.805786443;116.144959600;58.188306478;56.531384324;58.188306478;113.424042643;102.318813071;113.424042643;116.144959600;;116.144959600;108.805786443;;108.805786443;116.144959600;116;116.144959600;133.180268042;;66.590134021;139.912992601;;69.956496300;133.180268042;66;66.590134021;16356;;;280.222320434;;93.407440145;251.121389389;;83.707129796;280.222320434;93;93.407440145;249.325227642;;83.108409214;248.718779044;;82.906259681;249.325227642;83;83.108409214;Polygon;16172;1;3424.866859627;1191.713444502;79.871978582;1236.696489901;324.568745022;0.305089968;0.187736632;0.347959057;0.235507505;0.061808516;16172;16356;529.547548077;;499.840168433;;529.547548077;88;0.313710150;0.332772656;0.313710150;0.269945611;0.328662661;0.269945611;0.463995141;0.417309122;0.463995141;0.202770319;0.216447592;0.202770319;0.106221542;0.109334871;0.106221542;14258;15805.5;14258
Sainte-Marie;LA REUNION;CA Intercommunale du Nord de la Réunion (Cinor);LA REUNION;2546.620830164;93.003003136;87.899348149;93.003003136;Non;974180501;97418;69;249740119;-20.935907797, 55.5088800303;"{""type"": ""Polygon"", ""coordinates"": [[[55.51792978436114, -20.9266636948998], [55.51782509787061, -20.9266519457998], [55.517241920560764, -20.928121141263656], [55.517619023001316, -20.93127709262808], [55.5181226302639, -20.933401617798577], [55.518857686457906, -20.934725076752393], [55.519393006342185, -20.935876067741265], [55.51947001267945, -20.936943586873348], [55.51931279927523, -20.93799484581677], [55.518966747632746, -20.938741393034743], [55.51757804810625, -20.93998272370429], [55.51682674435573, -20.941137443111796], [55.51640952352297, -20.941858749010716], [55.51579011442883, -20.9429956394587], [55.51592044114333, -20.94430933162311], [55.513718151672556, -20.946864684400413], [55.51363992865448, -20.946898329783107], [55.5133094520929, -20.947060761283872], [55.51290021604679, -20.947311032993337], [55.51270340668052, -20.947570382871742], [55.512609097304455, -20.94786947009171], [55.51257756694981, -20.948724660159193], [55.512573725819124, -20.94921062471163], [55.5126597817701, -20.94964949612069], [55.51295656920121, -20.95046418868971], [55.5132041593976, -20.951294712081175], [55.512540640458134, -20.95392080038853], [55.511984401366064, -20.955224449108105], [55.511631963647666, -20.955952176090072], [55.511624145833785, -20.955964754623007], [55.51079271616836, -20.956019825430467], [55.50792687621968, -20.957383204375954], [55.504853625496196, -20.958226196941613], [55.5044614272278, -20.958209206964916], [55.502081513880306, -20.958087140009738], [55.49923220601186, -20.95787870509534], [55.49591956118114, -20.957748339623873], [55.49501593458766, -20.95771326543129], [55.49501219665311, -20.957702392405828], [55.49497460949306, -20.957614437036987], [55.49492272501534, -20.957513708748117], [55.49486977960424, -20.957422907773918], [55.494808134753896, -20.9573365466636], [55.49449759967852, -20.956943563852374], [55.49440415957524, -20.95686324520877], [55.49431737835752, -20.95679021200863], [55.494611080983795, -20.9546365426613], [55.49484219020098, -20.953163434935107], [55.495475818019116, -20.951902060098934], [55.49659197692618, -20.950798578084502], [55.497079393583306, -20.94901866800833], [55.49766152027759, -20.94663548734478], [55.49881193865508, -20.94476983449769], [55.49950091531331, -20.94288927382841], [55.49952174598469, -20.942825320003653], [55.499555508229506, -20.94271811965683], [55.500653945658456, -20.941335280128005], [55.50109194822559, -20.940223956510774], [55.50161080432441, -20.938233940149594], [55.50187238170792, -20.934799028252637], [55.502204444804015, -20.934523714346707], [55.50234311742603, -20.934405690506303], [55.50244614446243, -20.9342945804553], [55.502525045394144, -20.93419229202963], [55.5025827764585, -20.934091624482644], [55.50259895878413, -20.93401136917309], [55.50259897674362, -20.934009562649663], [55.503345493443454, -20.932811054805043], [55.50432010609473, -20.931492590973587], [55.50441946325025, -20.93136338052898], [55.50454377252573, -20.931238905362214], [55.50468908057582, -20.93112997087682], [55.504860275223486, -20.931028489765325], [55.50512044072965, -20.93087539395793], [55.5053543067011, -20.930756394395143], [55.50548654170587, -20.930705158555277], [55.505579196925424, -20.930669836202792], [55.50563617187217, -20.930645041497634], [55.50715190096524, -20.929538161561563], [55.50877154209813, -20.92833903077022], [55.51083193203388, -20.925999391514324], [55.5128156070117, -20.923452089647984], [55.51305584336363, -20.922880558271235], [55.51288639186435, -20.922124789423584], [55.51187583323475, -20.919648498233176], [55.51115542926772, -20.918655314136178], [55.51078330924763, -20.91817329649857], [55.51035610800682, -20.917768485274504], [55.510065265052866, -20.917477780945234], [55.50979724680717, -20.916872008159554], [55.50962639968037, -20.916454075396608], [55.50894309484544, -20.91467755571432], [55.508270653966164, -20.913164905209328], [55.50801343460925, -20.912635105339064], [55.50782216774877, -20.91224138299481], [55.507447918266145, -20.91178282745087], [55.50724146099321, -20.911564220575254], [55.507089163645965, -20.911410224306916], [55.506709280500125, -20.910841410106897], [55.50632026133592, -20.910224638049765], [55.50622126685082, -20.910027746698677], [55.506119250594004, -20.909747721225475], [55.50598363042008, -20.909366227265938], [55.505822807822824, -20.908908631875434], [55.50577096245962, -20.908707636005463], [55.50574415908011, -20.908599000265816], [55.50573740845295, -20.90850409009603], [55.50573744945375, -20.908402915927464], [55.50584959483749, -20.9074662257304], [55.505920413398584, -20.907207585359288], [55.505974254807214, -20.907012933902877], [55.50608662231921, -20.906732976529668], [55.506035151483225, -20.905814728606227], [55.50597152184034, -20.905444704323735], [55.50585693364953, -20.904784260814083], [55.5058761856878, -20.90478171915009], [55.50687139826057, -20.904662144903583], [55.50689708406272, -20.90468946972698], [55.50692454041217, -20.904732166880628], [55.506939464631714, -20.904778367888518], [55.50694372559155, -20.904833509154205], [55.50694193290367, -20.904917504546145], [55.50693505675585, -20.905029459196886], [55.506925448789175, -20.90512603311124], [55.509957462183905, -20.905814656626738], [55.511031029779765, -20.905841180396493], [55.51108485192607, -20.905842552828492], [55.514670469271636, -20.9059631963843], [55.51514906093062, -20.906272688093072], [55.51564980207243, -20.906773880614658], [55.515701186602925, -20.90682762456847], [55.515751556562506, -20.906886779776787], [55.51579612334044, -20.906949497942225], [55.515874745149674, -20.907068519489364], [55.51589741590589, -20.907109367070746], [55.515907794452836, -20.907129330874362], [55.516197202509034, -20.907711793840875], [55.516465018391486, -20.908241674730906], [55.51678852175253, -20.908876827098137], [55.51684512439836, -20.908986623597446], [55.51703866317056, -20.909346932835184], [55.517346477261555, -20.909916003738854], [55.51755421583755, -20.910299019419604], [55.517826382978484, -20.910778348808606], [55.518559206952226, -20.911927441100907], [55.51858288478117, -20.91196378037537], [55.5186104611084, -20.91199473337444], [55.51864666263205, -20.912028471220015], [55.51866672595308, -20.91204129209728], [55.51866249028295, -20.91208100265594], [55.51857651903469, -20.913101039709353], [55.518737133425226, -20.91407353132973], [55.51924435940251, -20.91548444198221], [55.5198597913238, -20.91694055334874], [55.519963513644306, -20.917049854051946], [55.52007195416759, -20.91716822906426], [55.52011557309127, -20.917230034716006], [55.52015232076025, -20.91730623437201], [55.5201776564392, -20.917369688260084], [55.52019338753613, -20.91743215556546], [55.520204285308694, -20.91749729102745], [55.52020349618504, -20.91757768212002], [55.52019614608623, -20.917640852751845], [55.520180848054444, -20.91773015158344], [55.52016996287852, -20.9177616744142], [55.519305293404045, -20.917796636194954], [55.51743726039505, -20.917793978048614], [55.51734400964767, -20.91779316840471], [55.516056978645615, -20.9177603083255], [55.51599356530448, -20.91775614385158], [55.515893665244846, -20.917747145513967], [55.51579664924166, -20.91773817218601], [55.515582455684196, -20.917717340064673], [55.51545568246361, -20.917703591132177], [55.515335692071645, -20.91768448100347], [55.51518210798112, -20.917659658610788], [55.514849036893445, -20.9192633626446], [55.51495148294594, -20.920414098990292], [55.51516620261287, -20.92233626790886], [55.515462510999214, -20.923355433456052], [55.51671252984509, -20.924320683455218], [55.51804242053478, -20.925378308037153], [55.51827058856943, -20.92603250456787], [55.51792978436114, -20.9266636948998]]]}";9741805;97418;974;4;974180501;La Riviere des Pluies;Sainte-Marie;LA REUNION;La Riviere des Pluies;LA REUNION;;4;;;;;;Iris d'habitat;5355;146.082472557;73.041236279;;127.179012735;;63.589506368;146.082472557;73;73.041236279;113.424042643;;113.424042643;102.318813071;;102.318813071;113.424042643;113;113.424042643;724.876487445;134.802943052;957.270893651;224.307699258;59.279808297;55.884031328;59.279808297;86.802664261;71.294981408;86.802664261;77.464276402;86.130510733;77.464276402;85.990247286;80.556543432;85.990247286;135.056979929;131.211208920;135.056979929;113.424042643;102.318813071;113.424042643;85.990247286;;85.990247286;80.556543432;;80.556543432;85.990247286;85;85.990247286;212.521256331;;106.260628165;217.341719653;;108.670859827;212.521256331;106;106.260628165;20478;;;259.506515200;;86.502171733;229.497825807;;76.499275269;259.506515200;86;86.502171733;298.511503617;;99.503834539;297.898263085;;99.299421028;298.511503617;99;99.503834539;Polygon;16172;1;1844.265705892;662.885304594;109.933540493;444.035679975;365.337222502;0.185966776;0.234319983;0.359430478;0.174362698;0.143459607;16172;20478;558.018018817;;527.396088892;;558.018018817;93;0.313710150;0.332772656;0.313710150;0.269945611;0.328662661;0.269945611;0.463995141;0.417309122;0.463995141;0.202770319;0.216447592;0.202770319;0.106221542;0.109334871;0.106221542;14258;15805.5;14258
Sainte-Marie;LA REUNION;CA Intercommunale du Nord de la Réunion (Cinor);LA REUNION;4013.578462667;90.943646198;86.144159165;90.943646198;Non;974180103;97418;69;249740119;-20.9036023161, 55.5663742488;"{""type"": ""Polygon"", ""coordinates"": [[[55.57526029841828, -20.894672252789206], [55.575230762466035, -20.894746082614812], [55.57548396063753, -20.89664142298284], [55.57610536937125, -20.898534862780128], [55.5763441223518, -20.899211666512347], [55.577034796650146, -20.90120392159805], [55.57685645931408, -20.902274957759204], [55.57580562448437, -20.904299198866443], [55.57513168382723, -20.90537240623466], [55.57383733779678, -20.90780468827277], [55.572481726147565, -20.910718571296762], [55.572225801196566, -20.9119066140106], [55.57202231655944, -20.91430785990248], [55.571920808795184, -20.915990880332046], [55.571914724060846, -20.91602425388796], [55.57190260591993, -20.916085581248392], [55.57188143337136, -20.91618929095817], [55.57186799446518, -20.916288548521813], [55.571857294161475, -20.916403186158732], [55.57184956349236, -20.916508814996284], [55.57184964351203, -20.916601862068795], [55.571856090685735, -20.91663172696978], [55.57187089065481, -20.91669327943389], [55.571905725275094, -20.916771259978553], [55.57194442250291, -20.916847466092094], [55.57197383980018, -20.91688836343371], [55.571766786812205, -20.916924573106403], [55.57047614420869, -20.91686408888503], [55.56952727382448, -20.916603201655356], [55.568877957660284, -20.91643696287751], [55.56706341964783, -20.91606446720451], [55.565546519779964, -20.916190398342618], [55.565237726055024, -20.91620858157121], [55.56489859013798, -20.916182244561718], [55.56476897018692, -20.916163991380806], [55.56466913516337, -20.916147795167234], [55.56459522241985, -20.916135430227893], [55.5645318760227, -20.916124057436043], [55.56365587791725, -20.915936019653692], [55.56318406158032, -20.91580919361303], [55.56195157011961, -20.915449670844257], [55.55956989601981, -20.91477532396852], [55.557604059514404, -20.91247754121694], [55.557573970862435, -20.912406825086215], [55.55755761735655, -20.912307317450942], [55.5575534587383, -20.912239530380596], [55.557556938914495, -20.91217722797769], [55.557568109718204, -20.912114990523055], [55.55758420811625, -20.912040147649744], [55.55760308680015, -20.911976168565303], [55.55762674618559, -20.911914939927676], [55.55762871204023, -20.911910439731937], [55.557656208073205, -20.91185014684761], [55.556789944750314, -20.90924205808208], [55.556704679727844, -20.908608082731163], [55.556696140587576, -20.907440870119984], [55.55736842324561, -20.906758188592267], [55.55778231886733, -20.906504225683534], [55.55807487734036, -20.906372094587308], [55.558325914162836, -20.9062590348171], [55.558734098553515, -20.906099422393243], [55.560323964997814, -20.90477240337314], [55.5607689023913, -20.902817502072363], [55.56061161980743, -20.90267705952673], [55.56046207938281, -20.902531261910177], [55.560396579234805, -20.902443987383645], [55.56035603765251, -20.90236053657347], [55.56006113473271, -20.901329123271214], [55.55984820068098, -20.900372024329364], [55.55969210536944, -20.899553618502665], [55.55961096676721, -20.898939552323384], [55.55965297775853, -20.897962469476983], [55.55870544498416, -20.896720489410047], [55.557649827688586, -20.895725113490755], [55.556980330084876, -20.895368054723257], [55.55477468111533, -20.89310366427808], [55.55474346291118, -20.89305100541409], [55.554698684058, -20.89300907220564], [55.554657654913484, -20.892977107657877], [55.554650017161094, -20.892971622911233], [55.554747037188704, -20.892878493799866], [55.555055303105874, -20.892609188509258], [55.5567970358309, -20.891816298520173], [55.55688384600912, -20.891785413797873], [55.5572290172323, -20.891677214122836], [55.557387059531976, -20.891636090015396], [55.5575122742799, -20.89161004587962], [55.558571711631686, -20.891548069048955], [55.5593476209312, -20.891682435887635], [55.56253805569461, -20.892090966046254], [55.56623616677333, -20.89259041951445], [55.569631601588334, -20.892876325776847], [55.56983278579346, -20.892847294811734], [55.570161768270275, -20.892823849527286], [55.570596923388294, -20.892856396785913], [55.57190175790535, -20.893020875739285], [55.572409945287355, -20.893157915641602], [55.5728268267426, -20.8932932883581], [55.57349363045547, -20.89353192306394], [55.57364881846146, -20.893589226859362], [55.573937723747285, -20.89373798281642], [55.574008512599356, -20.893774708057617], [55.57413744949634, -20.89386341022808], [55.574339914208146, -20.894004217490448], [55.5745603354195, -20.894177695465636], [55.57519914665255, -20.894632898273233], [55.57526029841828, -20.894672252789206]]]}";9741801;97418;974;4;974180103;Ravine des Chevres-La Convenance;Sainte-Marie;LA REUNION;Ravine des Chevres-La Convenance;LA REUNION;;4;;;;;;Iris d'habitat;5355;166.216616871;83.108308436;;147.282952268;;73.641476134;166.216616871;83;83.108308436;113.424042643;;113.424042643;102.318813071;;102.318813071;113.424042643;113;113.424042643;1133.716020332;315.354676358;1436.252955482;300.664272557;88.667899710;83.588659065;88.667899710;77.548717162;63.694293203;77.548717162;88.600096916;98.512139438;88.600096916;104.220523484;97.634852690;104.220523484;73.200597273;71.116197526;73.200597273;113.424042643;102.318813071;113.424042643;104.220523484;;104.220523484;97.634852690;;97.634852690;104.220523484;104;104.220523484;161.800694189;;80.900347094;169.628336964;;84.814168482;161.800694189;80;80.900347094;16628;;;279.640659514;;93.213553171;249.601765339;;83.200588446;279.640659514;93;93.213553171;266.021217673;;88.673739224;267.263189654;;89.087729885;266.021217673;88;88.673739224;Polygon;16172;1;2723.013819089;1119.431373821;111.383994841;848.182663818;312.075003309;0.278160201;0.209339359;0.411100144;0.211328288;0.077754803;16172;16628;545.661877187;;516.864954993;;545.661877187;90;0.313710150;0.332772656;0.313710150;0.269945611;0.328662661;0.269945611;0.463995141;0.417309122;0.463995141;0.202770319;0.216447592;0.202770319;0.106221542;0.109334871;0.106221542;14258;15805.5;14258
Sainte-Marie;LA REUNION;CA Intercommunale du Nord de la Réunion (Cinor);LA REUNION;1736.497658636;94.388862821;89.960492075;94.388862821;Non;974180201;97418;69;249740119;-20.9272140107, 55.5609136009;"{""type"": ""Polygon"", ""coordinates"": [[[55.5464110213102, -20.93563861509759], [55.546405871430295, -20.935574433117473], [55.546381105992964, -20.935450462700196], [55.54635407764269, -20.9353617037971], [55.546292076426134, -20.93521031555919], [55.546177368827024, -20.93504041120499], [55.54608013592388, -20.934952860851663], [55.54625201383671, -20.933284024019425], [55.546398655337605, -20.932187246370997], [55.54683616447066, -20.93074063697928], [55.54686050247248, -20.93060985782145], [55.5468627795453, -20.93047347070557], [55.54686033957123, -20.930427378860752], [55.54685550318842, -20.930330678769728], [55.5475426456758, -20.928271910638397], [55.547305031411305, -20.926589197013822], [55.54664374242211, -20.92586856287165], [55.546216860226544, -20.924869882841723], [55.546163410839824, -20.924729407688154], [55.54613360448671, -20.924629784834416], [55.546113359914635, -20.924535663536638], [55.54609879663458, -20.924450624168248], [55.54600767068425, -20.923730777728686], [55.54599788835561, -20.92364848913326], [55.54599965151455, -20.923565395512583], [55.546010041093496, -20.923485085423746], [55.54604618229494, -20.923227033752006], [55.546584641619205, -20.922126815425077], [55.547430537258144, -20.921348998486074], [55.547842327378135, -20.921219708079544], [55.54829174105305, -20.92067790298134], [55.54841548037433, -20.92050822077042], [55.54844607469432, -20.920426275490065], [55.548525137974906, -20.920303187868857], [55.549020857522784, -20.919744610396542], [55.55048174250933, -20.91739672936598], [55.55065756493128, -20.914411542064677], [55.55042273007002, -20.91233724783474], [55.55040126210342, -20.912270217200508], [55.55038517136278, -20.912243883275757], [55.55098136109422, -20.912131505816927], [55.55252371904591, -20.912206764616393], [55.553987334915384, -20.912568009359923], [55.554592247964216, -20.91355146677762], [55.55585373210745, -20.913741003188008], [55.556508397870644, -20.913345446282868], [55.5567707358032, -20.912655690297477], [55.55686808905945, -20.911624876775083], [55.55705647431153, -20.9116300817981], [55.55730096425548, -20.911699899027443], [55.55755330284698, -20.911853794622072], [55.55762871204023, -20.911910439731937], [55.55762674618559, -20.911914939927676], [55.55760308680015, -20.911976168565303], [55.55758420811625, -20.912040147649744], [55.557568109718204, -20.912114990523055], [55.557556938914495, -20.91217722797769], [55.5575534587383, -20.912239530380596], [55.55755761735655, -20.912307317450942], [55.557573970862435, -20.912406825086215], [55.557604059514404, -20.91247754121694], [55.55956989601981, -20.91477532396852], [55.56195157011961, -20.915449670844257], [55.56318406158032, -20.91580919361303], [55.56365587791725, -20.915936019653692], [55.5645318760227, -20.916124057436043], [55.56459522241985, -20.916135430227893], [55.56466913516337, -20.916147795167234], [55.56476897018692, -20.916163991380806], [55.56489859013798, -20.916182244561718], [55.565237726055024, -20.91620858157121], [55.565546519779964, -20.916190398342618], [55.56706341964783, -20.91606446720451], [55.568877957660284, -20.91643696287751], [55.56952727382448, -20.916603201655356], [55.57047614420869, -20.91686408888503], [55.571766786812205, -20.916924573106403], [55.57197383980018, -20.91688836343371], [55.57199662166864, -20.91691926828934], [55.57249781476592, -20.91780333445336], [55.57239257716827, -20.91906806639903], [55.57213237195457, -20.9218730907331], [55.572016503504194, -20.923751567502663], [55.57247843975055, -20.925178678351735], [55.572834542232016, -20.92610624729185], [55.57373980633948, -20.92900005670599], [55.57394212235084, -20.930380278231347], [55.574732231784566, -20.932034611196503], [55.57565535025417, -20.93337771361814], [55.57619079597573, -20.93418052847725], [55.57673589448005, -20.93546333381919], [55.57757567957474, -20.93837961587348], [55.57767132771859, -20.939400761315284], [55.577680470966385, -20.9395526024492], [55.57766420795244, -20.939645513219617], [55.57763637262097, -20.939741940963458], [55.57758358054209, -20.939833643826546], [55.577505729277966, -20.939931461279635], [55.57743397981947, -20.939994098431576], [55.57733811560265, -20.940064664734006], [55.57721700731097, -20.940059138024473], [55.5770544258285, -20.94006681577879], [55.57625498447171, -20.9402064911389], [55.57577885071215, -20.940323567714923], [55.57517592003687, -20.9403248571156], [55.574847243895, -20.94030494808525], [55.57354578477403, -20.94014682397816], [55.572992577366165, -20.94007625251327], [55.57044848724914, -20.939743295619014], [55.56785122923655, -20.939137943749568], [55.56642783632783, -20.938861305903078], [55.5647451282434, -20.938552664468446], [55.562842443658624, -20.938322101279546], [55.560093914785654, -20.937956104461385], [55.55869600353151, -20.937833189022967], [55.55740385841642, -20.93761088387038], [55.55594809991153, -20.937354212020956], [55.552293176347725, -20.936704894640982], [55.55046071308552, -20.93637677707048], [55.5495257795707, -20.936208035301302], [55.54699942042079, -20.93574570524348], [55.5464110213102, -20.93563861509759]]]}";9741802;97418;974;4;974180201;Terrain Elisa-Beaufond;Sainte-Marie;LA REUNION;Terrain Elisa-Beaufond;LA REUNION;;4;;;;;;Iris d'habitat;5355;144.307354959;72.153677479;;127.383218438;;63.691609219;144.307354959;72;72.153677479;113.424042643;;113.424042643;102.318813071;;102.318813071;113.424042643;113;113.424042643;476.407458163;109.063916418;565.690937337;108.928668413;72.974976978;68.794687715;72.974976978;71.332377981;58.588530723;71.332377981;99.260832881;110.365534011;99.260832881;106.138056589;99.431217321;106.138056589;103.202889857;100.264169607;103.202889857;113.424042643;102.318813071;113.424042643;106.138056589;;106.138056589;99.431217321;;99.431217321;106.138056589;106;106.138056589;202.463722738;;101.231861369;210.629703617;;105.314851809;202.463722738;101;101.231861369;13553;;;257.731397602;;85.910465867;229.702031510;;76.567343837;257.731397602;85;85.910465867;308.601779327;;102.867259776;310.060920938;;103.353640313;308.601779327;102;102.867259776;Polygon;16172;1;1270.581495875;585.185927075;10.089076002;373.722906026;190.361300054;0.228929910;0.192558624;0.460565441;0.215216476;0.109623701;16172;13553;566.333176929;;539.762952448;;566.333176929;94;0.313710150;0.332772656;0.313710150;0.269945611;0.328662661;0.269945611;0.463995141;0.417309122;0.463995141;0.202770319;0.216447592;0.202770319;0.106221542;0.109334871;0.106221542;14258;15805.5;14258
Sainte-Rose;LA REUNION;CA Intercommunale de la Réunion Est (Cirest);LA REUNION;2962.326115663;96.337799344;100.261829490;96.337799344;Non;974190101;97419;69;249740093;-21.1355246326, 55.7933421851;"{""type"": ""Polygon"", ""coordinates"": [[[55.77908757268207, -21.12027935193397], [55.77909039439511, -21.120287502858442], [55.77911964083114, -21.12036088892487], [55.77923928790928, -21.12056456410176], [55.779670676330525, -21.121264644106272], [55.78174318275725, -21.123675374137836], [55.78179378920884, -21.123727231802036], [55.78242920709466, -21.124205180991073], [55.78322503025652, -21.12473125688167], [55.78422920359922, -21.12521184779555], [55.78483881511886, -21.125468873112126], [55.785241704042875, -21.12561660709106], [55.78537135664689, -21.125657286345064], [55.78565296804149, -21.125718929655765], [55.785960611762114, -21.12577624206716], [55.78609153634476, -21.125778987083024], [55.78689262095424, -21.125779305107326], [55.787355464974475, -21.125695892415614], [55.78763128524844, -21.12564095232026], [55.78816865226355, -21.125510190431505], [55.788186026487736, -21.125504894309014], [55.788209199458265, -21.12549692946107], [55.78823628963692, -21.125480862021107], [55.788247049118645, -21.125460160761264], [55.78828921964143, -21.125365605296743], [55.78831963850889, -21.12529535759267], [55.788296788511815, -21.1252635751251], [55.78828049453883, -21.125254424571658], [55.78825938663662, -21.125245239584004], [55.78823731595094, -21.125236047707155], [55.788029015346915, -21.12515776855537], [55.787981978337655, -21.125140267425405], [55.78793685956915, -21.125123683407953], [55.787924372726195, -21.125119980465435], [55.787912841327476, -21.125117187758875], [55.78788974182214, -21.125116119085202], [55.78916186678284, -21.124882540070498], [55.79100555400915, -21.124574661069722], [55.79159270130462, -21.12447857252956], [55.791930839206074, -21.12445614052491], [55.79404754327041, -21.12506340149289], [55.79465744127343, -21.125244855807637], [55.79572735556871, -21.125581476295643], [55.798982723508594, -21.126900750809675], [55.79986160612801, -21.12740475509792], [55.800414469980154, -21.127860824698864], [55.80077791783182, -21.128283932582868], [55.80120965120371, -21.128717008775013], [55.802066336864094, -21.129575893303336], [55.80274665413771, -21.130242888188075], [55.803762796172286, -21.13092491076273], [55.80505855590317, -21.131778105522155], [55.8059636637158, -21.13240305277387], [55.806535485079685, -21.13284116919314], [55.80724244305406, -21.13356932512938], [55.807406454810895, -21.134052127849007], [55.807330314794264, -21.134471090232857], [55.80730860413433, -21.135078476981516], [55.807329201518925, -21.13515179782293], [55.807366145815735, -21.13522794400182], [55.8074535506727, -21.135375814498712], [55.808112057739315, -21.136114015200143], [55.80884362385072, -21.136747932514876], [55.809631639670435, -21.137367789233167], [55.81002599536055, -21.13766461936978], [55.81104661884458, -21.13821789727636], [55.811233688360545, -21.13830593762308], [55.81184741236744, -21.138505380792648], [55.8127677073178, -21.13878105090231], [55.81297057330431, -21.138820416246695], [55.81297250626469, -21.138819526392002], [55.81293895518709, -21.13892137601731], [55.81267565585493, -21.13957811253892], [55.811730438567416, -21.140495213481586], [55.810658740045184, -21.141452750890114], [55.80970976813773, -21.14223407647052], [55.80936428855114, -21.142688318093846], [55.80901701141634, -21.143487646673968], [55.80838369665397, -21.14513370912373], [55.80783373502912, -21.146049050172536], [55.806859803223674, -21.14747476106471], [55.80541710110184, -21.15031594945392], [55.80535412979793, -21.15078301582166], [55.805164459900666, -21.151257770010275], [55.80473210832963, -21.152332476040506], [55.80469487030172, -21.152412615831846], [55.80463449199479, -21.152496205773573], [55.804575228861054, -21.152560832121384], [55.80406149499767, -21.15309563005419], [55.80402557485549, -21.153131512284165], [55.80398200170287, -21.153161016604532], [55.80347177868278, -21.15277888446371], [55.802911874887855, -21.15192843730948], [55.80228449034936, -21.151087448355423], [55.80173492479345, -21.150569522669045], [55.7991470186165, -21.148397020287227], [55.79731159279185, -21.147497300488837], [55.79643622969427, -21.147140558982276], [55.793440479869744, -21.146117812453642], [55.791206217114194, -21.145009210384398], [55.789517434927326, -21.14272418996671], [55.78952690206847, -21.142151502360075], [55.78887015462732, -21.141205463202528], [55.78737678025026, -21.14023988083417], [55.78516796452855, -21.139038335914734], [55.78306402320792, -21.13773362640115], [55.78241060034007, -21.137213088679115], [55.78186235077655, -21.1367845484237], [55.780546250007795, -21.13617115419184], [55.77962932430142, -21.13584700435759], [55.77868040980917, -21.135431827551926], [55.777221083509424, -21.134556745301246], [55.77520899410694, -21.133339783909065], [55.77334847813339, -21.132429245680637], [55.773177303030394, -21.132402710709886], [55.773177711887485, -21.132353026866177], [55.773970153673275, -21.129866293533286], [55.77421896402512, -21.12896966599777], [55.774335863253974, -21.128277606317326], [55.77437228250612, -21.127946774763462], [55.77433666873717, -21.127476750518433], [55.7743637892523, -21.12605138576092], [55.77478982679508, -21.12447171503412], [55.77618269708256, -21.123575674368695], [55.776959509928126, -21.12307041220588], [55.777809655910936, -21.12207512978592], [55.778444455427554, -21.121097713180852], [55.77833261198624, -21.12099933972133], [55.77824859979336, -21.120912007663417], [55.77818493131745, -21.120809464485657], [55.77908757268207, -21.12027935193397]]]}";9741901;97419;974;4;974190101;Centre Ville;Sainte-Rose;LA REUNION;Centre Ville;LA REUNION;;4;;;;;;Iris d'habitat;1455;169.785939493;84.892969747;;179.895406778;;89.947703389;169.785939493;84;84.892969747;80.601584465;;80.601584465;89.599532727;;89.599532727;80.601584465;80;80.601584465;868.592567421;233.656480125;1097.169558847;248.894946220;85.749806916;81.716379992;85.749806916;84.036132577;98.179026786;84.036132577;125.402820729;117.200490616;125.402820729;95.049329701;92.908026013;95.049329701;107.187121678;121.967520806;107.187121678;80.601584465;89.599532727;80.601584465;95.049329701;;95.049329701;92.908026013;;92.908026013;95.049329701;95;95.049329701;232.589942406;;116.294971203;239.168011423;;119.584005711;232.589942406;116;116.294971203;;;;250.387523958;;83.462507986;269.494939505;;89.831646502;250.387523958;83;83.462507986;327.639272107;;109.213090702;332.076037436;;110.692012479;327.639272107;109;109.213090702;Polygon;11492.173913043;1;2060.208922833;1198.759332815;29.461034451;570.934529697;337.278049572;0.269005848;0.226851852;0.581862994;0.192731829;0.113855813;11492.173913043;11492.173913043;578.026796066;;601.570976941;;578.026796066;96;0.313710150;0.329194524;0.313710150;0.269945611;0.231059381;0.269945611;0.463995141;0.496468053;0.463995141;0.202770319;0.207443681;0.202770319;0.106221542;0.093349289;0.106221542;14258;12826.153846154;14258
Sainte-Rose;LA REUNION;CA Intercommunale de la Réunion Est (Cirest);LA REUNION;675.571996883;97.605489833;102.535402422;97.605489833;Non;974190401;97419;69;249740093;-21.1191433529, 55.7646705616;"{""type"": ""Polygon"", ""coordinates"": [[[55.77908757268207, -21.12027935193397], [55.77818493131745, -21.120809464485657], [55.77824859979336, -21.120912007663417], [55.77833261198624, -21.12099933972133], [55.778444455427554, -21.121097713180852], [55.777809655910936, -21.12207512978592], [55.776959509928126, -21.12307041220588], [55.77618269708256, -21.123575674368695], [55.77478982679508, -21.12447171503412], [55.7743637892523, -21.12605138576092], [55.77433666873717, -21.127476750518433], [55.77437228250612, -21.127946774763462], [55.774335863253974, -21.128277606317326], [55.77421896402512, -21.12896966599777], [55.773970153673275, -21.129866293533286], [55.773177711887485, -21.132353026866177], [55.773177303030394, -21.132402710709886], [55.77057592090101, -21.132129089264556], [55.768224831880524, -21.131747034539366], [55.765843321593785, -21.13027252169415], [55.76445045334238, -21.12975917609033], [55.76312493148721, -21.129253538345324], [55.76017706444011, -21.128045830825943], [55.760119499591696, -21.128021017852024], [55.758516417380115, -21.127434718131898], [55.756433169012105, -21.127276701186545], [55.75558010873273, -21.125197150443054], [55.755905729416334, -21.124713516690758], [55.75639251778745, -21.12453099182753], [55.75700135927698, -21.12425992514018], [55.757864632685994, -21.123843468680693], [55.758090515209815, -21.123646127109865], [55.75756011393299, -21.123528661617783], [55.757095136572474, -21.123520734088846], [55.756664448711604, -21.12367295752395], [55.755697563753934, -21.124044380558924], [55.75388236996348, -21.12479666387477], [55.751210244259354, -21.125735150191474], [55.74816011601259, -21.126622237065035], [55.74711582077119, -21.126701015080958], [55.745830710940304, -21.126199384804842], [55.74557816390856, -21.126004189397676], [55.745744534163464, -21.126028006037174], [55.74595035551103, -21.126054824738763], [55.74618145976129, -21.12605201844711], [55.746294522253216, -21.126003168768566], [55.746342017213394, -21.125965577868108], [55.746385736983456, -21.12591892511307], [55.74640844272813, -21.12585224225512], [55.746403144462256, -21.125795289457724], [55.74635458372577, -21.125616058816323], [55.74679890540473, -21.124416030192542], [55.74842598679677, -21.122706195046824], [55.74962320560368, -21.12087347126279], [55.75026220440047, -21.11889840226716], [55.75034729493624, -21.118567484932626], [55.75053452108092, -21.11799701834159], [55.75062293655054, -21.117786276469122], [55.75076319781311, -21.117535264096418], [55.751007203299, -21.11719738719433], [55.75122799403424, -21.11692980342448], [55.75221229963785, -21.115909896393152], [55.75341891333933, -21.115014479775194], [55.75405469342677, -21.11462617898465], [55.75567159426642, -21.113536821121144], [55.75696512765154, -21.112430621139836], [55.75900137537174, -21.11051679426404], [55.76112589643516, -21.108922484173757], [55.76224025702509, -21.108051620249835], [55.76343140565237, -21.10714878621967], [55.764224199478996, -21.106626080100206], [55.765303445019605, -21.105689893763817], [55.766161208326245, -21.104875853651784], [55.76632819440138, -21.104706326681804], [55.76724928587473, -21.103683152976192], [55.767292403282575, -21.10370785821091], [55.76752240778043, -21.103834199225812], [55.767840692411, -21.10399551065416], [55.76820500574527, -21.104178837481534], [55.76843313120988, -21.104299743275572], [55.76861792313613, -21.1044221408505], [55.76940256821725, -21.10514197858533], [55.77011390561717, -21.105831460250883], [55.77029727685194, -21.10600985650526], [55.77098367017052, -21.106714064311298], [55.77192444100287, -21.107743529234604], [55.7721176035657, -21.10801956165712], [55.77276057695256, -21.10898518779558], [55.77313651006465, -21.1096178241694], [55.77365907439949, -21.110638380923966], [55.77418886671696, -21.111600267596113], [55.774615371844696, -21.112350515593292], [55.7749832885707, -21.11298911482388], [55.77597677501376, -21.11467164610452], [55.777019618962555, -21.116266898662335], [55.77792538590297, -21.11817328132532], [55.77906596913201, -21.120213248128053], [55.77908757268207, -21.12027935193397]]]}";9741904;97419;974;4;974190401;La Riviere de l'Est;Sainte-Rose;LA REUNION;La Riviere de l'Est;LA REUNION;;4;;;;;;Iris d'habitat;1455;166.444373334;83.222186667;;177.759831239;;88.879915619;166.444373334;83;83.222186667;80.601584465;;80.601584465;89.599532727;;89.599532727;80.601584465;80;80.601584465;187.941081840;45.715398285;253.974434918;60.953864380;77.537575114;73.890428207;77.537575114;88.906798220;103.869403032;88.906798220;109.171449015;102.030778187;109.171449015;94.925728886;92.787209720;94.925728886;134.489803299;153.035062659;134.489803299;80.601584465;89.599532727;80.601584465;94.925728886;;94.925728886;92.787209720;;92.787209720;94.925728886;94;94.925728886;243.661252314;;121.830626157;255.065840846;;127.532920423;243.661252314;121;121.830626157;;;;247.045957799;;82.348652600;267.359363966;;89.119787989;247.045957799;82;82.348652600;338.586981200;;112.862327067;347.853050566;;115.951016855;338.586981200;112;112.862327067;Polygon;11492.173913043;1;465.281164770;235.688275604;1.015897740;130.034910678;96.510285269;0.243243243;0.24;0.506550218;0.192481203;0.142857143;11492.173913043;11492.173913043;585.632939000;;615.212414531;;585.632939000;97;0.313710150;0.329194524;0.313710150;0.269945611;0.231059381;0.269945611;0.463995141;0.496468053;0.463995141;0.202770319;0.207443681;0.202770319;0.106221542;0.093349289;0.106221542;14258;12826.153846154;14258
Sainte-Rose;LA REUNION;CA Intercommunale de la Réunion Est (Cirest);LA REUNION;2042.970354483;97.170083754;100.932837431;97.170083754;Non;974190201;97419;69;249740093;-21.1616285323, 55.8215112904;"{""type"": ""Polygon"", ""coordinates"": [[[55.826648029159294, -21.18562999944154], [55.82660683231738, -21.18547974835106], [55.82660083860834, -21.185384849301283], [55.826608422220154, -21.185278300253497], [55.82661159696559, -21.185242186125052], [55.82659713636609, -21.1848775621318], [55.82649514671227, -21.184375013011632], [55.82646042163186, -21.184259136177268], [55.82643482929141, -21.184206561044157], [55.82617465595818, -21.184097249364214], [55.826167935092734, -21.18409449247844], [55.825879815702535, -21.183986793093165], [55.825844277940675, -21.183973898578685], [55.82469289232099, -21.183649253593007], [55.82398265032207, -21.18357068628372], [55.82330488195095, -21.1835271231178], [55.81975599440833, -21.182843800299118], [55.8195146260807, -21.182793331110943], [55.81902989188575, -21.182701411789544], [55.819066944221426, -21.18215962904138], [55.81905685160457, -21.182096320344275], [55.81830738362908, -21.17834918877561], [55.81828751656246, -21.178303879767903], [55.81836726942985, -21.1752970083251], [55.81844772957657, -21.17244281583613], [55.81953531229488, -21.17193456780225], [55.81995832478184, -21.171789361875483], [55.81612606739041, -21.167416303811144], [55.81320259033937, -21.164568164498046], [55.811446447122066, -21.163171821273643], [55.80934733200348, -21.16071019437827], [55.80802374684571, -21.159306472675848], [55.80528110715987, -21.155323903842003], [55.804709400151715, -21.153841900698875], [55.80403083035251, -21.153196594370147], [55.80398200170287, -21.153161016604532], [55.80402557485549, -21.153131512284165], [55.80406149499767, -21.15309563005419], [55.804575228861054, -21.152560832121384], [55.80463449199479, -21.152496205773573], [55.80469487030172, -21.152412615831846], [55.80473210832963, -21.152332476040506], [55.805164459900666, -21.151257770010275], [55.80535412979793, -21.15078301582166], [55.80541710110184, -21.15031594945392], [55.806859803223674, -21.14747476106471], [55.80783373502912, -21.146049050172536], [55.80838369665397, -21.14513370912373], [55.80901701141634, -21.143487646673968], [55.80936428855114, -21.142688318093846], [55.80970976813773, -21.14223407647052], [55.810658740045184, -21.141452750890114], [55.811730438567416, -21.140495213481586], [55.81267565585493, -21.13957811253892], [55.81293895518709, -21.13892137601731], [55.81297250626469, -21.138819526392002], [55.813050679625256, -21.138797489263794], [55.813686173626195, -21.139044959047617], [55.81608324983154, -21.139367991499125], [55.818189409039086, -21.139479701834357], [55.820347275440454, -21.140873242867432], [55.82211526812475, -21.14190708018292], [55.82448765709359, -21.14329313554035], [55.825782297426265, -21.14404735309672], [55.82656510242426, -21.1448243353875], [55.82669355084238, -21.145161328746546], [55.82677082217235, -21.145376361602764], [55.82644408280996, -21.146207553003148], [55.82673931256782, -21.14784883360756], [55.82758703965747, -21.15086482443114], [55.82828618034995, -21.152402336842158], [55.82943705123832, -21.154003800170393], [55.83067512022669, -21.155878914073913], [55.83113754269416, -21.15674825162751], [55.83158197276806, -21.15776336422598], [55.832924531107025, -21.159108771100566], [55.83396885872159, -21.159954279445582], [55.834567899661664, -21.160661314254423], [55.834903368757466, -21.1632049131801], [55.834106539683226, -21.16426844369157], [55.833099556840395, -21.16528386942339], [55.832704754850255, -21.1661339622395], [55.832875978239215, -21.167266210106785], [55.83311674297794, -21.168742232396365], [55.83315194540292, -21.171069652585683], [55.83329130329622, -21.17276585762266], [55.83373116946391, -21.176182415264492], [55.83459300592576, -21.178791073060548], [55.835388483271764, -21.180590720690216], [55.83580435909603, -21.18117402406842], [55.83623742752176, -21.181837848083585], [55.8365048982399, -21.182307654006916], [55.83661334481264, -21.182604717856222], [55.83664351106332, -21.18281180564001], [55.83665387473358, -21.182964552722385], [55.83663343282052, -21.183238144304077], [55.83662922671041, -21.18328328569637], [55.83661448924341, -21.183320223945234], [55.83657567936401, -21.183356093103033], [55.83593273529109, -21.18390816512825], [55.83583867004307, -21.18398882389283], [55.83317051377877, -21.185706772503675], [55.83212065443209, -21.186187360470463], [55.83138254585503, -21.18634306476991], [55.830139802356676, -21.186362473097716], [55.829254546984465, -21.186366280826523], [55.82908693667604, -21.186366926538938], [55.8288125112778, -21.186354184280933], [55.827835891853, -21.186095364169258], [55.82688755703046, -21.185670508479124], [55.82682519201001, -21.185639359868055], [55.826738569041275, -21.185630627953778], [55.826648029159294, -21.18562999944154]]]}";9741902;97419;974;4;974190201;Piton Ste-Rose;Sainte-Rose;LA REUNION;Piton Ste-Rose;LA REUNION;;4;;;;;;Iris d'habitat;1455;168.802902634;84.401451317;;176.137783469;;88.068891735;168.802902634;84;84.401451317;80.601584465;;80.601584465;89.599532727;;89.599532727;80.601584465;80;80.601584465;579.061711614;177.782104443;716.207906470;137.146194856;97.866627459;93.263259773;97.866627459;70.936275176;82.874523696;70.936275176;123.971392934;115.862689450;123.971392934;90.737178302;88.693020231;90.737178302;118.907444190;135.303998711;118.907444190;80.601584465;89.599532727;80.601584465;90.737178302;;90.737178302;88.693020231;;88.693020231;90.737178302;90;90.737178302;242.878837125;;121.439418562;251.166688161;;125.583344081;242.878837125;121;121.439418562;;;;249.404487099;;83.134829033;265.737316196;;88.579105399;249.404487099;83;83.134829033;333.616015427;;111.205338476;339.859708392;;113.286569464;333.616015427;111;111.205338476;Polygon;11492.173913043;1;1377.557334997;792.400236945;20.317954793;375.882163679;258.038025877;0.307017544;0.191489362;0.575221239;0.183988066;0.126305321;11492.173913043;11492.173913043;583.020502526;;605.597024588;;583.020502526;97;0.313710150;0.329194524;0.313710150;0.269945611;0.231059381;0.269945611;0.463995141;0.496468053;0.463995141;0.202770319;0.207443681;0.202770319;0.106221542;0.093349289;0.106221542;14258;12826.153846154;14258
Sainte-Suzanne;LA REUNION;CA Intercommunale du Nord de la Réunion (Cinor);LA REUNION;4504.857687404;90.439772151;86.278771798;90.439772151;Non;974200401;97420;69;249740119;-20.9442033325, 55.5771017014;"{""type"": ""Polygon"", ""coordinates"": [[[55.571914724060846, -20.91602425388796], [55.574081422564724, -20.916572633555333], [55.57498114198234, -20.916796047767253], [55.578271976517556, -20.917631085395453], [55.57948155292364, -20.91792932520238], [55.57993111066595, -20.9180229492067], [55.5817045190169, -20.918339560862172], [55.5839750891842, -20.91877877301608], [55.58438835086875, -20.91889873384536], [55.58492985370943, -20.919082088809624], [55.585576678201996, -20.91931238628482], [55.58728037646999, -20.920724225369156], [55.58918534655883, -20.922567263358513], [55.58911710932154, -20.922666973279824], [55.5890790900631, -20.922722667882496], [55.58883898023906, -20.92310551798944], [55.58881552573551, -20.92314597565898], [55.588798868773, -20.92317926257229], [55.58881096115049, -20.92322272416283], [55.588864535311025, -20.92335415526675], [55.58897839688788, -20.923618879651503], [55.590208892652896, -20.92446375696903], [55.59120482768692, -20.924893851316448], [55.592015188540536, -20.925222135785457], [55.592078406423255, -20.9252479514806], [55.59257335524303, -20.925477874817673], [55.59367415993662, -20.92600548036361], [55.59482318043696, -20.92662200619556], [55.59544896979749, -20.926844868242096], [55.596093280988924, -20.927040779331474], [55.59607230159563, -20.927228507576405], [55.59496049578707, -20.929425386356424], [55.59434063448376, -20.930524198879947], [55.59354667570857, -20.931448673846646], [55.59277812530218, -20.93227560067607], [55.59083507809149, -20.93440867855988], [55.58816599965974, -20.93592505023197], [55.58719342978058, -20.936581797206518], [55.586287880454854, -20.937480453435427], [55.58672782906071, -20.939654884758024], [55.58706895406021, -20.941448179906928], [55.58709543977215, -20.94159745450164], [55.58713151432408, -20.941954582478164], [55.58715692657185, -20.94396026324473], [55.587156391265, -20.944222234630338], [55.58713177125428, -20.944386443125886], [55.58709866679891, -20.94453251404216], [55.586879026843384, -20.945086264016012], [55.5868200872243, -20.945218570352672], [55.58674974453916, -20.945336328354017], [55.586667113557766, -20.945431400390127], [55.586541127708585, -20.945535146782536], [55.58642028875539, -20.945602801143448], [55.58626401637173, -20.945654804551396], [55.58612520459853, -20.94569069197799], [55.58530145025625, -20.9464706922903], [55.584538957330565, -20.94738600340068], [55.583942867641845, -20.948390810479285], [55.58235974168013, -20.951174471013545], [55.581597352495294, -20.953396727065375], [55.58162585038041, -20.953638161847334], [55.58159942611528, -20.953890883503345], [55.58156747964233, -20.95401528176699], [55.581528716704604, -20.95414865694083], [55.58146998133208, -20.95425837853712], [55.58139311156682, -20.954353495448373], [55.58136005066189, -20.954392064975917], [55.58130950192158, -20.954449459607037], [55.5800551379611, -20.956012675036522], [55.579636189596386, -20.959031381096576], [55.57846960170509, -20.9615786207305], [55.57748669128035, -20.963614725829256], [55.57640611873013, -20.965703306051253], [55.576244046857184, -20.965958958104604], [55.57616118784223, -20.966076154357026], [55.576071832144194, -20.96616845390088], [55.5753665251184, -20.966864018506385], [55.57437666620256, -20.96734220045415], [55.573001798554714, -20.968104872759493], [55.57135832566045, -20.970311557475355], [55.56938528491444, -20.97257959514987], [55.56815174556123, -20.97414830131452], [55.56515997254539, -20.97471031496219], [55.563169016894044, -20.972900377693282], [55.56059836444008, -20.970566094770913], [55.55897272120641, -20.969085308899274], [55.559513510954325, -20.968052829997912], [55.56023847063415, -20.966668693083403], [55.56171634813845, -20.964190620389736], [55.5620618756051, -20.963760828275344], [55.56235502252652, -20.963377568073252], [55.56330061047026, -20.96204767018331], [55.56312331153958, -20.960673977883534], [55.563062275621455, -20.9606201654152], [55.563036031394965, -20.960548579066558], [55.56307739637039, -20.96024540004424], [55.563243711651, -20.959244979627602], [55.56329479953242, -20.959031314691916], [55.56350126611218, -20.95865996823339], [55.56406971134014, -20.95774513967993], [55.565018316153406, -20.957303254398667], [55.56528161706674, -20.957122992070623], [55.56547814669053, -20.956885256026844], [55.565572236190526, -20.956699956018102], [55.566281223490485, -20.955264160453943], [55.56659504266096, -20.954474554051078], [55.566689837927235, -20.95333147393044], [55.56688984058929, -20.95234962377144], [55.56764104346929, -20.951122399106737], [55.56905586446927, -20.949076424417232], [55.569878917965426, -20.947975357515315], [55.571170660340485, -20.946732320051037], [55.572299410108315, -20.94604437743931], [55.57304690601369, -20.945402922742375], [55.57411887191377, -20.944312044715886], [55.57470737710522, -20.94370312886391], [55.575880295671745, -20.94230639045563], [55.576805545400056, -20.94116774516702], [55.576835205416145, -20.940980093253856], [55.576869621719034, -20.940797901175575], [55.57690064113469, -20.94066988248275], [55.57695142553586, -20.940587196751057], [55.57726052863717, -20.940134480028707], [55.57733811560265, -20.940064664734006], [55.57743397981947, -20.939994098431576], [55.577505729277966, -20.939931461279635], [55.57758358054209, -20.939833643826546], [55.57763637262097, -20.939741940963458], [55.57766420795244, -20.939645513219617], [55.577680470966385, -20.9395526024492], [55.57767132771859, -20.939400761315284], [55.57757567957474, -20.93837961587348], [55.57673589448005, -20.93546333381919], [55.57619079597573, -20.93418052847725], [55.57565535025417, -20.93337771361814], [55.574732231784566, -20.932034611196503], [55.57394212235084, -20.930380278231347], [55.57373980633948, -20.92900005670599], [55.572834542232016, -20.92610624729185], [55.57247843975055, -20.925178678351735], [55.572016503504194, -20.923751567502663], [55.57213237195457, -20.9218730907331], [55.57239257716827, -20.91906806639903], [55.57249781476592, -20.91780333445336], [55.57199662166864, -20.91691926828934], [55.57197383980018, -20.91688836343371], [55.57194442250291, -20.916847466092094], [55.571905725275094, -20.916771259978553], [55.57187089065481, -20.91669327943389], [55.571856090685735, -20.91663172696978], [55.57184964351203, -20.916601862068795], [55.57184956349236, -20.916508814996284], [55.571857294161475, -20.916403186158732], [55.57186799446518, -20.916288548521813], [55.57188143337136, -20.91618929095817], [55.57190260591993, -20.916085581248392], [55.571914724060846, -20.91602425388796]]]}";9742004;97420;974;4;974200401;Bagatelle;Sainte-Suzanne;LA REUNION;Bagatelle;LA REUNION;;4;;;;;;Iris d'habitat;3970;153.126762484;76.563381242;;135.757017998;;67.878508999;153.126762484;76;76.563381242;102.556459531;;102.556459531;92.515263674;;92.515263674;102.556459531;102;102.556459531;1312.116579103;338.706930407;1609.825548839;307.851758119;82.285457763;77.571828108;82.285457763;70.841304721;58.185189890;70.841304721;101.250090831;112.577338099;101.250090831;103.539094898;96.996483418;103.539094898;82.166225158;79.826527597;82.166225158;102.556459531;92.515263674;102.556459531;103.539094898;;103.539094898;96.996483418;;96.996483418;103.539094898;103;103.539094898;183.416315989;;91.708157995;192.403865695;;96.201932848;183.416315989;91;91.708157995;12942;;;255.683222016;;85.227740672;228.272281672;;76.090760557;255.683222016;85;85.227740672;286.955410887;;95.651803629;289.400349114;;96.466783038;286.955410887;95;95.651803629;Polygon;14622.5;1;3118.092936872;1464.866034377;47.910984357;945.779341975;393.176011402;0.258137833;0.191232993;0.469795501;0.209946553;0.087278231;14622.5;12942;542.638632903;;517.672630786;;542.638632903;90;0.313710150;0.332772656;0.313710150;0.269945611;0.328662661;0.269945611;0.463995141;0.417309122;0.463995141;0.202770319;0.216447592;0.202770319;0.106221542;0.109334871;0.106221542;14258;15805.5;14258
Sainte-Suzanne;LA REUNION;CA Intercommunale du Nord de la Réunion (Cinor);LA REUNION;2046.622299254;110.884169664;105.178329819;110.884169664;Non;974200101;97420;69;249740119;-20.90446774, 55.603797104;"{""type"": ""Polygon"", ""coordinates"": [[[55.595628550031854, -20.89755003963665], [55.5957563828248, -20.89765588121961], [55.595836531332644, -20.89772067918497], [55.59629521071573, -20.898017139848903], [55.5966789582292, -20.89825652329464], [55.596862119295054, -20.898356946516913], [55.59702101626139, -20.898430520870765], [55.59717470203987, -20.89849592195491], [55.5973984423485, -20.898574545110844], [55.59789323530655, -20.898709594452644], [55.59832779698086, -20.89880891685009], [55.60121227959519, -20.900209292648764], [55.60169504026804, -20.900710099121458], [55.602279959016975, -20.901183735441716], [55.602550059779354, -20.90139552727944], [55.60262651875745, -20.901444031368534], [55.60308977786724, -20.901726952472238], [55.603327232122076, -20.901871635835803], [55.60416774747625, -20.902380489015027], [55.6048847096641, -20.902798574073348], [55.607376763061104, -20.904130603893684], [55.60779197451743, -20.904349894323456], [55.60796045492544, -20.90442805397408], [55.60828211045383, -20.904576117752832], [55.60925005652455, -20.90501039274676], [55.609898454720636, -20.90527674509362], [55.60998657870156, -20.90531179035566], [55.61016662209147, -20.905387331876856], [55.6104374824261, -20.905518717794937], [55.61106434954544, -20.905826897744888], [55.61189473225716, -20.906272235580108], [55.612089759946116, -20.906391258955495], [55.611663762329975, -20.90702919435025], [55.60869646292652, -20.90749468329176], [55.60802771680223, -20.907765668163194], [55.60787963403757, -20.907872866423162], [55.607738791401545, -20.908028905770216], [55.60767671040193, -20.908192813939674], [55.60763383076002, -20.908359588706695], [55.60763990364101, -20.90853489283198], [55.607744380009706, -20.909298192312757], [55.60784806951165, -20.90962605889718], [55.60795494106543, -20.90981754183894], [55.608032961873924, -20.909905804949027], [55.60811728433516, -20.909936303417172], [55.607852641732514, -20.909963958145653], [55.60734561719345, -20.91000318711485], [55.606854278430774, -20.91000956934611], [55.60593253677138, -20.909982626751535], [55.60492054177098, -20.909631082725184], [55.60404500301776, -20.90866364414513], [55.60327363191586, -20.907764806213542], [55.60285749432082, -20.907126332047433], [55.60306595152425, -20.906832633716476], [55.60352570466969, -20.90618686704873], [55.60336381123203, -20.904970306854803], [55.60197583642842, -20.904488045437166], [55.60049922187458, -20.904534223980857], [55.598506372455375, -20.90390540199847], [55.59776503881164, -20.902263312616526], [55.597053466601146, -20.898972810642434], [55.59679299455213, -20.898864074128056], [55.59672694474066, -20.89883372048588], [55.59666475679987, -20.898801591788473], [55.59660353014692, -20.898769470963945], [55.59648301624455, -20.898703438436492], [55.595562005752804, -20.89819269360244], [55.595628550031854, -20.89755003963665]]]}";9742001;97420;974;4;974200101;Centre Ville-Mairie;Sainte-Suzanne;LA REUNION;Centre Ville-Mairie;LA REUNION;;4;;;;;;Iris d'habitat;3970;253.298465432;126.649232716;;227.339765476;;113.669882738;253.298465432;126;126.649232716;102.556459531;;102.556459531;92.515263674;;92.515263674;102.556459531;102;102.556459531;558.092202011;278.322203005;759.066767094;193.286770153;158.969324386;149.862945907;158.969324386;94.329141045;77.476819569;94.329141045;105.217797101;116.988927328;105.217797101;120.719349626;113.091121820;120.719349626;83.512946296;81.134900616;83.512946296;102.556459531;92.515263674;102.556459531;120.719349626;;120.719349626;113.091121820;;113.091121820;120.719349626;120;120.719349626;188.730743397;;94.365371699;198.123827944;;99.061913972;188.730743397;94;94.365371699;8114;;;355.854924963;;118.618308321;319.855029150;;106.618343050;355.854924963;118;118.618308321;309.450093023;;103.150031008;311.214949764;;103.738316588;309.450093023;103;103.150031008;Polygon;14622.5;1;1250.652741118;610.575503761;45.317656514;500.978366724;181.553283991;0.498702906;0.254637376;0.488205466;0.244783010;0.088708739;14622.5;8114;665.305017986;;631.069978914;;665.305017986;110;0.313710150;0.332772656;0.313710150;0.269945611;0.328662661;0.269945611;0.463995141;0.417309122;0.463995141;0.202770319;0.216447592;0.202770319;0.106221542;0.109334871;0.106221542;14258;15805.5;14258
Sainte-Suzanne;LA REUNION;CA Intercommunale du Nord de la Réunion (Cinor);LA REUNION;4305.534954948;81.497813308;77.822606025;81.497813308;Non;974200301;97420;69;249740119;-20.9596845051, 55.6023394602;"{""type"": ""Polygon"", ""coordinates"": [[[55.62686894685627, -20.944512191760364], [55.62784310014782, -20.945143360128462], [55.62845908192602, -20.945612649494976], [55.629698570862665, -20.945195065519595], [55.63110191264974, -20.94431765762587], [55.63133990224424, -20.944054877588925], [55.63151569416927, -20.943863868450137], [55.63170799637732, -20.94365492397674], [55.631841964174285, -20.94351597489557], [55.6319107520758, -20.943459613755575], [55.63197065606463, -20.943428475922673], [55.632032335409214, -20.943413613104628], [55.63212186713764, -20.943402587105016], [55.63312331003824, -20.9433600248197], [55.633258889945004, -20.943361111082826], [55.633327086881955, -20.943369787838208], [55.633362590794846, -20.94337820266675], [55.63340000963237, -20.94338753620629], [55.633455501333536, -20.94341869558796], [55.63376530078728, -20.94361359651813], [55.633786271545716, -20.94384593268686], [55.633850853953284, -20.945312632756007], [55.63399187311636, -20.947257831746114], [55.634143672777476, -20.94918098394816], [55.63443633996832, -20.95084147748015], [55.634478197008, -20.951103792176742], [55.6344723617793, -20.95111097247694], [55.63445207223347, -20.95122734574835], [55.63445744287721, -20.951377349454027], [55.634461447668244, -20.951465912536808], [55.63448128087239, -20.95150581996059], [55.63284707307858, -20.953630569143478], [55.63016264635406, -20.95533131317984], [55.62962758227642, -20.955845551707984], [55.62953584818338, -20.95588636972828], [55.62940961026506, -20.955914263094076], [55.62860609078861, -20.955968328621974], [55.627549178831, -20.955862260280423], [55.6268654619282, -20.955750609115896], [55.62611039754493, -20.95534297678867], [55.625649174730114, -20.954773295625856], [55.62467677658792, -20.953523767045414], [55.62427615425373, -20.953058911073224], [55.62418263422501, -20.952979562999356], [55.62407847869309, -20.95290645268939], [55.62381216532511, -20.952793188686016], [55.62363758909795, -20.952743900928763], [55.62348680548812, -20.95272190628348], [55.623325311938686, -20.952714279039448], [55.623178964578614, -20.952732971785863], [55.623056467468494, -20.95277263459206], [55.62291538547099, -20.95284647545517], [55.62279425753553, -20.952946675197072], [55.62110662686189, -20.954611505965755], [55.61897356544467, -20.956728489331837], [55.61660399604142, -20.957954551865427], [55.61574883791266, -20.95869875150769], [55.61491441868801, -20.959294988343526], [55.61426585009291, -20.959752244067865], [55.61368562596633, -20.959993695536802], [55.61316350905998, -20.9601773201497], [55.6125343689565, -20.960417947975014], [55.61130621759209, -20.961461729574477], [55.61108072604582, -20.962290992995722], [55.611063835862275, -20.962922310980396], [55.611039787954496, -20.96302690594831], [55.61100792145665, -20.963144987750223], [55.61084513140257, -20.96358902252831], [55.61079714132463, -20.963682581887554], [55.61072868051872, -20.963805785592616], [55.6106343960503, -20.963913421497722], [55.61055482043047, -20.96399046267025], [55.61042995383251, -20.964077071660906], [55.60929253307353, -20.964768810160667], [55.60851355175091, -20.965075921792963], [55.607903147412834, -20.965197860939362], [55.60717583839162, -20.96532516618304], [55.60661809920911, -20.965471921913867], [55.60603479050392, -20.96562750033285], [55.604051980051715, -20.966160068628078], [55.60114180286479, -20.96712855747575], [55.60000791609147, -20.967330635062144], [55.59904355556378, -20.96771160994541], [55.596571346903964, -20.969202148794015], [55.59549498976818, -20.969832863889422], [55.594168743952565, -20.97064941020711], [55.59318969826975, -20.971773697428258], [55.5922376851767, -20.973193601370117], [55.5912679366834, -20.974759245397628], [55.590519352144916, -20.975815860838704], [55.589847282858415, -20.97650724389703], [55.58934245321702, -20.976903254273022], [55.58902235901059, -20.977036107955225], [55.58858148468201, -20.977227582346984], [55.588168653070525, -20.97755659893298], [55.58766815151994, -20.978105307902425], [55.58595740519198, -20.9801110323936], [55.58455697146388, -20.981844694356553], [55.58359209060752, -20.98305779081122], [55.582424649165674, -20.98463505570822], [55.581671241022114, -20.98552830337066], [55.58062125555415, -20.986657562422543], [55.578815155422454, -20.989265852285275], [55.578329888120244, -20.991194987240874], [55.578308154636154, -20.991255330743726], [55.57814672745306, -20.991236819066906], [55.577675732340346, -20.991200364617317], [55.57723655192094, -20.991181790175624], [55.57676519277514, -20.991158428861546], [55.57659597706776, -20.991149787556505], [55.576447973286, -20.99113590327901], [55.576288444566856, -20.991120115798775], [55.57529099582278, -20.99101240382832], [55.57477115451055, -20.990953852145267], [55.572508761441526, -20.99054555446779], [55.57244156169091, -20.990531440768883], [55.572236132356096, -20.990487260690436], [55.57245591037336, -20.989730284276163], [55.57317025225311, -20.987641387833936], [55.57397146073417, -20.986126845915972], [55.573977265886725, -20.98612328109573], [55.574024909000045, -20.986069478596832], [55.57654987489883, -20.98292071847589], [55.578399200037246, -20.981432071166704], [55.58089177997809, -20.979861135701604], [55.580901568306444, -20.97984315005233], [55.581748915064, -20.977605357395536], [55.583018414010525, -20.975475859930057], [55.585499910607524, -20.971796310774707], [55.58625091483804, -20.971404160461717], [55.58746330968165, -20.96970956974319], [55.58516563495961, -20.96827584509763], [55.58636944475285, -20.966827807628075], [55.587268925083734, -20.96562611462566], [55.58761992866983, -20.965118171806797], [55.588005560000376, -20.96399487299918], [55.59029039084169, -20.962178148800678], [55.59060269112226, -20.96126752907405], [55.5895378718826, -20.960686793923127], [55.58695662822998, -20.963242713193615], [55.58479822563498, -20.965926763701404], [55.584759681763906, -20.965934573924283], [55.58262672689044, -20.966012606407627], [55.581492557685216, -20.963286763983728], [55.58275253435546, -20.961745720474585], [55.58388252773681, -20.960422200145683], [55.584724689701666, -20.959432784636434], [55.585850769495345, -20.958010298477046], [55.58595588884437, -20.95777448918568], [55.58596590200196, -20.957630034119653], [55.585936261238494, -20.957611721027295], [55.58594728917802, -20.957563934239502], [55.585984304371145, -20.957411572840307], [55.586281667456035, -20.95698132767323], [55.587364550396785, -20.95580283127618], [55.58770482888033, -20.95546146839836], [55.58806471722668, -20.955131107500286], [55.58852816192408, -20.954730688887004], [55.58984290043271, -20.953915281486683], [55.591171137396515, -20.9532656068322], [55.5923546546131, -20.9522708379486], [55.59286773575853, -20.951729075395132], [55.593500984197284, -20.951137538283923], [55.595143858678284, -20.94971474956592], [55.5980866386581, -20.947788570652513], [55.59918133843693, -20.947751492980622], [55.5998312787224, -20.947300628626984], [55.60130338004418, -20.945715550590908], [55.60169984051014, -20.945065665222703], [55.60216844265138, -20.943999013296402], [55.602550096183954, -20.943005449616535], [55.602887126840514, -20.942406840037084], [55.603208711478395, -20.941844867225296], [55.60335682591291, -20.941634691282474], [55.60349018177204, -20.94146052917566], [55.60363196494176, -20.94131082690973], [55.60448782319442, -20.940581582941626], [55.604557505420665, -20.94053337089181], [55.60463564047061, -20.940506908830397], [55.60463948658977, -20.94050694028592], [55.604622222462275, -20.9411247043605], [55.60473267112884, -20.941346933377805], [55.60593648868119, -20.94241503135949], [55.60693300995398, -20.94306844554031], [55.608379317743825, -20.943923320835037], [55.60945336251145, -20.943412640596286], [55.61066451110406, -20.943883228188184], [55.611153101746616, -20.94429101389558], [55.611968240720145, -20.946098972075735], [55.612789013590486, -20.947819345675693], [55.614634525583014, -20.949375498558425], [55.61509032264897, -20.949587879276972], [55.61526081284878, -20.949662436755347], [55.6156594894033, -20.949812019541618], [55.61728027365634, -20.94893353824904], [55.61879514936479, -20.948066830187148], [55.62058749686714, -20.94708943013736], [55.623758790621025, -20.945589246383896], [55.624481920338006, -20.94527618750351], [55.62542510920361, -20.944874561203775], [55.625542816147636, -20.944832147603805], [55.62565651183526, -20.944807769119944], [55.62602817093633, -20.944756560469028], [55.62646331788116, -20.944703152073508], [55.62664166073678, -20.944654902280135], [55.62675954025228, -20.944593518303268], [55.62686312803441, -20.944517565179748], [55.62686894685627, -20.944512191760364]]]}";9742003;97420;974;4;974200301;Deux Rives;Sainte-Suzanne;LA REUNION;Deux Rives;LA REUNION;;4;;;;;;Iris d'habitat;3970;127.290962469;63.645481234;;112.652137247;;56.326068623;127.290962469;63;63.645481234;102.556459531;;102.556459531;92.515263674;;92.515263674;102.556459531;102;102.556459531;1193.484129888;249.941644869;1432.348726908;234.060375836;66.756476305;62.932406841;66.756476305;60.534486164;49.719730406;60.534486164;94.463334566;105.031320624;94.463334566;93.621354996;87.705443209;93.621354996;71.054768288;69.031471395;71.054768288;102.556459531;92.515263674;102.556459531;93.621354996;;93.621354996;87.705443209;;87.705443209;93.621354996;93;93.621354996;165.518102854;;82.759051427;174.062792019;;87.031396009;165.518102854;82;82.759051427;14488;;;229.847422000;;76.615807333;205.167400921;;68.389133640;229.847422000;76;76.615807333;259.139457850;;86.379819283;261.768235228;;87.256078409;259.139457850;86;86.379819283;Polygon;14622.5;1;2837.810007929;1243.827115856;40.665761578;817.346911105;324.962276560;0.209421842;0.163410189;0.438305282;0.189836320;0.075475471;14622.5;14488;488.986879850;;466.935636148;;488.986879850;81;0.313710150;0.332772656;0.313710150;0.269945611;0.328662661;0.269945611;0.463995141;0.417309122;0.463995141;0.202770319;0.216447592;0.202770319;0.106221542;0.109334871;0.106221542;14258;15805.5;14258
Sainte-Suzanne;LA REUNION;CA Intercommunale du Nord de la Réunion (Cinor);LA REUNION;680.889198998;96.957040003;92.905614828;96.957040003;Non;974200601;97420;69;249740119;-20.9341350834, 55.6033978484;"{""type"": ""Polygon"", ""coordinates"": [[[55.62681824846504, -20.92518131808793], [55.62671744197121, -20.925375636882276], [55.62559899648417, -20.9279810110992], [55.62380160998682, -20.93059174295133], [55.62146593478796, -20.931126212192655], [55.618608983004634, -20.932546365745868], [55.61704240603438, -20.933422939948482], [55.615621150323605, -20.9340058370046], [55.61349644459535, -20.93464669561189], [55.61177804512741, -20.935385460927787], [55.611114934655, -20.936491891081744], [55.61039285270258, -20.938412905393292], [55.60817176330318, -20.94036957212624], [55.60724277266437, -20.940690366507983], [55.60471641734476, -20.940506666076516], [55.60463948658977, -20.94050694028592], [55.60463564047061, -20.940506908830397], [55.604557505420665, -20.94053337089181], [55.60448782319442, -20.940581582941626], [55.60363196494176, -20.94131082690973], [55.60349018177204, -20.94146052917566], [55.60335682591291, -20.941634691282474], [55.603208711478395, -20.941844867225296], [55.602887126840514, -20.942406840037084], [55.602550096183954, -20.943005449616535], [55.60216844265138, -20.943999013296402], [55.60169984051014, -20.945065665222703], [55.60130338004418, -20.945715550590908], [55.5998312787224, -20.947300628626984], [55.59918133843693, -20.947751492980622], [55.5980866386581, -20.947788570652513], [55.595143858678284, -20.94971474956592], [55.593500984197284, -20.951137538283923], [55.59286773575853, -20.951729075395132], [55.5923546546131, -20.9522708379486], [55.591171137396515, -20.9532656068322], [55.58984290043271, -20.953915281486683], [55.58852816192408, -20.954730688887004], [55.58806471722668, -20.955131107500286], [55.58770482888033, -20.95546146839836], [55.587364550396785, -20.95580283127618], [55.586281667456035, -20.95698132767323], [55.585984304371145, -20.957411572840307], [55.58594728917802, -20.957563934239502], [55.585936261238494, -20.957611721027295], [55.58486868436277, -20.956700403982804], [55.582041574807484, -20.954833154200763], [55.58136005066189, -20.954392064975917], [55.58139311156682, -20.954353495448373], [55.58146998133208, -20.95425837853712], [55.581528716704604, -20.95414865694083], [55.58156747964233, -20.95401528176699], [55.58159942611528, -20.953890883503345], [55.58162585038041, -20.953638161847334], [55.581597352495294, -20.953396727065375], [55.58235974168013, -20.951174471013545], [55.583942867641845, -20.948390810479285], [55.584538957330565, -20.94738600340068], [55.58530145025625, -20.9464706922903], [55.58612520459853, -20.94569069197799], [55.58626401637173, -20.945654804551396], [55.58642028875539, -20.945602801143448], [55.586541127708585, -20.945535146782536], [55.586667113557766, -20.945431400390127], [55.58674974453916, -20.945336328354017], [55.5868200872243, -20.945218570352672], [55.586879026843384, -20.945086264016012], [55.58709866679891, -20.94453251404216], [55.58713177125428, -20.944386443125886], [55.587156391265, -20.944222234630338], [55.58715692657185, -20.94396026324473], [55.58713151432408, -20.941954582478164], [55.58709543977215, -20.94159745450164], [55.58706895406021, -20.941448179906928], [55.58672782906071, -20.939654884758024], [55.586287880454854, -20.937480453435427], [55.58719342978058, -20.936581797206518], [55.58816599965974, -20.93592505023197], [55.59083507809149, -20.93440867855988], [55.59277812530218, -20.93227560067607], [55.59354667570857, -20.931448673846646], [55.59434063448376, -20.930524198879947], [55.59496049578707, -20.929425386356424], [55.59607230159563, -20.927228507576405], [55.596093280988924, -20.927040779331474], [55.59609533011117, -20.927027245646286], [55.597050402864554, -20.92462084256142], [55.600163061810186, -20.922623295096855], [55.60028526536411, -20.92250956890883], [55.60040064657533, -20.92240572377617], [55.60050324409393, -20.922332488381425], [55.60066856810009, -20.922234472647858], [55.60137526494007, -20.92187123610656], [55.60381458682139, -20.920751145440875], [55.606671356001975, -20.920857140118375], [55.609845175230895, -20.920129596350804], [55.60998680526483, -20.919472189795766], [55.610251324806306, -20.919042530117377], [55.610637515050044, -20.918659932026376], [55.61223790218225, -20.917351308708668], [55.61445701488744, -20.915565287273406], [55.61451223658277, -20.915519663124424], [55.614558814178, -20.915473065455593], [55.61459585270733, -20.915418260008824], [55.61463435057724, -20.915309263849352], [55.6146709242548, -20.91530504365056], [55.615249438656186, -20.91533502994642], [55.617401696463325, -20.916796063134512], [55.618685588300465, -20.917859790122964], [55.61865545536626, -20.91800047312047], [55.61865807593974, -20.91813419405027], [55.61868066229915, -20.91829246765296], [55.6187320822636, -20.918451877864126], [55.618829723815196, -20.918603531538434], [55.61892415719735, -20.918685599220126], [55.619638787226194, -20.919234758682457], [55.62054284641335, -20.919887527412317], [55.62215168458136, -20.920907782988717], [55.62408536411422, -20.921314087089478], [55.62520585965332, -20.92137957401794], [55.625767958730044, -20.921420234199754], [55.62596860659956, -20.92145346726497], [55.62610087867745, -20.92149879720857], [55.62620683853494, -20.921582760613816], [55.6262618104048, -20.921669927238806], [55.62634026443373, -20.92192350439353], [55.62643140477865, -20.922262101145193], [55.6264860707065, -20.92248838551476], [55.62652329118325, -20.922729886959523], [55.6268235906932, -20.92512264147727], [55.62681824846504, -20.92518131808793]]]}";9742006;97420;974;4;974200601;La Renaissance;Sainte-Suzanne;LA REUNION;La Renaissance;LA REUNION;;4;;;;;;Iris d'habitat;3970;145.202791527;72.601395764;;126.148298017;;63.074149009;145.202791527;72;72.601395764;102.556459531;;102.556459531;92.515263674;;92.515263674;102.556459531;102;102.556459531;185.367674855;32.995599865;243.369833674;58.116708732;56.740538789;53.490221010;56.740538789;88.462252738;72.658077007;88.462252738;125.080907173;139.074201918;125.080907173;93.840452441;87.910695936;93.840452441;115.061629345;111.785229424;115.061629345;102.556459531;92.515263674;102.556459531;93.840452441;;93.840452441;87.910695936;;87.910695936;93.840452441;93;93.840452441;240.142536518;;120.071268259;250.859431342;;125.429715671;240.142536518;120;120.071268259;;;;247.759251059;;82.586417020;218.663561691;;72.887853897;247.759251059;82;82.586417020;333.982988958;;111.327662986;338.770127279;;112.923375760;333.982988958;111;111.327662986;Polygon;14622.5;1;489.776637294;284.251339369;10.128530442;129.559994765;83.218439208;0.178000829;0.238799969;0.580369331;0.190280584;0.122220237;14622.5;14622.5;581.742240017;;557.433688970;;581.742240017;96;0.313710150;0.332772656;0.313710150;0.269945611;0.328662661;0.269945611;0.463995141;0.417309122;0.463995141;0.202770319;0.216447592;0.202770319;0.106221542;0.109334871;0.106221542;14258;15805.5;14258
Sainte-Suzanne;LA REUNION;CA Intercommunale du Nord de la Réunion (Cinor);LA REUNION;3901.228072531;95.585648844;90.955401544;95.585648844;Non;974200501;97420;69;249740119;-20.9107720671, 55.5910946339;"{""type"": ""Polygon"", ""coordinates"": [[[55.571914724060846, -20.91602425388796], [55.571920808795184, -20.915990880332046], [55.57202231655944, -20.91430785990248], [55.572225801196566, -20.9119066140106], [55.572481726147565, -20.910718571296762], [55.57383733779678, -20.90780468827277], [55.57513168382723, -20.90537240623466], [55.57580562448437, -20.904299198866443], [55.57685645931408, -20.902274957759204], [55.577034796650146, -20.90120392159805], [55.5763441223518, -20.899211666512347], [55.57610536937125, -20.898534862780128], [55.57548396063753, -20.89664142298284], [55.575230762466035, -20.894746082614812], [55.57526029841828, -20.894672252789206], [55.57532909739106, -20.894716187859775], [55.57711821745809, -20.895733698250265], [55.577450862770206, -20.895921788128405], [55.57808103977003, -20.89627482852227], [55.57842925383613, -20.896455688586926], [55.578634984238796, -20.8965567700952], [55.57877187996736, -20.896617530799652], [55.5791758731802, -20.896796143164252], [55.5794660492829, -20.896913282993914], [55.579865429231084, -20.897071529687462], [55.58001502186266, -20.897111165810934], [55.58123816972764, -20.89738059094565], [55.58178575357089, -20.897496693659516], [55.58250226334884, -20.897589821486484], [55.58284229032997, -20.897619742529976], [55.58336309140812, -20.897644837932702], [55.58376101407763, -20.89765174949218], [55.58413902182495, -20.89762958733851], [55.58423910177306, -20.8976186726665], [55.58441237211744, -20.897593910307062], [55.58450287344477, -20.89757930266087], [55.584821800353495, -20.897501544122072], [55.586268102531356, -20.89714313319027], [55.5868410787111, -20.89693467683894], [55.58747263686781, -20.89662959043517], [55.58809839133187, -20.896328067094657], [55.58877011820236, -20.896044536658597], [55.588985217835656, -20.89596681607801], [55.58918163153344, -20.895934109480795], [55.591010676704784, -20.895866991371555], [55.59122118817429, -20.895868726715747], [55.5917014961866, -20.895906109875067], [55.59186575025752, -20.89592011045273], [55.59204344488112, -20.895936028340635], [55.59216147523108, -20.895958681548006], [55.59273187213142, -20.89612869611506], [55.59287277887337, -20.896172314747847], [55.593066250902034, -20.896248887371286], [55.5932328798916, -20.896317560178584], [55.593556504863116, -20.89645708448132], [55.59374415967437, -20.89653902872578], [55.59512956820181, -20.897246019025886], [55.595389708286376, -20.89738998668052], [55.5955837158343, -20.897512632951006], [55.595628550031854, -20.89755003963665], [55.595562005752804, -20.89819269360244], [55.59648301624455, -20.898703438436492], [55.59660353014692, -20.898769470963945], [55.59666475679987, -20.898801591788473], [55.59672694474066, -20.89883372048588], [55.59679299455213, -20.898864074128056], [55.597053466601146, -20.898972810642434], [55.59776503881164, -20.902263312616526], [55.598506372455375, -20.90390540199847], [55.60049922187458, -20.904534223980857], [55.60197583642842, -20.904488045437166], [55.60336381123203, -20.904970306854803], [55.60352570466969, -20.90618686704873], [55.60306595152425, -20.906832633716476], [55.60285749432082, -20.907126332047433], [55.60327363191586, -20.907764806213542], [55.60404500301776, -20.90866364414513], [55.60492054177098, -20.909631082725184], [55.60593253677138, -20.909982626751535], [55.606854278430774, -20.91000956934611], [55.60734561719345, -20.91000318711485], [55.607852641732514, -20.909963958145653], [55.60811728433516, -20.909936303417172], [55.608125911351486, -20.909939083836534], [55.61023599275399, -20.912257160252313], [55.61151565084996, -20.913301028759633], [55.613084664187525, -20.913305646588395], [55.61438281389522, -20.914537547154424], [55.61446852357012, -20.914626773330305], [55.6145397215039, -20.914725818876885], [55.61459277799757, -20.914811166598252], [55.61463007913243, -20.914937038408688], [55.614637302506246, -20.915197269209017], [55.61463435057724, -20.915309263849352], [55.61459585270733, -20.915418260008824], [55.614558814178, -20.915473065455593], [55.61451223658277, -20.915519663124424], [55.61445701488744, -20.915565287273406], [55.61223790218225, -20.917351308708668], [55.610637515050044, -20.918659932026376], [55.610251324806306, -20.919042530117377], [55.60998680526483, -20.919472189795766], [55.609845175230895, -20.920129596350804], [55.606671356001975, -20.920857140118375], [55.60381458682139, -20.920751145440875], [55.60137526494007, -20.92187123610656], [55.60066856810009, -20.922234472647858], [55.60050324409393, -20.922332488381425], [55.60040064657533, -20.92240572377617], [55.60028526536411, -20.92250956890883], [55.600163061810186, -20.922623295096855], [55.597050402864554, -20.92462084256142], [55.59609533011117, -20.927027245646286], [55.596093280988924, -20.927040779331474], [55.59544896979749, -20.926844868242096], [55.59482318043696, -20.92662200619556], [55.59367415993662, -20.92600548036361], [55.59257335524303, -20.925477874817673], [55.592078406423255, -20.9252479514806], [55.592015188540536, -20.925222135785457], [55.59120482768692, -20.924893851316448], [55.590208892652896, -20.92446375696903], [55.58897839688788, -20.923618879651503], [55.588864535311025, -20.92335415526675], [55.58881096115049, -20.92322272416283], [55.588798868773, -20.92317926257229], [55.58881552573551, -20.92314597565898], [55.58883898023906, -20.92310551798944], [55.5890790900631, -20.922722667882496], [55.58911710932154, -20.922666973279824], [55.58918534655883, -20.922567263358513], [55.58728037646999, -20.920724225369156], [55.585576678201996, -20.91931238628482], [55.58492985370943, -20.919082088809624], [55.58438835086875, -20.91889873384536], [55.5839750891842, -20.91877877301608], [55.5817045190169, -20.918339560862172], [55.57993111066595, -20.9180229492067], [55.57948155292364, -20.91792932520238], [55.578271976517556, -20.917631085395453], [55.57498114198234, -20.916796047767253], [55.574081422564724, -20.916572633555333], [55.571914724060846, -20.91602425388796]]]}";9742005;97420;974;4;974200501;Les Jacques-Bel Air;Sainte-Suzanne;LA REUNION;Les Jacques-Bel Air;LA REUNION;;4;;;;;;Iris d'habitat;3970;203.223316845;101.611658422;;182.903335654;;91.451667827;203.223316845;101;101.611658422;102.556459531;;102.556459531;92.515263674;;92.515263674;102.556459531;102;102.556459531;1064.705762975;439.952167466;1325.565840702;255.865619765;131.718654680;124.173300084;131.718654680;71.504662165;58.730035570;71.504662165;98.405140175;109.414111584;98.405140175;103.921883604;97.355083795;103.921883604;65.407092909;63.544614555;65.407092909;102.556459531;92.515263674;102.556459531;103.921883604;;103.921883604;97.355083795;;97.355083795;103.921883604;103;103.921883604;163.812233084;;81.906116542;172.958726139;;86.479363069;163.812233084;81;81.906116542;9232;;;305.779776376;;101.926592125;275.418599328;;91.806199776;305.779776376;101;101.926592125;267.734116688;;89.244705563;270.313809934;;90.104603311;267.734116688;89;89.244705563;Polygon;14622.5;1;2409.186787451;1100.022806248;53.939403669;822.077447750;271.043370405;0.413214789;0.193023697;0.456595069;0.210722735;0.069476423;14622.5;9232;573.513893064;;545.732409262;;573.513893064;95;0.313710150;0.332772656;0.313710150;0.269945611;0.328662661;0.269945611;0.463995141;0.417309122;0.463995141;0.202770319;0.216447592;0.202770319;0.106221542;0.109334871;0.106221542;14258;15805.5;14258
Sainte-Suzanne;LA REUNION;CA Intercommunale du Nord de la Réunion (Cinor);LA REUNION;2477.445701486;88.288789467;83.505980132;88.288789467;Non;974200202;97420;69;249740119;-20.9372341242, 55.622843435;"{""type"": ""Polygon"", ""coordinates"": [[[55.62681824846504, -20.92518131808793], [55.626829711677516, -20.925189540697357], [55.62885101385842, -20.925906809154867], [55.629716481316244, -20.926212776794333], [55.62976441411846, -20.92622851898564], [55.62978337160945, -20.926152787322405], [55.62980558303677, -20.926036429721062], [55.62980463756165, -20.925928920038363], [55.629796641628545, -20.925856585543873], [55.62977912159072, -20.925774237435355], [55.62981946946963, -20.92577817479858], [55.63007503347174, -20.92580010016965], [55.63031736721358, -20.925796624395808], [55.63054529568735, -20.925791225960175], [55.631961585779344, -20.92563500467068], [55.63329263503462, -20.925229659582726], [55.63347023698954, -20.925154294020423], [55.63363085539886, -20.925149255982106], [55.63374609759636, -20.92516463239293], [55.63394438768126, -20.92524662004194], [55.63426130772943, -20.92539459994052], [55.634625989739106, -20.925577289738115], [55.63485278880281, -20.925696542985772], [55.63507946550953, -20.925829345675563], [55.63522572448322, -20.925923563209313], [55.635919391225286, -20.926515401442806], [55.6360068555427, -20.9266254093819], [55.63606442495019, -20.92674511561114], [55.63616804777519, -20.927088324786137], [55.636185788905905, -20.927252881800648], [55.63616705185244, -20.927410823706744], [55.636095516215036, -20.927559309945984], [55.63598492851327, -20.92766683197293], [55.635906494119325, -20.927727635081144], [55.6358462129329, -20.927801230549996], [55.635806822136374, -20.92790390112205], [55.63574552664635, -20.928089507613247], [55.63574438159504, -20.928215971717734], [55.6357840642575, -20.92839967508918], [55.63589453567299, -20.928623692915064], [55.63602441666951, -20.928827991410472], [55.636181505333646, -20.929000888894805], [55.6362550642382, -20.92905387267969], [55.63634146568614, -20.929069017055582], [55.636545363328544, -20.929594606579872], [55.63698812565264, -20.929757137790936], [55.637210566721116, -20.92982757087591], [55.63731990524025, -20.929858255384495], [55.637443616920976, -20.92989447484872], [55.637827829156656, -20.930045695981363], [55.638662906596096, -20.930420937858184], [55.638661528832834, -20.930466999299902], [55.638408525051936, -20.932075709214406], [55.63813178170559, -20.933544204792714], [55.63754641361286, -20.934433546386657], [55.636822578713534, -20.935194164977748], [55.636582446798016, -20.93516514520174], [55.63567214375799, -20.935130768475812], [55.635319989313395, -20.935270026070924], [55.63395974149302, -20.936066520941264], [55.633263929579364, -20.936555097660275], [55.632584786274954, -20.93731780251673], [55.63011549641791, -20.939537196240565], [55.627754512409886, -20.941674584658845], [55.627734719955605, -20.94184155016513], [55.62771207573181, -20.942004879218242], [55.62766304793601, -20.942319763322967], [55.627619364664824, -20.942470275832676], [55.627570807661115, -20.9426279761301], [55.62743818796094, -20.94304065567067], [55.627031529995804, -20.944293979935836], [55.6269874687711, -20.944380349434333], [55.62692910761297, -20.944453053173785], [55.62686894685627, -20.944512191760364], [55.62686312803441, -20.944517565179748], [55.62675954025228, -20.944593518303268], [55.62664166073678, -20.944654902280135], [55.62646331788116, -20.944703152073508], [55.62602817093633, -20.944756560469028], [55.62565651183526, -20.944807769119944], [55.625542816147636, -20.944832147603805], [55.62542510920361, -20.944874561203775], [55.624481920338006, -20.94527618750351], [55.623758790621025, -20.945589246383896], [55.62058749686714, -20.94708943013736], [55.61879514936479, -20.948066830187148], [55.61728027365634, -20.94893353824904], [55.6156594894033, -20.949812019541618], [55.61526081284878, -20.949662436755347], [55.61509032264897, -20.949587879276972], [55.614634525583014, -20.949375498558425], [55.612789013590486, -20.947819345675693], [55.611968240720145, -20.946098972075735], [55.611153101746616, -20.94429101389558], [55.61066451110406, -20.943883228188184], [55.60945336251145, -20.943412640596286], [55.608379317743825, -20.943923320835037], [55.60693300995398, -20.94306844554031], [55.60593648868119, -20.94241503135949], [55.60473267112884, -20.941346933377805], [55.604622222462275, -20.9411247043605], [55.60463948658977, -20.94050694028592], [55.60471641734476, -20.940506666076516], [55.60724277266437, -20.940690366507983], [55.60817176330318, -20.94036957212624], [55.61039285270258, -20.938412905393292], [55.611114934655, -20.936491891081744], [55.61177804512741, -20.935385460927787], [55.61349644459535, -20.93464669561189], [55.615621150323605, -20.9340058370046], [55.61704240603438, -20.933422939948482], [55.618608983004634, -20.932546365745868], [55.62146593478796, -20.931126212192655], [55.62380160998682, -20.93059174295133], [55.62559899648417, -20.9279810110992], [55.62671744197121, -20.925375636882276], [55.62681824846504, -20.92518131808793]]]}";9742002;97420;974;4;974200202;Quartier Francais-Communes Carron-Ango;Sainte-Suzanne;LA REUNION;Quartier Francais-Communes Carron-Ango;LA REUNION;;4;;;;;;Iris d'habitat;3970;164.302320744;82.151160372;;144.430275074;;72.215137537;164.302320744;82;82.151160372;102.556459531;;102.556459531;92.515263674;;92.515263674;102.556459531;102;102.556459531;697.393066047;170.907242499;899.151763474;209.186991678;78.118567646;73.643633592;78.118567646;86.183753098;70.786641482;86.183753098;85.308541534;94.852344765;85.308541534;94.231594349;88.277121678;94.231594349;83.333820646;80.960875599;83.333820646;102.556459531;92.515263674;102.556459531;94.231594349;;94.231594349;88.277121678;;88.277121678;94.231594349;94;94.231594349;168.642362180;;84.321181090;175.813220364;;87.906610182;168.642362180;84;84.321181090;13554;;;266.858780275;;88.952926758;236.945538748;;78.981846249;266.858780275;88;88.952926758;262.873956529;;87.624652176;264.090342042;;88.030114014;262.873956529;87;87.624652176;Polygon;14622.5;1;1689.802008636;668.870082988;40.231634864;473.374727125;219.299701201;0.245065876;0.232649259;0.395827487;0.191073704;0.088518469;14622.5;13554;529.732736804;;501.035880791;;529.732736804;88;0.313710150;0.332772656;0.313710150;0.269945611;0.328662661;0.269945611;0.463995141;0.417309122;0.463995141;0.202770319;0.216447592;0.202770319;0.106221542;0.109334871;0.106221542;14258;15805.5;14258
Sainte-Suzanne;LA REUNION;CA Intercommunale du Nord de la Réunion (Cinor);LA REUNION;3506.842204517;94.276184780;88.977139104;94.276184780;Non;974200201;97420;69;249740119;-20.9401550509, 55.6375603373;"{""type"": ""Polygon"", ""coordinates"": [[[55.62686894685627, -20.944512191760364], [55.62692910761297, -20.944453053173785], [55.6269874687711, -20.944380349434333], [55.627031529995804, -20.944293979935836], [55.62743818796094, -20.94304065567067], [55.627570807661115, -20.9426279761301], [55.627619364664824, -20.942470275832676], [55.62766304793601, -20.942319763322967], [55.62771207573181, -20.942004879218242], [55.627734719955605, -20.94184155016513], [55.627754512409886, -20.941674584658845], [55.63011549641791, -20.939537196240565], [55.632584786274954, -20.93731780251673], [55.633263929579364, -20.936555097660275], [55.63395974149302, -20.936066520941264], [55.635319989313395, -20.935270026070924], [55.63567214375799, -20.935130768475812], [55.636582446798016, -20.93516514520174], [55.636822578713534, -20.935194164977748], [55.63754641361286, -20.934433546386657], [55.63813178170559, -20.933544204792714], [55.638408525051936, -20.932075709214406], [55.638661528832834, -20.930466999299902], [55.638662906596096, -20.930420937858184], [55.637827829156656, -20.930045695981363], [55.637443616920976, -20.92989447484872], [55.63731990524025, -20.929858255384495], [55.637210566721116, -20.92982757087591], [55.63698812565264, -20.929757137790936], [55.636545363328544, -20.929594606579872], [55.63634146568614, -20.929069017055582], [55.63650720633916, -20.929029688964278], [55.63918919290929, -20.929533949101938], [55.641041183767605, -20.929847271750518], [55.64109319312371, -20.9298377486296], [55.641173052702555, -20.92983206073697], [55.64124800713533, -20.92983717434044], [55.64125088341828, -20.929838100618994], [55.64132763047286, -20.929857682566738], [55.64143403671168, -20.92989376142763], [55.641569841560376, -20.929975243294148], [55.6416480148842, -20.9300499427481], [55.64170680397752, -20.930141652167336], [55.64173092287921, -20.93023940934557], [55.64191018376939, -20.932113546315488], [55.64201404163076, -20.93371245492227], [55.643429701896046, -20.934541274495825], [55.64453347011798, -20.93503561294985], [55.64579721157581, -20.93538486617135], [55.64584710471269, -20.935397006068428], [55.64599683134272, -20.935642107415298], [55.646085406329455, -20.935950863636187], [55.64621587780102, -20.936412623850494], [55.64626793198448, -20.93671928348367], [55.646246481466925, -20.936859137595], [55.646245454986044, -20.9368663565113], [55.64586366694754, -20.939330012420317], [55.64536467444289, -20.941031184809187], [55.64494930102864, -20.94177407954319], [55.644939628579344, -20.94178032639047], [55.64489996909007, -20.941806209453183], [55.64238696943413, -20.94316535647999], [55.63949295418102, -20.945988736152525], [55.638302907563144, -20.947584093640643], [55.638333291651, -20.94773339376855], [55.63833025161793, -20.947750533703665], [55.63831599668682, -20.947838047681937], [55.63825060580308, -20.94794412437151], [55.637774014228356, -20.948538355603677], [55.63749836346822, -20.9490312054402], [55.63732533914338, -20.949341488818835], [55.63716227003889, -20.949720508304075], [55.637160297757205, -20.9497259128161], [55.637118920706456, -20.94983489099454], [55.636589426508344, -20.950649617351818], [55.635513128153335, -20.95087358375467], [55.6354693773884, -20.95081993440711], [55.635416882087426, -20.950776152241225], [55.6352832923186, -20.95076695290447], [55.63506649636924, -20.950813096994796], [55.6348446218584, -20.950889011621037], [55.63460238944414, -20.950982830517813], [55.634535579458706, -20.951032884774907], [55.634478197008, -20.951103792176742], [55.63443633996832, -20.95084147748015], [55.634143672777476, -20.94918098394816], [55.63399187311636, -20.947257831746114], [55.633850853953284, -20.945312632756007], [55.633786271545716, -20.94384593268686], [55.63376530078728, -20.94361359651813], [55.633455501333536, -20.94341869558796], [55.63340000963237, -20.94338753620629], [55.633362590794846, -20.94337820266675], [55.633327086881955, -20.943369787838208], [55.633258889945004, -20.943361111082826], [55.63312331003824, -20.9433600248197], [55.63212186713764, -20.943402587105016], [55.632032335409214, -20.943413613104628], [55.63197065606463, -20.943428475922673], [55.6319107520758, -20.943459613755575], [55.631841964174285, -20.94351597489557], [55.63170799637732, -20.94365492397674], [55.63151569416927, -20.943863868450137], [55.63133990224424, -20.944054877588925], [55.63110191264974, -20.94431765762587], [55.629698570862665, -20.945195065519595], [55.62845908192602, -20.945612649494976], [55.62784310014782, -20.945143360128462], [55.62686894685627, -20.944512191760364]]]}";9742002;97420;974;4;974200201;Quartier Francais-Ste Vivienne;Sainte-Suzanne;LA REUNION;Quartier Francais-Ste Vivienne;LA REUNION;;4;;;;;;Iris d'habitat;3970;191.494961319;95.747480659;;168.989450231;;84.494725115;191.494961319;95;95.747480659;102.556459531;;102.556459531;92.515263674;;92.515263674;102.556459531;102;102.556459531;993.146213960;300.492590264;1311.850143938;336.589042991;96.447728896;90.922829510;96.447728896;95.047232423;78.066620721;95.047232423;87.427461401;97.208316560;87.427461401;109.000702075;102.112972900;109.000702075;75.177524350;73.036831260;75.177524350;102.556459531;92.515263674;102.556459531;109.000702075;;109.000702075;102.112972900;;102.112972900;109.000702075;109;109.000702075;162.604985751;;81.302492876;170.245147821;;85.122573910;162.604985751;81;81.302492876;14246;;;294.051420850;;98.017140283;261.504713905;;87.168237968;294.051420850;98;98.017140283;271.605687827;;90.535229276;272.358120721;;90.786040240;271.605687827;90;90.535229276;Polygon;14622.5;1;2357.041570999;956.155533107;66.416266161;775.086019880;280.037921892;0.302566315;0.256575833;0.405659172;0.221021071;0.079854726;14622.5;14246;565.657108677;;533.862834626;;565.657108677;94;0.313710150;0.332772656;0.313710150;0.269945611;0.328662661;0.269945611;0.463995141;0.417309122;0.463995141;0.202770319;0.216447592;0.202770319;0.106221542;0.109334871;0.106221542;14258;15805.5;14258
Sainte-Suzanne;LA REUNION;CA Intercommunale du Nord de la Réunion (Cinor);LA REUNION;1790.604231216;107.317076734;102.142873006;107.317076734;Non;974200102;97420;69;249740119;-20.9146489941, 55.6211349866;"{""type"": ""Polygon"", ""coordinates"": [[[55.62681824846504, -20.92518131808793], [55.6268235906932, -20.92512264147727], [55.62652329118325, -20.922729886959523], [55.6264860707065, -20.92248838551476], [55.62643140477865, -20.922262101145193], [55.62634026443373, -20.92192350439353], [55.6262618104048, -20.921669927238806], [55.62620683853494, -20.921582760613816], [55.62610087867745, -20.92149879720857], [55.62596860659956, -20.92145346726497], [55.625767958730044, -20.921420234199754], [55.62520585965332, -20.92137957401794], [55.62408536411422, -20.921314087089478], [55.62215168458136, -20.920907782988717], [55.62054284641335, -20.919887527412317], [55.619638787226194, -20.919234758682457], [55.61892415719735, -20.918685599220126], [55.618829723815196, -20.918603531538434], [55.6187320822636, -20.918451877864126], [55.61868066229915, -20.91829246765296], [55.61865807593974, -20.91813419405027], [55.61865545536626, -20.91800047312047], [55.618685588300465, -20.917859790122964], [55.617401696463325, -20.916796063134512], [55.615249438656186, -20.91533502994642], [55.6146709242548, -20.91530504365056], [55.61463435057724, -20.915309263849352], [55.614637302506246, -20.915197269209017], [55.61463007913243, -20.914937038408688], [55.61459277799757, -20.914811166598252], [55.6145397215039, -20.914725818876885], [55.61446852357012, -20.914626773330305], [55.61438281389522, -20.914537547154424], [55.613084664187525, -20.913305646588395], [55.61151565084996, -20.913301028759633], [55.61023599275399, -20.912257160252313], [55.608125911351486, -20.909939083836534], [55.60811728433516, -20.909936303417172], [55.608032961873924, -20.909905804949027], [55.60795494106543, -20.90981754183894], [55.60784806951165, -20.90962605889718], [55.607744380009706, -20.909298192312757], [55.60763990364101, -20.90853489283198], [55.60763383076002, -20.908359588706695], [55.60767671040193, -20.908192813939674], [55.607738791401545, -20.908028905770216], [55.60787963403757, -20.907872866423162], [55.60802771680223, -20.907765668163194], [55.60869646292652, -20.90749468329176], [55.611663762329975, -20.90702919435025], [55.612089759946116, -20.906391258955495], [55.612186320904144, -20.906449859447942], [55.613012057654956, -20.906878441940663], [55.61320344940348, -20.90697485019308], [55.61366677705923, -20.907190904129646], [55.614432821947, -20.907525044542933], [55.61572768226906, -20.907959225512634], [55.617420526336666, -20.908608008773296], [55.61787915001722, -20.90881407654252], [55.61840864218916, -20.90915531955372], [55.618875960053565, -20.9094621816835], [55.61971536441669, -20.909977116374602], [55.62002713340487, -20.91015760075701], [55.62035823746209, -20.91032649685776], [55.620745125078706, -20.91049313265556], [55.62110369353543, -20.910602626193374], [55.621692900914226, -20.910775861621456], [55.62212804243639, -20.91087016181553], [55.62241529569035, -20.91089325644846], [55.62297868885193, -20.910840434737555], [55.62551607349556, -20.910660321237785], [55.62837282750057, -20.910618693246114], [55.628589163849874, -20.910616816769696], [55.62869578322802, -20.910627609936704], [55.62870332617484, -20.910643931334995], [55.62890782302848, -20.910781079959516], [55.6296837691177, -20.9113013300977], [55.629919803740734, -20.911459508345015], [55.63038027943253, -20.914111009299262], [55.63021798866762, -20.914830605161573], [55.63018106604583, -20.915190757695342], [55.63010977596401, -20.915947218368363], [55.63003723829178, -20.916946678104527], [55.630020551902454, -20.917195877091217], [55.62999564988264, -20.917608521906605], [55.62997541553536, -20.918565490444017], [55.62992365403983, -20.919870458740547], [55.62977459464274, -20.922570818767205], [55.62947928142378, -20.925545985785675], [55.629522538481936, -20.92565293176583], [55.62959595365305, -20.925721274542614], [55.62970515596249, -20.92576641670297], [55.62977912159072, -20.925774237435355], [55.629796641628545, -20.925856585543873], [55.62980463756165, -20.925928920038363], [55.62980558303677, -20.926036429721062], [55.62978337160945, -20.926152787322405], [55.62976441411846, -20.92622851898564], [55.629716481316244, -20.926212776794333], [55.62885101385842, -20.925906809154867], [55.626829711677516, -20.925189540697357], [55.62681824846504, -20.92518131808793]]]}";9742001;97420;974;4;974200102;Village Desprez-La Marine;Sainte-Suzanne;LA REUNION;Village Desprez-La Marine;LA REUNION;;4;;;;;;Iris d'habitat;3970;212.089756325;106.044878162;;188.277660849;;94.138830425;212.089756325;106;106.044878162;102.556459531;;102.556459531;92.515263674;;92.515263674;102.556459531;102;102.556459531;478.006566911;173.944649562;662.700054291;171.902286904;115.997503148;109.352716989;115.997503148;96.092253177;78.924943860;96.092253177;112.482763128;125.066653777;112.482763128;103.793781479;97.235076413;103.793781479;112.979699942;109.762583323;112.979699942;102.556459531;92.515263674;102.556459531;103.793781479;;103.793781479;97.235076413;;97.235076413;103.793781479;103;103.793781479;225.462463070;;112.731231535;234.829237101;;117.414618550;225.462463070;112;112.731231535;11770;;;314.646215856;;104.882071952;280.792924523;;93.597641508;314.646215856;104;104.882071952;329.256244549;;109.752081516;332.064313514;;110.688104505;329.256244549;109;109.752081516;Polygon;14622.5;1;1249.560461611;652.163792162;12.791200476;376.855905215;214.888228162;0.363895941;0.259396820;0.521914555;0.210462982;0.120008779;14622.5;11770;643.902460405;;612.857238037;;643.902460405;107;0.313710150;0.332772656;0.313710150;0.269945611;0.328662661;0.269945611;0.463995141;0.417309122;0.463995141;0.202770319;0.216447592;0.202770319;0.106221542;0.109334871;0.106221542;14258;15805.5;14258
Salazie;LA REUNION;CA Intercommunale de la Réunion Est (Cirest);LA REUNION;2224.022096435;92.907229296;96.449071129;92.907229296;Non;974210101;97421;69;249740093;-21.018731037, 55.5446572844;"{""type"": ""Polygon"", ""coordinates"": [[[55.554391673367974, -21.0376107279222], [55.552085030280345, -21.03723607944464], [55.54998191497788, -21.036612006725722], [55.548286159426624, -21.036859975578167], [55.546686601980575, -21.03728305155655], [55.54622766887992, -21.037675694732414], [55.54213417073496, -21.039977579424527], [55.53968846038711, -21.040938514527333], [55.53960927382656, -21.040967644342143], [55.53925190864589, -21.040809198394175], [55.5390373221588, -21.04071159968728], [55.538966511182416, -21.040671243943198], [55.538467806534804, -21.040304716211956], [55.53515630346474, -21.040552628109115], [55.53514739685498, -21.040577844857783], [55.535132549553616, -21.040620173858553], [55.53509807071485, -21.040702080596386], [55.53504343101311, -21.04077929684002], [55.53496749158561, -21.04086987954765], [55.534888806998616, -21.040945985113368], [55.534799556419195, -21.041020192864025], [55.53469028628672, -21.04107525781785], [55.534584167627166, -21.04110324968131], [55.534262024729735, -21.04118086882321], [55.53408943837125, -21.041216417145744], [55.53390437942118, -21.041248244331978], [55.53377171835478, -21.04123535642007], [55.53368830355569, -21.041204826527423], [55.53359163100759, -21.041152502054214], [55.53348553165412, -21.041080222717213], [55.53342637401198, -21.041029125217314], [55.5333758049429, -21.04098532853169], [55.53330439601991, -21.040907928425227], [55.53322544040281, -21.040815106390557], [55.53297323296892, -21.040531087633724], [55.532856154913276, -21.04040089945581], [55.53267774796239, -21.040244888221007], [55.53249791908331, -21.040135838172315], [55.5323887044816, -21.04008701812194], [55.53226780270482, -21.04005255049892], [55.531974740546914, -21.04001027241917], [55.53166142647759, -21.040070799508847], [55.53158038563949, -21.040092682795592], [55.53044731563355, -21.040539978408788], [55.52997379321197, -21.04074726438503], [55.52987410766001, -21.04080602242017], [55.527170015115914, -21.042494885351616], [55.524559904597695, -21.044112250988857], [55.52445633056679, -21.044174585184273], [55.52431702301963, -21.04425015903902], [55.52424192112013, -21.044254926832476], [55.52384694278573, -21.043813378060257], [55.52344165912785, -21.04334373550201], [55.52027620670513, -21.039222285222667], [55.52089068875058, -21.03886991308781], [55.52144765318831, -21.038690478720603], [55.52126786582435, -21.03584882612851], [55.52080389552023, -21.03450423845535], [55.52042648268957, -21.033359137066824], [55.520014023960854, -21.031720056678193], [55.51936069368147, -21.02889821750183], [55.519363457005994, -21.026621833865164], [55.51934221100312, -21.025365324510815], [55.518759044319985, -21.02498649931277], [55.51788963718451, -21.02534071022846], [55.51761659498501, -21.025417823810194], [55.51754713184984, -21.025437091650822], [55.51746621359114, -21.02544722623279], [55.516182513998864, -21.025567916706862], [55.515929873943236, -21.025527771914227], [55.51556518568342, -21.025435158543253], [55.51384863710146, -21.02476886078068], [55.51399371176733, -21.023304734805983], [55.515419260432566, -21.021031026746698], [55.515496403700375, -21.02091607310908], [55.51558911778534, -21.020783188609855], [55.51602083783734, -21.02022598430737], [55.516100705311615, -21.02012731416029], [55.51610079470031, -21.02011828157866], [55.51753384463367, -21.008484052200654], [55.517478632960135, -21.0084248542247], [55.517566641352694, -21.008377744073815], [55.517654640768, -21.008331537133905], [55.51766622850956, -21.008327121390376], [55.51783520815543, -21.00826355302432], [55.518031210816105, -21.008191186453708], [55.518405178482226, -21.00811946593418], [55.51855936308592, -21.008092804860965], [55.518649864362935, -21.00808546270094], [55.520411641217436, -21.007563304211473], [55.52144361411434, -21.007218161735477], [55.52245166616549, -21.006821321523017], [55.52477717100045, -21.006125600282516], [55.527386550837015, -21.00584110855441], [55.52961833168758, -21.005620073508684], [55.53241267799624, -21.005203363073694], [55.53565735455183, -21.004822550034703], [55.53707853532496, -21.004592676334678], [55.540664714616064, -21.004111268608767], [55.54068783558365, -21.00410785348293], [55.54071920092381, -21.004146966268866], [55.54271386930775, -21.00568438857624], [55.5438932545497, -21.0056872570609], [55.545059182231114, -21.00568909896647], [55.54595383005618, -21.005789790050446], [55.54792319588052, -21.006470565489668], [55.548213627620896, -21.006380902039453], [55.550039207486726, -21.005815613864872], [55.5517408473904, -21.006229383624593], [55.55344153579496, -21.006643128711424], [55.55452190033547, -21.006141013305616], [55.55496990999383, -21.005721147281893], [55.555325466461134, -21.005361471215412], [55.55549135695979, -21.00516730420975], [55.55590949655441, -21.004651878463175], [55.55857672876511, -21.00303987703754], [55.56162140395848, -21.001435989167543], [55.56473498117953, -20.999612832745427], [55.56536597497002, -20.999466665494396], [55.566562894022496, -20.998838078117824], [55.56784392677378, -20.998164118410326], [55.568130934441875, -20.99797682844679], [55.568280289049895, -20.997799220552427], [55.569588439822354, -20.99649854685288], [55.57118193588325, -20.99543437491592], [55.57237457548893, -20.99462913446831], [55.5739029244191, -20.99354734543244], [55.57404902250407, -20.9934582334638], [55.576191232001584, -20.995590015721767], [55.57717171424005, -20.99647627564478], [55.5794022841854, -20.998377951768568], [55.580992439158784, -20.999341998406855], [55.58300326335606, -20.999870501466198], [55.58499658219153, -21.001135073167177], [55.58506205103559, -21.0013334529433], [55.584977053748815, -21.001369784051292], [55.584961595047496, -21.001376882404877], [55.58487363533355, -21.00142131905723], [55.58467720897631, -21.00154254260388], [55.58448804315168, -21.001709897565746], [55.584414264749675, -21.001780649291675], [55.58433948176538, -21.00185590941791], [55.584258842017434, -21.001940154374736], [55.584203356814335, -21.00200925143856], [55.58414685851792, -21.002083760203362], [55.58409991967086, -21.00216467197703], [55.58405684547912, -21.00224380916857], [55.58402145805113, -21.002323913653246], [55.58400345326801, -21.00239693587741], [55.58398742343333, -21.00246455437997], [55.58397516455372, -21.00254033447626], [55.583967655595316, -21.002622477595516], [55.58396802094836, -21.002685715704917], [55.58397125501325, -21.00275078439713], [55.584038718162546, -21.00345144819942], [55.584051401051255, -21.00353466265855], [55.58406794017313, -21.00361700584036], [55.58409026790744, -21.003697590462146], [55.584113651331, -21.0037682469252], [55.58414661995139, -21.00384259655797], [55.5841730170262, -21.003899727713794], [55.584216490208576, -21.00398229494409], [55.584256345798835, -21.004040441403703], [55.58379252468839, -21.00517220889009], [55.58273047890137, -21.006295169064746], [55.58123166661078, -21.007158936317623], [55.57904490346104, -21.008539537692457], [55.577124260903204, -21.009447169404403], [55.57462507755845, -21.009782174253594], [55.57187060486257, -21.010910854000414], [55.571563867896, -21.012006878794143], [55.57109598195967, -21.012949542631343], [55.5697389228023, -21.01452171721963], [55.56869009323191, -21.016153384200237], [55.567732453734365, -21.017502158659], [55.56765364255592, -21.01759454029423], [55.56757884323893, -21.01766979198603], [55.56748601590502, -21.017718694615827], [55.56718567487722, -21.017837214154408], [55.56684249376046, -21.017958533929587], [55.56637720590448, -21.01807159708108], [55.564430383718374, -21.018427358384336], [55.562326762108896, -21.01867969311944], [55.561226020863174, -21.020496055797544], [55.55957677815521, -21.0231207790821], [55.55889158020687, -21.024139371616698], [55.5588209756529, -21.024277888972193], [55.55878424235636, -21.02439591633105], [55.55870180449542, -21.02466441552338], [55.55867872881582, -21.024862956615863], [55.55865456823209, -21.025574590417122], [55.55866617509963, -21.02636873202277], [55.55869248545049, -21.02653426777921], [55.55869566960211, -21.026803492567588], [55.55868546853761, -21.028064480244566], [55.55866443117718, -21.028151023340758], [55.558329291764394, -21.029283690541963], [55.55827688528121, -21.029430491883495], [55.558165293962006, -21.029728553753003], [55.557655159437495, -21.03099794708953], [55.55598461930534, -21.033465295878727], [55.55403672844606, -21.036303277226406], [55.55431517032535, -21.03746192850842], [55.55435191761881, -21.03754263884678], [55.554391673367974, -21.0376107279222]]]}";9742101;97421;974;4;974210101;Centre Salazie;Salazie;LA REUNION;Centre Salazie;LA REUNION;;4;;;;;;Iris d'habitat;1560;135.165920766;67.582960383;;143.460270001;;71.730135001;135.165920766;67;67.582960383;77.284974517;;77.284974517;85.912673424;;85.912673424;77.284974517;77;77.284974517;629.960717703;132.648996008;771.189303370;141.654220743;67.121542397;63.964336030;67.121542397;68.044378369;79.495933971;68.044378369;132.752190210;124.069153569;132.752190210;101.323537832;99.040886646;101.323537832;110.916752450;126.211443133;110.916752450;77.284974517;85.912673424;77.284974517;101.323537832;;101.323537832;99.040886646;;99.040886646;101.323537832;101;101.323537832;243.668942660;;121.834471330;250.280596702;;125.140298351;243.668942660;121;121.834471330;;;;212.450895283;;70.816965094;229.372943425;;76.457647808;212.450895283;70;70.816965094;344.992480492;;114.997493497;349.321483348;;116.440494449;344.992480492;114;114.997493497;Polygon;11019.291666667;1;1531.772167064;943.516069355;11.880462457;456.934370574;262.028689442;0.210567091;0.183682813;0.615963712;0.205454061;0.117817485;11019.291666667;11019.291666667;557.443375775;;578.694426773;;557.443375775;92;0.313710150;0.329194524;0.313710150;0.269945611;0.231059381;0.269945611;0.463995141;0.496468053;0.463995141;0.202770319;0.207443681;0.202770319;0.106221542;0.093349289;0.106221542;14258;12826.153846154;14258
Salazie;LA REUNION;CA Intercommunale de la Réunion Est (Cirest);LA REUNION;1009.908135203;98.015860442;102.088612523;98.015860442;Non;974210201;97421;69;249740093;-21.031369053, 55.4719076509;"{""type"": ""Polygon"", ""coordinates"": [[[55.467579579280326, -21.010309750652546], [55.4718471967516, -21.01388283739198], [55.47300340825349, -21.01503140678144], [55.47429456532048, -21.01596709178328], [55.47611186230865, -21.01724577690572], [55.4769157101533, -21.017808972592608], [55.47949545314881, -21.019749023150613], [55.48050942096292, -21.020615225392373], [55.48138642212091, -21.021320877148806], [55.4816079170982, -21.021489518298168], [55.481891860039234, -21.021666846551017], [55.48219589400548, -21.021760344393], [55.484187249195145, -21.021823722643802], [55.48502680565115, -21.021524524098368], [55.485773030205245, -21.021607049126963], [55.486630916180374, -21.021779090604447], [55.486717067642466, -21.0218223135635], [55.486868940821715, -21.02193116076724], [55.4871368444573, -21.022459280448132], [55.48774571222635, -21.025190936692454], [55.48921144534931, -21.0269130604632], [55.49013938502023, -21.028204930977232], [55.49068588720934, -21.028681320008346], [55.49072447817644, -21.02867082264507], [55.49102758806433, -21.028571436985725], [55.49108460333236, -21.028546649809208], [55.491187434810065, -21.02846264956518], [55.49125932620251, -21.028393731278967], [55.491847171441776, -21.02839533319647], [55.492235545409116, -21.028523436907793], [55.49275519357207, -21.02870509656299], [55.49316559533252, -21.029034835689984], [55.49342230722775, -21.029243972782716], [55.49350838296181, -21.029391074666652], [55.49355546833887, -21.029588417432098], [55.4935683825863, -21.029835140474844], [55.49418516819353, -21.03260659561975], [55.49448954739137, -21.033817944599353], [55.49436418442377, -21.036814076477455], [55.49388924209278, -21.0370637037939], [55.491763160684485, -21.03817581662658], [55.49021530716164, -21.038049158302996], [55.49018730596847, -21.038058846157757], [55.48866715448721, -21.03890620523609], [55.4867686608545, -21.04015238698959], [55.48521583645861, -21.04080136803714], [55.484341330931365, -21.04107269823879], [55.48417536144701, -21.04111909413122], [55.4839816183068, -21.041152595558867], [55.48341674272387, -21.041158395413458], [55.483082822279954, -21.04116173843212], [55.482878861538765, -21.041159014430267], [55.48272009310462, -21.041159403644492], [55.482497722728645, -21.041074312363573], [55.48235413669705, -21.041000764269118], [55.48222491854705, -21.04093366764524], [55.47949668651582, -21.04087585701268], [55.47613671951256, -21.041910778364304], [55.47524617507797, -21.04299942243499], [55.474709647138745, -21.04409485244893], [55.473804885940496, -21.045159873529137], [55.471951365905674, -21.045939943281212], [55.469568554378775, -21.046629861297358], [55.46691598508693, -21.048195787676516], [55.464554680502225, -21.04880046263725], [55.46255603826592, -21.048945436311836], [55.46220650410877, -21.048968468998275], [55.4617222114087, -21.048995700740182], [55.46145637916914, -21.04892644814707], [55.46112710358456, -21.04875725570978], [55.461017039982536, -21.04869934980617], [55.46093965277801, -21.048645353118115], [55.46083852733785, -21.048560428591603], [55.46013457401272, -21.047771777996097], [55.45966755915729, -21.047148773211486], [55.457645704671386, -21.045672480149705], [55.45630348630081, -21.045056876627193], [55.455628786097144, -21.04470116276067], [55.455193287903924, -21.044243739996197], [55.454480613698, -21.043465828704097], [55.45398473998072, -21.04312528491133], [55.45400052553605, -21.043087489317426], [55.454122877285144, -21.042793218548056], [55.45426148937774, -21.0398045075004], [55.45428591045746, -21.037531085614784], [55.45407054876727, -21.03537042940535], [55.45407538406303, -21.032756955974662], [55.45451967731069, -21.03124173768859], [55.4552205445157, -21.02993682509617], [55.457856012083546, -21.02870197840877], [55.460465663553535, -21.027587899256574], [55.461399016208546, -21.02687504788493], [55.46177431222479, -21.026586671492375], [55.4618888870771, -21.026484729612285], [55.461950300558385, -21.02640669640031], [55.462063859310916, -21.02621621995877], [55.46186747561008, -21.02543036299192], [55.46149057535102, -21.024375490390987], [55.46105174918026, -21.02302738145721], [55.46013335498542, -21.019991144130007], [55.460202331764584, -21.019457455542184], [55.460720557670655, -21.016771158650897], [55.46109195837626, -21.015078536823342], [55.46109154322656, -21.01502523721483], [55.461110061130356, -21.015001918424787], [55.46114207405025, -21.014976011750523], [55.462173369154854, -21.014413536240472], [55.463434866820876, -21.013447542542295], [55.46422258870943, -21.012431193032654], [55.46482395733155, -21.01180971575689], [55.46541202132499, -21.011265801678373], [55.46550127581309, -21.011192534349064], [55.46572214601123, -21.011042768255727], [55.46699134428302, -21.010542025321964], [55.46753321349287, -21.010328302813708], [55.467579579280326, -21.010309750652546]]]}";9742102;97421;974;4;974210201;Grand Ilet;Salazie;LA REUNION;Grand Ilet;LA REUNION;;4;;;;;;Iris d'habitat;1560;168.220936863;84.110468432;;180.395783990;;90.197891995;168.220936863;84;84.110468432;77.284974517;;77.284974517;85.912673424;;85.912673424;77.284974517;77;77.284974517;274.268666854;64.474791350;381.061477584;95.959310826;74.935080700;71.410347725;74.935080700;93.285856163;108.985436266;93.285856163;139.226206796;130.119718586;139.226206796;95.385883542;93.236997855;95.385883542;107.977160935;122.866501281;107.977160935;77.284974517;85.912673424;77.284974517;95.385883542;;95.385883542;93.236997855;;93.236997855;95.385883542;95;95.385883542;247.203367730;;123.601683865;252.986219867;;126.493109933;247.203367730;123;123.601683865;;;;245.505911380;;81.835303793;266.308457414;;88.769485805;245.505911380;81;81.835303793;342.589251273;;114.196417091;346.223217722;;115.407739241;342.589251273;114;114.196417091;Polygon;11019.291666667;1;767.980759852;496.117747291;2.166699981;195.330634709;115.831418940;0.235078954;0.251821075;0.646002834;0.193414260;0.114695005;11019.291666667;11019.291666667;588.095162653;;612.531675136;;588.095162653;98;0.313710150;0.329194524;0.313710150;0.269945611;0.231059381;0.269945611;0.463995141;0.496468053;0.463995141;0.202770319;0.207443681;0.202770319;0.106221542;0.093349289;0.106221542;14258;12826.153846154;14258
Salazie;LA REUNION;CA Intercommunale de la Réunion Est (Cirest);LA REUNION;2319.712407035;102.845475287;107.032334580;102.845475287;Non;974210301;97421;69;249740093;-21.0570828372, 55.5166734107;"{""type"": ""Polygon"", ""coordinates"": [[[55.53514739685498, -21.040577844857783], [55.53517809704292, -21.040587142868652], [55.53522315869178, -21.04060379137374], [55.53523752015001, -21.04061114187216], [55.535344626408744, -21.040678912121713], [55.53544091020423, -21.04086944327952], [55.53546561629378, -21.040999737141217], [55.53546988721348, -21.04125180579008], [55.535192126278815, -21.04466222921941], [55.53409066759112, -21.04787142845764], [55.53651451979543, -21.049361053204446], [55.53531553445518, -21.053982138975467], [55.53275337869281, -21.056388198563653], [55.531613121640646, -21.057555392811324], [55.52984687410923, -21.058866662771194], [55.52802391551964, -21.060657092355353], [55.52707442228351, -21.06228389659009], [55.52700352750753, -21.063326633823223], [55.52699291751567, -21.063426811987085], [55.526827430814066, -21.063911370598202], [55.526697117563366, -21.064244473894227], [55.52632364276584, -21.064935897354577], [55.52626528223823, -21.0649986242458], [55.525824671052696, -21.06537329648645], [55.525283780897695, -21.065474289483532], [55.52474874463518, -21.065860375335788], [55.524411111470116, -21.066623878505247], [55.52410214306513, -21.06745722846371], [55.523893474930965, -21.068171306345878], [55.52390921835867, -21.06842889335035], [55.52402993424516, -21.06877682307076], [55.52449173954231, -21.069279477760023], [55.525217640604254, -21.07015705113574], [55.52616450668287, -21.07136806402492], [55.52592604590883, -21.0728592045002], [55.525748702960314, -21.073666148057313], [55.52484388875681, -21.074557103484175], [55.52208576778298, -21.076092261206686], [55.5203753832506, -21.073380912227208], [55.51949246839717, -21.072834827478417], [55.5178972059715, -21.073081968408804], [55.516503753113014, -21.0738439500069], [55.51491880894931, -21.074019789178106], [55.51141122656913, -21.07406855576055], [55.50922034245901, -21.075459422791234], [55.50828033824765, -21.074079007680343], [55.50765654027294, -21.072936233787043], [55.50736372266513, -21.07209266041601], [55.50659148680559, -21.070106675902863], [55.505575176859594, -21.067603643063826], [55.50534446597615, -21.06738481330023], [55.50497052668522, -21.067149365468765], [55.504062206080064, -21.06674751346096], [55.502818148786126, -21.066525168650962], [55.50263616408453, -21.066919221136978], [55.50215612452173, -21.06718869482784], [55.501656682313346, -21.066897029718827], [55.50122445491114, -21.066524657176338], [55.50059112643276, -21.06538087323679], [55.50051419670008, -21.06499085994169], [55.50041872284712, -21.0643387180207], [55.50044892994527, -21.063821378432564], [55.500016881539956, -21.0632403363524], [55.499147432362115, -21.062229057560234], [55.49800943981787, -21.06170319606679], [55.496451310849274, -21.060818349401575], [55.495463770284644, -21.06010255006085], [55.49430578890521, -21.05826666586452], [55.49413919336658, -21.057656347291395], [55.494112642869084, -21.057521516351], [55.49412332977524, -21.057320169476096], [55.49413036649564, -21.057194669592004], [55.494153597502134, -21.05708557315242], [55.494229188693474, -21.056937194594973], [55.49428177608152, -21.056875331334712], [55.494373805676496, -21.05681472103665], [55.49616860644564, -21.056854108747523], [55.497959936076235, -21.05714366838273], [55.49805648690761, -21.057207755124843], [55.498185626825176, -21.05728477656847], [55.49827561442986, -21.057331641945375], [55.49837900991545, -21.057384949112492], [55.498607106192075, -21.057478201705933], [55.49879727514987, -21.05751511248522], [55.49895310274394, -21.0575219097478], [55.4991044906021, -21.057491631216344], [55.499177874039084, -21.057466986545148], [55.49922422432193, -21.057451136236562], [55.49933360890266, -21.057387063215216], [55.500146739973104, -21.056597736870035], [55.50056319379819, -21.05606822474958], [55.500833954122626, -21.05567292473255], [55.501959989397896, -21.053808679317807], [55.503707226125925, -21.051046342378317], [55.50376513837011, -21.051028785870418], [55.50428402094476, -21.050814749455526], [55.505175319433555, -21.050165422105092], [55.5066072205621, -21.04876294840182], [55.50678656248353, -21.04834086274309], [55.50686444083675, -21.048057901399662], [55.50688664458571, -21.047954213516967], [55.50693984854909, -21.04705767375415], [55.50694033490811, -21.047008898171242], [55.50692134535711, -21.046597264165413], [55.506881688165834, -21.045845796158886], [55.50687112391926, -21.045747240269975], [55.50684989484644, -21.045656720639126], [55.50682356677738, -21.045595062782734], [55.50679624954736, -21.045536106222663], [55.506766054863355, -21.04547622104094], [55.50670659169455, -21.04536007212677], [55.506357798236166, -21.044730998271607], [55.50568928720632, -21.044031362740878], [55.5049442111751, -21.042664393351455], [55.50403941176063, -21.040045805959977], [55.50365193435881, -21.03693403453373], [55.50365247566212, -21.036879839458674], [55.50367171773843, -21.036880008854453], [55.503893891571614, -21.03688919122881], [55.503989930597754, -21.03690719982613], [55.504076348607626, -21.036925123696154], [55.50429798149706, -21.036988500637598], [55.50438430942712, -21.037015456871217], [55.506048912794384, -21.037592871341435], [55.50677018903895, -21.037967768809366], [55.507067956329095, -21.038550323457194], [55.50734760536443, -21.038875269034957], [55.50794400751228, -21.039471284799536], [55.50874286568146, -21.03993176880513], [55.50908851186586, -21.040103724427844], [55.50920448872655, -21.0401490050727], [55.509588746490124, -21.0402119952279], [55.50986830337266, -21.040256903229224], [55.51049504263348, -21.04123404756966], [55.51105679561968, -21.042370277876504], [55.51108003164776, -21.04454557998003], [55.511158544971025, -21.046073024920712], [55.5122073647797, -21.047238477235176], [55.513871451542265, -21.04730091747482], [55.5142755187758, -21.04726063965506], [55.51557907960414, -21.047048232729065], [55.51717116758401, -21.04631620692234], [55.518210217226915, -21.045945871229637], [55.52018237560648, -21.045407959358236], [55.522885685338515, -21.04468939074873], [55.52329937936268, -21.044599039500145], [55.52335729611946, -21.044580572755844], [55.52393380795899, -21.044372394375912], [55.52424192112013, -21.044254926832476], [55.52431702301963, -21.04425015903902], [55.52445633056679, -21.044174585184273], [55.524559904597695, -21.044112250988857], [55.527170015115914, -21.042494885351616], [55.52987410766001, -21.04080602242017], [55.52997379321197, -21.04074726438503], [55.53044731563355, -21.040539978408788], [55.53158038563949, -21.040092682795592], [55.53166142647759, -21.040070799508847], [55.531974740546914, -21.04001027241917], [55.53226780270482, -21.04005255049892], [55.5323887044816, -21.04008701812194], [55.53249791908331, -21.040135838172315], [55.53267774796239, -21.040244888221007], [55.532856154913276, -21.04040089945581], [55.53297323296892, -21.040531087633724], [55.53322544040281, -21.040815106390557], [55.53330439601991, -21.040907928425227], [55.5333758049429, -21.04098532853169], [55.53342637401198, -21.041029125217314], [55.53348553165412, -21.041080222717213], [55.53359163100759, -21.041152502054214], [55.53368830355569, -21.041204826527423], [55.53377171835478, -21.04123535642007], [55.53390437942118, -21.041248244331978], [55.53408943837125, -21.041216417145744], [55.534262024729735, -21.04118086882321], [55.534584167627166, -21.04110324968131], [55.53469028628672, -21.04107525781785], [55.534799556419195, -21.041020192864025], [55.534888806998616, -21.040945985113368], [55.53496749158561, -21.04086987954765], [55.53504343101311, -21.04077929684002], [55.53509807071485, -21.040702080596386], [55.535132549553616, -21.040620173858553], [55.53514739685498, -21.040577844857783]]]}";9742103;97421;974;4;974210301;Hell Bourg;Salazie;LA REUNION;Hell Bourg;LA REUNION;;4;;;;;;Iris d'habitat;1560;197.428971266;98.714485633;;209.932881738;;104.966440869;197.428971266;98;98.714485633;77.284974517;;77.284974517;85.912673424;;85.912673424;77.284974517;77;77.284974517;608.101860638;183.584864129;853.112022967;233.044040577;96.234760472;91.708151167;96.234760472;101.194210794;118.224730571;101.194210794;136.298203087;127.383229333;136.298203087;96.681991178;94.503906336;96.681991178;109.378711675;124.461316651;109.378711675;77.284974517;85.912673424;77.284974517;96.681991178;;96.681991178;94.503906336;;94.503906336;96.681991178;96;96.681991178;245.676914762;;122.838457381;251.844545984;;125.922272992;245.676914762;122;122.838457381;;;;274.713945784;;91.571315261;295.845555161;;98.615185054;274.713945784;91;91.571315261;342.358905940;;114.119635313;346.348452320;;115.449484107;342.358905940;114;114.119635313;Polygon;11019.291666667;1;1604.635173824;1014.798625361;24.944824825;454.761945028;269.512895948;0.301898211;0.273169331;0.632417039;0.196042382;0.116183754;11019.291666667;11019.291666667;617.072851724;;642.194007481;;617.072851724;102;0.313710150;0.329194524;0.313710150;0.269945611;0.231059381;0.269945611;0.463995141;0.496468053;0.463995141;0.202770319;0.207443681;0.202770319;0.106221542;0.093349289;0.106221542;14258;12826.153846154;14258
Salazie;LA REUNION;CA Intercommunale de la Réunion Est (Cirest);LA REUNION;606.962346460;90.092075936;92.253755853;90.092075936;Non;974210501;97421;69;249740093;-21.0128959177, 55.4960121751;"{""type"": ""Polygon"", ""coordinates"": [[[55.467579579280326, -21.010309750652546], [55.46801133652401, -21.010139297559515], [55.46890382552827, -21.00978690545873], [55.468917347639746, -21.00978160720271], [55.471037168795334, -21.01020174468412], [55.471980010322206, -21.01028880374989], [55.47224811372088, -21.010223462019052], [55.47246862681559, -21.010108009807023], [55.473726741758334, -21.009417417379964], [55.47496294089041, -21.008752363313043], [55.477475063226834, -21.008007484993513], [55.478272241453034, -21.00780143107058], [55.47915008041984, -21.00760964411013], [55.48045638324292, -21.00752285169857], [55.48244113215894, -21.006841388537534], [55.484537106446126, -21.005906711113767], [55.48685390629402, -21.004941647667316], [55.48836178934706, -21.00430153139022], [55.49158132778512, -21.003172028430658], [55.495092472865785, -21.002216673463423], [55.49631644548671, -21.001605095767424], [55.497023043079025, -21.00136111380296], [55.49951793885205, -21.000730016618352], [55.49970791932805, -21.000682459630116], [55.50021890652013, -21.000572691229408], [55.500725751900795, -21.00048140310542], [55.50083261860807, -21.000472407717506], [55.500873053194404, -21.000469150513133], [55.50098272431147, -21.000468309730635], [55.50102023720677, -21.000468640094187], [55.50115499810422, -21.000459890151685], [55.501246447825736, -21.000453468743228], [55.503440860239714, -21.000201937553523], [55.504956941480266, -21.00004346601819], [55.504998175861886, -21.00005647487225], [55.5050959895647, -21.000087143992353], [55.50587615478758, -21.000181617476674], [55.5060289752375, -21.000098045359543], [55.50618361139022, -21.00002532905152], [55.50633808561231, -20.999968871206423], [55.506416167710285, -20.99995239300068], [55.50651931228737, -20.999930714648286], [55.50686223153739, -20.99988403965145], [55.50701242668916, -20.99987090373417], [55.507219389996955, -20.999856458873207], [55.50731073152311, -20.999860873247627], [55.5074049496804, -20.999866216133448], [55.50856142215611, -20.999942296625047], [55.509364948018295, -21.00020317270035], [55.50997223686168, -21.000464134052958], [55.51093949934075, -21.000898973484734], [55.51099982872651, -21.00092660135427], [55.511127949625894, -21.00100540905561], [55.51124324372269, -21.00111662459084], [55.51183286069368, -21.001705336270295], [55.51192150075656, -21.001788314903344], [55.51195772094208, -21.00182205502768], [55.512528000144144, -21.00203300067083], [55.513063899032076, -21.002413019806678], [55.513646973766434, -21.002886493097222], [55.51422562008519, -21.003613311982264], [55.51475304625392, -21.004461632661766], [55.51484576605385, -21.004618719173873], [55.51493457585772, -21.0047820948843], [55.515025914026914, -21.004981626109995], [55.51560649958585, -21.006097344553698], [55.516113204009656, -21.007048461335163], [55.517173246743575, -21.00846826349287], [55.51720756369553, -21.008500179355334], [55.51725278322437, -21.008499670059983], [55.51732410869397, -21.00848583816184], [55.51746219094324, -21.008433744350075], [55.517478632960135, -21.0084248542247], [55.51753384463367, -21.008484052200654], [55.51610079470031, -21.02011828157866], [55.516100705311615, -21.02012731416029], [55.51604143665016, -21.02008885694021], [55.515356698851015, -21.019576109836716], [55.51495028706477, -21.019229294259198], [55.5147423524286, -21.019047714822044], [55.514513513940024, -21.01883975585284], [55.51435048972437, -21.018689281612552], [55.514137683967, -21.018513982303702], [55.51403647376563, -21.018436314613997], [55.51390562997345, -21.018339417917947], [55.513761354320096, -21.01823879042359], [55.513645553534325, -21.018177255070782], [55.5135459454791, -21.018132121191027], [55.51299409761806, -21.01789965722968], [55.5120316694527, -21.017547973541042], [55.51197218780562, -21.017531193175888], [55.51191836155526, -21.017526205622232], [55.511867403332914, -21.017523049813096], [55.511814476330066, -21.017524393439654], [55.51174613070487, -21.017528312153754], [55.50962725683147, -21.01785935075038], [55.50678633748362, -21.01935022882828], [55.50559712979401, -21.020468499057635], [55.504956194033376, -21.02183819023647], [55.50273197572655, -21.023558440339027], [55.50132215959461, -21.024217648760548], [55.49996226713364, -21.02479011377407], [55.49905550885077, -21.0250273669993], [55.495964941267204, -21.026660379515132], [55.493023739072655, -21.028263491132957], [55.49164735105873, -21.02817405200455], [55.4915732737788, -21.028173394838337], [55.49149818900493, -21.028177245340242], [55.49144118303179, -21.02820112942205], [55.49137621704213, -21.028251139360993], [55.491308155762454, -21.02832189834482], [55.49125932620251, -21.028393731278967], [55.491187434810065, -21.02846264956518], [55.49108460333236, -21.028546649809208], [55.49102758806433, -21.028571436985725], [55.49072447817644, -21.02867082264507], [55.49068588720934, -21.028681320008346], [55.49013938502023, -21.028204930977232], [55.48921144534931, -21.0269130604632], [55.48774571222635, -21.025190936692454], [55.4871368444573, -21.022459280448132], [55.486868940821715, -21.02193116076724], [55.486717067642466, -21.0218223135635], [55.486630916180374, -21.021779090604447], [55.485773030205245, -21.021607049126963], [55.48502680565115, -21.021524524098368], [55.484187249195145, -21.021823722643802], [55.48219589400548, -21.021760344393], [55.481891860039234, -21.021666846551017], [55.4816079170982, -21.021489518298168], [55.48138642212091, -21.021320877148806], [55.48050942096292, -21.020615225392373], [55.47949545314881, -21.019749023150613], [55.4769157101533, -21.017808972592608], [55.47611186230865, -21.01724577690572], [55.47429456532048, -21.01596709178328], [55.47300340825349, -21.01503140678144], [55.4718471967516, -21.01388283739198], [55.467579579280326, -21.010309750652546]]]}";9742105;97421;974;4;974210501;Mare à Martin;Salazie;LA REUNION;Mare à Martin;LA REUNION;;4;;;;;;Iris d'habitat;1560;122.935756421;61.467878210;;129.423081049;;64.711540525;122.935756421;61;61.467878210;77.284974517;;77.284974517;85.912673424;;85.912673424;77.284974517;77;77.284974517;157.110449535;32.507194900;185.669768234;28.559318698;65.954715813;62.852393649;65.954715813;56.981040608;66.570687400;56.981040608;159.689658807;149.244699998;159.689658807;103.535440891;101.202959199;103.535440891;77.106624981;87.739121449;77.106624981;77.284974517;85.912673424;77.284974517;103.535440891;;103.535440891;101.202959199;;101.202959199;103.535440891;103;103.535440891;236.796283788;;118.398141894;236.983821447;;118.491910724;236.796283788;118;118.398141894;;;;200.220730938;;66.740243646;215.335754473;;71.778584824;200.220730938;66;66.740243646;340.331724680;;113.443908227;338.186780646;;112.728926882;340.331724680;113;113.443908227;Polygon;11019.291666667;1;420.145165102;311.307508304;4.223438706;127.425155141;49.712550562;0.206906638;0.153817818;0.740952257;0.209939143;0.081903846;11019.291666667;11019.291666667;540.552455618;;553.522535119;;540.552455618;90;0.313710150;0.329194524;0.313710150;0.269945611;0.231059381;0.269945611;0.463995141;0.496468053;0.463995141;0.202770319;0.207443681;0.202770319;0.106221542;0.093349289;0.106221542;14258;12826.153846154;14258
Salazie;LA REUNION;CA Intercommunale de la Réunion Est (Cirest);LA REUNION;1225.769132732;98.306751247;101.150423567;98.306751247;Non;974210401;97421;69;249740093;-21.0322723686, 55.5095398051;"{""type"": ""Polygon"", ""coordinates"": [[[55.49388924209278, -21.0370637037939], [55.49436418442377, -21.036814076477455], [55.49448954739137, -21.033817944599353], [55.49418516819353, -21.03260659561975], [55.4935683825863, -21.029835140474844], [55.49355546833887, -21.029588417432098], [55.49350838296181, -21.029391074666652], [55.49342230722775, -21.029243972782716], [55.49316559533252, -21.029034835689984], [55.49275519357207, -21.02870509656299], [55.492235545409116, -21.028523436907793], [55.491847171441776, -21.02839533319647], [55.49125932620251, -21.028393731278967], [55.491308155762454, -21.02832189834482], [55.49137621704213, -21.028251139360993], [55.49144118303179, -21.02820112942205], [55.49149818900493, -21.028177245340242], [55.4915732737788, -21.028173394838337], [55.49164735105873, -21.02817405200455], [55.493023739072655, -21.028263491132957], [55.495964941267204, -21.026660379515132], [55.49905550885077, -21.0250273669993], [55.49996226713364, -21.02479011377407], [55.50132215959461, -21.024217648760548], [55.50273197572655, -21.023558440339027], [55.504956194033376, -21.02183819023647], [55.50559712979401, -21.020468499057635], [55.50678633748362, -21.01935022882828], [55.50962725683147, -21.01785935075038], [55.51174613070487, -21.017528312153754], [55.511814476330066, -21.017524393439654], [55.511867403332914, -21.017523049813096], [55.51191836155526, -21.017526205622232], [55.51197218780562, -21.017531193175888], [55.5120316694527, -21.017547973541042], [55.51299409761806, -21.01789965722968], [55.5135459454791, -21.018132121191027], [55.513645553534325, -21.018177255070782], [55.513761354320096, -21.01823879042359], [55.51390562997345, -21.018339417917947], [55.51403647376563, -21.018436314613997], [55.514137683967, -21.018513982303702], [55.51435048972437, -21.018689281612552], [55.514513513940024, -21.01883975585284], [55.5147423524286, -21.019047714822044], [55.51495028706477, -21.019229294259198], [55.515356698851015, -21.019576109836716], [55.51604143665016, -21.02008885694021], [55.516100705311615, -21.02012731416029], [55.51602083783734, -21.02022598430737], [55.51558911778534, -21.020783188609855], [55.515496403700375, -21.02091607310908], [55.515419260432566, -21.021031026746698], [55.51399371176733, -21.023304734805983], [55.51384863710146, -21.02476886078068], [55.51556518568342, -21.025435158543253], [55.515929873943236, -21.025527771914227], [55.516182513998864, -21.025567916706862], [55.51746621359114, -21.02544722623279], [55.51754713184984, -21.025437091650822], [55.51761659498501, -21.025417823810194], [55.51788963718451, -21.02534071022846], [55.518759044319985, -21.02498649931277], [55.51934221100312, -21.025365324510815], [55.519363457005994, -21.026621833865164], [55.51936069368147, -21.02889821750183], [55.520014023960854, -21.031720056678193], [55.52042648268957, -21.033359137066824], [55.52080389552023, -21.03450423845535], [55.52126786582435, -21.03584882612851], [55.52144765318831, -21.038690478720603], [55.52089068875058, -21.03886991308781], [55.52027620670513, -21.039222285222667], [55.52344165912785, -21.04334373550201], [55.52384694278573, -21.043813378060257], [55.52424192112013, -21.044254926832476], [55.52393380795899, -21.044372394375912], [55.52335729611946, -21.044580572755844], [55.52329937936268, -21.044599039500145], [55.522885685338515, -21.04468939074873], [55.52018237560648, -21.045407959358236], [55.518210217226915, -21.045945871229637], [55.51717116758401, -21.04631620692234], [55.51557907960414, -21.047048232729065], [55.5142755187758, -21.04726063965506], [55.513871451542265, -21.04730091747482], [55.5122073647797, -21.047238477235176], [55.511158544971025, -21.046073024920712], [55.51108003164776, -21.04454557998003], [55.51105679561968, -21.042370277876504], [55.51049504263348, -21.04123404756966], [55.50986830337266, -21.040256903229224], [55.509588746490124, -21.0402119952279], [55.50920448872655, -21.0401490050727], [55.50908851186586, -21.040103724427844], [55.50874286568146, -21.03993176880513], [55.50794400751228, -21.039471284799536], [55.50734760536443, -21.038875269034957], [55.507067956329095, -21.038550323457194], [55.50677018903895, -21.037967768809366], [55.506048912794384, -21.037592871341435], [55.50438430942712, -21.037015456871217], [55.50429798149706, -21.036988500637598], [55.504076348607626, -21.036925123696154], [55.503989930597754, -21.03690719982613], [55.503893891571614, -21.03688919122881], [55.50367171773843, -21.036880008854453], [55.50365247566212, -21.036879839458674], [55.50355625626117, -21.036879895698334], [55.50195957837836, -21.0370650153006], [55.499352837991225, -21.03597744715289], [55.49677449557488, -21.036618611332827], [55.49405194318922, -21.037820327329708], [55.49388924209278, -21.0370637037939]]]}";9742104;97421;974;4;974210401;Mare à Vieille Place;Salazie;LA REUNION;Mare à Vieille Place;LA REUNION;;4;;;;;;Iris d'habitat;1560;174.363057347;87.181528674;;182.307993203;;91.153996602;174.363057347;87;87.181528674;77.284974517;;77.284974517;85.912673424;;85.912673424;77.284974517;77;77.284974517;320.331044068;99.867191955;389.414872979;78.823719607;99.379141089;94.704629066;99.379141089;74.983916258;87.603364137;74.983916258;138.945622043;129.857486282;138.945622043;111.564013145;109.050661042;111.564013145;87.682840429;99.773727449;87.682840429;77.284974517;85.912673424;77.284974517;111.564013145;;111.564013145;109.050661042;;109.050661042;111.564013145;111;111.564013145;226.628462472;;113.314231236;229.631213731;;114.815606865;226.628462472;113;113.314231236;;;;251.648031864;;83.882677288;268.220666627;;89.406888876;251.648031864;83;83.882677288;338.192475617;;112.730825206;338.681874772;;112.893958257;338.192475617;112;112.730825206;Polygon;11019.291666667;1;819.706735501;528.465698265;15.330209995;277.291905871;114.165765339;0.311762453;0.202415791;0.644700934;0.226218705;0.093138065;11019.291666667;11019.291666667;589.840507481;;606.902541399;;589.840507481;98;0.313710150;0.329194524;0.313710150;0.269945611;0.231059381;0.269945611;0.463995141;0.496468053;0.463995141;0.202770319;0.207443681;0.202770319;0.106221542;0.093349289;0.106221542;14258;12826.153846154;14258
Bras-Panon;LA REUNION;CA Intercommunale de la Réunion Est (Cirest);LA REUNION;25.153262827;113.520420723;123.371982788;113.520420723;Non;974020105;97402;2A;249740093;-21.035721932, 55.601202868;"{""type"": ""Polygon"", ""coordinates"": [[[55.65129506477804, -21.010051232310918], [55.65165830834503, -21.0111679744465], [55.653416443521444, -21.01294167596653], [55.655531238435536, -21.014858203326657], [55.656327930912035, -21.015171645927833], [55.66162035506939, -21.016150168356862], [55.67083229069528, -21.017912619461576], [55.670772555421586, -21.01792208988498], [55.67043787460777, -21.018015232703547], [55.67018194556253, -21.01812434799315], [55.669935212083445, -21.01828141396749], [55.66980258545367, -21.018373425111076], [55.669685688566915, -21.018536022862293], [55.669587912337555, -21.018712320779986], [55.66945627179315, -21.01901844055571], [55.66929831067434, -21.019580010989575], [55.66928339903943, -21.01985090849623], [55.66926309999089, -21.020403618555076], [55.669298343960314, -21.02066045434675], [55.66936368501653, -21.02110362196292], [55.66968157271827, -21.022144996164396], [55.67026891239728, -21.023181249783246], [55.671181612001206, -21.02528693662483], [55.672309964696645, -21.028467519280465], [55.672553205469846, -21.02892381881223], [55.6726169098548, -21.029118542953317], [55.67267290938744, -21.02931411030734], [55.67263158811865, -21.02941677310888], [55.67113373541177, -21.031229900853255], [55.67062128667734, -21.031509556006007], [55.67049560760073, -21.031576326735486], [55.66808934778157, -21.03250304570642], [55.66608624779126, -21.033149802408715], [55.664102267395705, -21.033569651982965], [55.66399132221472, -21.033602205102028], [55.66368321230506, -21.03373257996511], [55.66357342243074, -21.033743460820602], [55.66232272103563, -21.033938690736967], [55.66137607274453, -21.03434995441998], [55.65995522680888, -21.034830529422997], [55.658579444785396, -21.03514862685586], [55.65832153075072, -21.034937911580137], [55.658072058409445, -21.03475165373059], [55.657829014298976, -21.03459977457692], [55.65748790397318, -21.03443899028261], [55.65682096665289, -21.03413018774671], [55.65655826886917, -21.034024223738662], [55.656110103633786, -21.033891498760624], [55.655704782075915, -21.033809700452743], [55.655471982863766, -21.03380334253303], [55.65234672436853, -21.034229380081413], [55.64956293842359, -21.034719953386887], [55.64685830538859, -21.03454171101134], [55.64644752568314, -21.03442551916018], [55.64617565405282, -21.03437728222081], [55.64504012759121, -21.034176720316562], [55.6435008762086, -21.033931826501057], [55.64243097431382, -21.03424172441977], [55.64241290275782, -21.034324690294884], [55.64234430031096, -21.03446235828281], [55.64220714788288, -21.034625676496965], [55.64206351389206, -21.0347609382909], [55.64192495238317, -21.034867332586757], [55.641578390171446, -21.035097633352294], [55.64138301196321, -21.03520899335854], [55.64128449575974, -21.035249761035313], [55.64102639345672, -21.035274798987725], [55.64001365300327, -21.03532812890824], [55.63898280363907, -21.035362336986317], [55.63869106671921, -21.03538258521177], [55.63846376924798, -21.035406059187036], [55.638260131438535, -21.035473084166565], [55.63809404201295, -21.035537699615144], [55.63589159463889, -21.036586016045103], [55.63472292020528, -21.03822799223906], [55.634721989964355, -21.038330065475975], [55.634684884222594, -21.038389389780654], [55.63418169314242, -21.03912159270443], [55.63380375002528, -21.039519650892082], [55.63366294925098, -21.039659444555383], [55.63354449253089, -21.03977593014794], [55.63345339687539, -21.039846563846574], [55.63198377782843, -21.040560597449343], [55.631178741278205, -21.04088881336635], [55.62851892900767, -21.041534958348347], [55.625995377619574, -21.041171295379797], [55.62374085441646, -21.0405387645094], [55.621034992606596, -21.04064510927364], [55.619802058162584, -21.041354549870505], [55.618780962915615, -21.042258281573037], [55.61671040833454, -21.04508114742747], [55.61427963542726, -21.048069103616314], [55.61295981446681, -21.050421218814463], [55.61236616825348, -21.052683214914], [55.61140652680842, -21.055817262532752], [55.609629285995254, -21.05714150368704], [55.60780955922886, -21.059134085256854], [55.60630832342501, -21.060616834114533], [55.605300575976756, -21.062128777134713], [55.604914473367295, -21.063052361171778], [55.60455378855973, -21.06385519285409], [55.604358821863215, -21.064121887783113], [55.60344204437062, -21.06521463952725], [55.602286415876975, -21.06570649366241], [55.602026586493096, -21.06570435453022], [55.60188972444203, -21.06572581153368], [55.60172853389777, -21.065775975495946], [55.601550561402114, -21.065871168923124], [55.60094298570096, -21.066211697514674], [55.59976169673523, -21.06697568411543], [55.59871116270993, -21.068292014056333], [55.59762981079062, -21.069865086455415], [55.59760590960762, -21.069950707771632], [55.59746978718099, -21.07020071599134], [55.59732326470466, -21.07043076432426], [55.597155332580996, -21.070685929522867], [55.59634663664307, -21.071532915007474], [55.59496848240809, -21.072960557108072], [55.592636511769165, -21.0748988053476], [55.59169571641543, -21.07678804327465], [55.59003946607812, -21.079321745338223], [55.58876655633446, -21.0802922045885], [55.588471795818776, -21.080623089760774], [55.58794097024512, -21.081286250144455], [55.587905904787284, -21.08133022256135], [55.58786882911866, -21.08138321175499], [55.58783752798113, -21.081436248996074], [55.58781485452397, -21.081492971438735], [55.587725054661036, -21.081727095418493], [55.58746098133637, -21.08298597561698], [55.58673375738559, -21.08425489069354], [55.58539059652391, -21.084920415764874], [55.5824678298493, -21.08507718998415], [55.58025074473746, -21.084512981669953], [55.577851760932866, -21.083390353569673], [55.57624704645071, -21.082805979824663], [55.57496204407993, -21.082155622415677], [55.57450820919884, -21.081602123388215], [55.57421156969731, -21.081218418476602], [55.57362461254712, -21.080545460207738], [55.57315410735443, -21.080025241658703], [55.5721841769977, -21.079141740099782], [55.57021360786109, -21.077670760739764], [55.57016188044136, -21.0776450312267], [55.56994431981351, -21.07754879837429], [55.56986092854584, -21.07751286514406], [55.56912850859736, -21.077209038871985], [55.56774692867559, -21.07705375290165], [55.56554460404109, -21.07677363413317], [55.5643488886371, -21.076156927356003], [55.56263309907018, -21.07520202307547], [55.56156581891915, -21.074568318497597], [55.559326149382166, -21.072975246158673], [55.558983173962794, -21.072811539586194], [55.55868403278698, -21.07279319123636], [55.55843769080565, -21.072788840935466], [55.55830959265027, -21.072798593105183], [55.55805030890138, -21.072838847825288], [55.557922027768605, -21.07286756835784], [55.557674810165274, -21.072953995518105], [55.55757236445549, -21.072998292144394], [55.55746886919175, -21.07305161321934], [55.55431055063043, -21.073706766219544], [55.55253918846215, -21.073059330331827], [55.552219843195864, -21.073040346630087], [55.55233240268564, -21.07274681722934], [55.55368645215425, -21.07131391576597], [55.55532576791824, -21.070336004726304], [55.55712694852837, -21.068988178275998], [55.55826702372498, -21.067829840366322], [55.559246596653225, -21.066746916118873], [55.55959110395406, -21.06630042531237], [55.56120380508314, -21.06392746142231], [55.56140540738607, -21.062227718343], [55.5617147639631, -21.05917883666838], [55.56168808427976, -21.05764924585856], [55.56145655432012, -21.056306719309692], [55.5611656610033, -21.05428256651441], [55.56082081737913, -21.051364546459254], [55.56118745240339, -21.048110409499284], [55.56139826205645, -21.045388645239658], [55.560484098487315, -21.04364846708827], [55.55972342695954, -21.04219892476341], [55.55868836912418, -21.040766474689125], [55.55699542425952, -21.041261639632395], [55.555477583852245, -21.040149329402297], [55.55441438970936, -21.03764976500066], [55.554391673367974, -21.0376107279222], [55.55435191761881, -21.03754263884678], [55.55431517032535, -21.03746192850842], [55.55403672844606, -21.036303277226406], [55.55598461930534, -21.033465295878727], [55.557655159437495, -21.03099794708953], [55.558165293962006, -21.029728553753003], [55.55827688528121, -21.029430491883495], [55.558329291764394, -21.029283690541963], [55.55866443117718, -21.028151023340758], [55.55868546853761, -21.028064480244566], [55.55869566960211, -21.026803492567588], [55.55869248545049, -21.02653426777921], [55.55866617509963, -21.02636873202277], [55.55865456823209, -21.025574590417122], [55.55867872881582, -21.024862956615863], [55.55870180449542, -21.02466441552338], [55.55878424235636, -21.02439591633105], [55.5588209756529, -21.024277888972193], [55.55889158020687, -21.024139371616698], [55.55957677815521, -21.0231207790821], [55.561226020863174, -21.020496055797544], [55.562326762108896, -21.01867969311944], [55.564430383718374, -21.018427358384336], [55.56637720590448, -21.01807159708108], [55.56684249376046, -21.017958533929587], [55.56718567487722, -21.017837214154408], [55.56748601590502, -21.017718694615827], [55.56757884323893, -21.01766979198603], [55.56765364255592, -21.01759454029423], [55.567732453734365, -21.017502158659], [55.56869009323191, -21.016153384200237], [55.5697389228023, -21.01452171721963], [55.57109598195967, -21.012949542631343], [55.571563867896, -21.012006878794143], [55.57187060486257, -21.010910854000414], [55.57462507755845, -21.009782174253594], [55.577124260903204, -21.009447169404403], [55.57904490346104, -21.008539537692457], [55.58123166661078, -21.007158936317623], [55.58273047890137, -21.006295169064746], [55.58379252468839, -21.00517220889009], [55.584256345798835, -21.004040441403703], [55.584216490208576, -21.00398229494409], [55.5841730170262, -21.003899727713794], [55.58414661995139, -21.00384259655797], [55.584113651331, -21.0037682469252], [55.58409026790744, -21.003697590462146], [55.58406794017313, -21.00361700584036], [55.584051401051255, -21.00353466265855], [55.584038718162546, -21.00345144819942], [55.58397125501325, -21.00275078439713], [55.58396802094836, -21.002685715704917], [55.583967655595316, -21.002622477595516], [55.58397516455372, -21.00254033447626], [55.58398742343333, -21.00246455437997], [55.58400345326801, -21.00239693587741], [55.58402145805113, -21.002323913653246], [55.58405684547912, -21.00224380916857], [55.58409991967086, -21.00216467197703], [55.58414685851792, -21.002083760203362], [55.584203356814335, -21.00200925143856], [55.584258842017434, -21.001940154374736], [55.58433948176538, -21.00185590941791], [55.584414264749675, -21.001780649291675], [55.58448804315168, -21.001709897565746], [55.58467720897631, -21.00154254260388], [55.58487363533355, -21.00142131905723], [55.584961595047496, -21.001376882404877], [55.584977053748815, -21.001369784051292], [55.58506205103559, -21.0013334529433], [55.58536757238587, -21.001578995911448], [55.58573356766603, -21.00183859124736], [55.5859920591104, -21.001970822547833], [55.58668447884879, -21.00229997601133], [55.58717423318011, -21.002493747466215], [55.58732196061638, -21.00253833490128], [55.587790314915765, -21.00265514149548], [55.588739819709375, -21.00285814279548], [55.5892267585528, -21.00294257868192], [55.589495978097844, -21.00295745704263], [55.58990007065764, -21.002951771815418], [55.590631777014764, -21.00288917703594], [55.59103644615501, -21.00282206537994], [55.59225861312244, -21.002571107183694], [55.592658674588684, -21.002482272822387], [55.59617194721051, -21.00216710557672], [55.59652066733211, -21.002321746194923], [55.5970970268399, -21.002411413815203], [55.59837705971621, -21.002555657278545], [55.59882601689197, -21.002587358087872], [55.59906260816838, -21.002593822444823], [55.599313813817396, -21.00258053276631], [55.599794471576864, -21.002514025371145], [55.600678645027, -21.00229726284514], [55.60129115005023, -21.002121624748955], [55.60186298111441, -21.001871574471892], [55.602011806876696, -21.001798721103505], [55.60260594998508, -21.001425090637056], [55.603251483654276, -21.001007614820164], [55.60364972588652, -21.00080310855338], [55.604013888447355, -21.00064258664809], [55.604308254975194, -21.000539306957098], [55.60465232338931, -21.000418818567297], [55.60608780391638, -20.9999314707433], [55.60753401512931, -20.999478977675267], [55.60807453482853, -20.999283754621356], [55.60864421180009, -20.999056246937165], [55.60914098325129, -20.998806460814478], [55.60916130041293, -20.998793979694476], [55.61083662659232, -21.001440068552693], [55.61139506341885, -21.000868277633945], [55.61211623503176, -21.000278840889138], [55.61279816878718, -20.99997906174475], [55.61524018537953, -21.003470585610092], [55.61614503376555, -21.00476614693656], [55.617750334039265, -21.007097233608032], [55.618465877665145, -21.008269291688165], [55.61891583390839, -21.009493014796522], [55.61965265893878, -21.010900479570356], [55.620437376279526, -21.012214936585853], [55.621861457507165, -21.012819087049085], [55.62250510141432, -21.012921863233615], [55.623149456757396, -21.01189904572153], [55.623459282625625, -21.011370371917458], [55.623857400281025, -21.010655414186342], [55.6242679237913, -21.01026576842325], [55.6251998320849, -21.009461171603927], [55.6271313988794, -21.007804177320278], [55.629477867762226, -21.0065872804284], [55.630659578988926, -21.0061816941476], [55.63168048517923, -21.00526394989856], [55.632027813868994, -21.004573856018688], [55.63226852183965, -21.004023830442186], [55.63275720288237, -21.00360407543984], [55.63347092566513, -21.003402935221274], [55.63431328014578, -21.003337878289212], [55.635899916972726, -21.0033869628754], [55.63727479354833, -21.003502090345837], [55.63927320931324, -21.004953540230222], [55.64004726544216, -21.005631837522756], [55.64052859693893, -21.007030492531136], [55.640241265764395, -21.00779154771757], [55.64011522419335, -21.00901920321899], [55.64018820412826, -21.010168885602873], [55.641363814805366, -21.01290818907362], [55.6420453575292, -21.013183738929175], [55.645083981957214, -21.012076939977465], [55.64547109140968, -21.011930965416735], [55.64714992571861, -21.01128892374411], [55.64889547750174, -21.010546293774535], [55.650214979869304, -21.010230570095008], [55.65113698110781, -21.01008521090716], [55.65128927657586, -21.010052993185067], [55.65129506477804, -21.010051232310918]]]}";9740201;97402;974;4;974020105;Forêt des Hauts de Bras Panon;Bras-Panon;LA REUNION;Foret des Hauts de Bras Panon;LA REUNION;;4;;;;;;Iris divers;2190;184.842104188;92.421052094;;215.950179306;;107.975089653;184.842104188;92;92.421052094;101.903025202;;101.903025202;113.278957259;;113.278957259;101.903025202;101;101.903025202;5.038914347;0;10.057174240;5.018259893;0;0;0;184.842104188;215.950179306;184.842104188;107.759749243;100.711414676;107.759749243;98.795750250;96.570045924;98.795750250;187.821895453;213.721299564;187.821895453;101.903025202;113.278957259;101.903025202;98.795750250;;98.795750250;96.570045924;;96.570045924;98.795750250;98;98.795750250;295.581644696;;147.790822348;314.432714240;;157.216357120;295.581644696;147;147.790822348;;;;286.745129390;;95.581709797;329.229136565;;109.743045522;286.745129390;95;95.581709797;394.377394946;;131.459131649;411.002760164;;137.000920055;394.377394946;131;131.459131649;Polygon;14529.333333333;1;15.096088587;7.548044294;0;5.038914347;5.018259893;0;0.498973148;0.5;0.200328458;0.199507314;14529.333333333;14529.333333333;681.122524336;;740.231896729;;681.122524336;113;0.313710150;0.329194524;0.313710150;0.269945611;0.231059381;0.269945611;0.463995141;0.496468053;0.463995141;0.202770319;0.207443681;0.202770319;0.106221542;0.093349289;0.106221542;14258;12826.153846154;14258
Cilaos;LA REUNION;CA Civis (Communauté Intercommunale des Villes Solidaires);LA REUNION;422.822173302;101.654973890;103.081839111;101.654973890;Non;974240105;97424;2A;249740077;-21.1340725303, 55.44091666;"{""type"": ""Polygon"", ""coordinates"": [[[55.405477398157544, -21.14498681733588], [55.40549740732854, -21.144916549297413], [55.40481206162152, -21.14309899783965], [55.4041172490488, -21.141267805569434], [55.40407423075949, -21.141149069196125], [55.40406313269001, -21.14110650999802], [55.40404090754461, -21.14102410119296], [55.40368574355681, -21.13966491613181], [55.40368317955634, -21.1395447545446], [55.403716197382714, -21.139069032647203], [55.40376809687646, -21.13889789709375], [55.403830702187264, -21.138716022981065], [55.40385442648064, -21.138658436156494], [55.40406298559042, -21.138153657110838], [55.40423586053846, -21.13774429003309], [55.404499010644265, -21.137266220159635], [55.40524830489341, -21.13643457502951], [55.40555711529368, -21.136187723722436], [55.405887897655674, -21.13595688622417], [55.4062035334978, -21.135791845618176], [55.406588308929955, -21.135643714255657], [55.40669837485987, -21.135614941417334], [55.40679159218465, -21.13563117448362], [55.40765749084805, -21.134657281713228], [55.4082963416324, -21.13338619607858], [55.40905658976412, -21.130193656674525], [55.40976698221547, -21.127926065563642], [55.40982401021227, -21.12781459278183], [55.40990264977425, -21.127662674726082], [55.410152582951326, -21.127337125885468], [55.41036080353249, -21.127086158388558], [55.4104216523006, -21.127022595701085], [55.41060455193911, -21.126934208658273], [55.410878011796, -21.126839896369603], [55.41326593453293, -21.125134734573], [55.41600743639268, -21.122765307722467], [55.41603184714636, -21.122733017364727], [55.4160562674816, -21.122699823797863], [55.41610982527844, -21.122642513699805], [55.416170188485545, -21.122578944145527], [55.416308165087344, -21.122459192580763], [55.41692989025787, -21.121932511221644], [55.41832660642508, -21.12013309479974], [55.419980779352706, -21.117654528701653], [55.42254845888575, -21.116178076026824], [55.42256913139773, -21.116134910202256], [55.42266949536388, -21.116202688468597], [55.42379576737996, -21.1170279430905], [55.4240031129288, -21.11708406958337], [55.425045839984335, -21.1169790458927], [55.425342239809325, -21.116897793878486], [55.425685939378994, -21.116758718058257], [55.425993241292915, -21.116602140740383], [55.42714678731662, -21.115710005056766], [55.42777729402283, -21.115028897285395], [55.42851553474135, -21.11419625908321], [55.42935560599968, -21.113426627069014], [55.43214432812858, -21.11343573908485], [55.43487115735275, -21.112278974583628], [55.435072345046024, -21.112187792376787], [55.43561027301736, -21.111930801135674], [55.43599538669512, -21.11174195219893], [55.43710098970774, -21.110916561116507], [55.437549062514485, -21.110550373857873], [55.43830618420591, -21.109860001968862], [55.43899635515153, -21.10917352620918], [55.43919773089156, -21.10897168578998], [55.43946319110673, -21.108671071741778], [55.43965034939452, -21.10844787217599], [55.44062534607717, -21.10777078543684], [55.441620134236636, -21.107410031010087], [55.443233622206435, -21.106957713688477], [55.44539821310419, -21.105782753490665], [55.447076734973706, -21.104960660564657], [55.44926254320945, -21.103689843780757], [55.45035668852542, -21.102979912488316], [55.45067716466885, -21.102708235959653], [55.451002573985114, -21.10242486082623], [55.45124842463122, -21.102201731535352], [55.45369774612952, -21.100992878351043], [55.45442002436006, -21.100774088393567], [55.45468631320187, -21.100575077656803], [55.45506989913459, -21.100249768671954], [55.45523955889075, -21.10003994008779], [55.45532692094437, -21.099922854112737], [55.45542424407253, -21.099773339685314], [55.45608705120614, -21.098090929018365], [55.45585849406903, -21.09640975631674], [55.4555790634973, -21.093179685292927], [55.45853376300098, -21.091155145922357], [55.458642934709395, -21.091022447973018], [55.45901954046576, -21.090577375773645], [55.46014728228899, -21.08981573753626], [55.46188604987155, -21.088742118363005], [55.46284442136134, -21.087085999894573], [55.46315498868368, -21.0866023796002], [55.46362233020837, -21.085942225735423], [55.46393910597674, -21.085743655316996], [55.464785965377374, -21.085662796130254], [55.46492439326105, -21.085679405073154], [55.46720667186437, -21.08640914258326], [55.46918408923824, -21.087633374615137], [55.47050270285204, -21.088528259334225], [55.47282219246786, -21.08981515443673], [55.475656382569625, -21.091413773721886], [55.47692934795329, -21.09213905450429], [55.478273991300796, -21.093255656015774], [55.4789523838201, -21.094078791990196], [55.4798836530513, -21.095307975321912], [55.47993073773935, -21.09541047224154], [55.47999845823596, -21.095755243207368], [55.47999267793162, -21.0959448880757], [55.47994785624027, -21.096187478729842], [55.47977831166579, -21.096862543658492], [55.47957703099942, -21.09753461379118], [55.480400323937594, -21.099775897340756], [55.48040604377486, -21.09978136850536], [55.48033469402743, -21.099982168795734], [55.479372292686676, -21.102893963680394], [55.47830539988008, -21.106042384406784], [55.47820268085003, -21.106298004040234], [55.47718160912858, -21.107875056637734], [55.476872517799265, -21.108260705135734], [55.4759214770681, -21.109198830741096], [55.47550484060119, -21.10955731318895], [55.47513909511387, -21.109834050715758], [55.47413418586146, -21.110389578468457], [55.47297135736781, -21.111889446627814], [55.4724550365579, -21.11342674990629], [55.472371174342044, -21.1137195708311], [55.472314700476836, -21.114158072028435], [55.4722832989785, -21.114498338054318], [55.47231945197347, -21.11454021637955], [55.47261637218162, -21.11713269181512], [55.47218748280054, -21.11990651223516], [55.47213910226786, -21.120024409919917], [55.47187075371382, -21.120563977337504], [55.471672665713896, -21.120917192353225], [55.47142676903786, -21.121332304282625], [55.470587411537124, -21.122351794913737], [55.469920275725556, -21.123099132840792], [55.47047878068678, -21.125255678646095], [55.47102075404883, -21.126847876334352], [55.47094682844883, -21.12879926520247], [55.470871074222146, -21.129802160196537], [55.470846830239935, -21.129913048592993], [55.47079985062632, -21.130175487990847], [55.47074306786619, -21.130455001753994], [55.47066323674143, -21.130634943123216], [55.47057956488899, -21.130720002090143], [55.47046600310048, -21.130809307620954], [55.47022156110173, -21.1308929143428], [55.47014049087658, -21.130912054870002], [55.46992439776719, -21.13095391327046], [55.46970178821021, -21.13097403304673], [55.46723883951574, -21.131737639784827], [55.46553179959751, -21.13398406771655], [55.46546727494347, -21.134079233779676], [55.46537167811907, -21.134106370034488], [55.46289738065467, -21.13549670254639], [55.461812681302845, -21.13780545332138], [55.46049061890986, -21.13910613286744], [55.460320571087124, -21.139256342089563], [55.46030988758161, -21.13926527800119], [55.45997129035806, -21.139513769330808], [55.45887015010981, -21.1397598367437], [55.458102149751475, -21.139726648016815], [55.4566051857837, -21.139981741247485], [55.45313775007032, -21.141212463249513], [55.45138829530808, -21.142598848170998], [55.44975201628351, -21.143932051427026], [55.44941287608735, -21.14460009932436], [55.44886057365059, -21.147846025520742], [55.44921264992023, -21.14903480132211], [55.45008323179215, -21.149855332659346], [55.450179879109164, -21.149820988963757], [55.45031868314187, -21.14980690390905], [55.450546018445884, -21.149798145842773], [55.450876867210276, -21.14983550018756], [55.45118039123129, -21.149907832640977], [55.451400301470436, -21.1499649466082], [55.45150088928362, -21.150014645400883], [55.451634677816074, -21.150112522976514], [55.45167165460595, -21.150167962784238], [55.45173284758726, -21.15030221151842], [55.45233143362753, -21.152095324143303], [55.452464931019925, -21.152499418309723], [55.45237024280849, -21.15280838532948], [55.45215631770774, -21.153008768537607], [55.45176522685985, -21.153300570725456], [55.45163655992677, -21.1533581080984], [55.45133477583493, -21.153488131863984], [55.451033414050464, -21.153577510306356], [55.450890271565775, -21.15354548760839], [55.45025535333796, -21.15339424205669], [55.44999715111125, -21.153315096364576], [55.44821558954768, -21.153884558767984], [55.44638684586321, -21.155006388699686], [55.44633909183137, -21.15506105157369], [55.44631154797486, -21.155116803316396], [55.44622385700318, -21.155307497873434], [55.44620495977336, -21.155365135598164], [55.446199325516716, -21.155443671041365], [55.44625422921976, -21.155626642031525], [55.446463090631426, -21.156189509827744], [55.44749763056112, -21.157657159919758], [55.44862185274076, -21.15842150350608], [55.44866797600529, -21.158430959469634], [55.449015945371826, -21.158675331449682], [55.449075021882784, -21.15873549094779], [55.44910709117498, -21.1587999193522], [55.4493368680851, -21.159390074990466], [55.449348055681625, -21.159702719878943], [55.44930032925739, -21.160031987452836], [55.44902193480677, -21.16087311875657], [55.447749339366844, -21.16226111072707], [55.44631400018701, -21.16288544114354], [55.44424326737464, -21.163584301582425], [55.44389370792427, -21.16376806901706], [55.44336283542756, -21.164530085207662], [55.44279096017583, -21.165528837833744], [55.44255167571149, -21.16603293351851], [55.44253067945598, -21.166106810666655], [55.442516499172385, -21.166173524188693], [55.442488241182446, -21.16638915235273], [55.44249131761924, -21.166463251177635], [55.442513623934126, -21.166540236988872], [55.44254720161386, -21.166644425556132], [55.44264469769769, -21.166898247002703], [55.44276835473982, -21.16704481674231], [55.44329451359802, -21.167655096732908], [55.44401844713163, -21.168600060748087], [55.44451012714806, -21.169515561063996], [55.44511766807647, -21.171048175555413], [55.44541014044405, -21.171997522149685], [55.44633368229669, -21.171814511084555], [55.44636773448653, -21.17178140188637], [55.44630551230058, -21.17192987456691], [55.44667436201796, -21.174050597115336], [55.44733951871192, -21.17611035783716], [55.44764843652125, -21.179084597469302], [55.44766397901146, -21.17925636702373], [55.44769750048242, -21.17964328685315], [55.44768959160228, -21.179847359808374], [55.44764864954903, -21.180171268167804], [55.44754189632982, -21.180802597009542], [55.44753180418504, -21.18084676596469], [55.44749153927299, -21.181013506438774], [55.44743994449253, -21.18115846365841], [55.44734426907041, -21.18137437655215], [55.44720632460311, -21.1815799647823], [55.44703396599398, -21.181760847628855], [55.44686244665775, -21.181861344413736], [55.44665581457391, -21.1819118369115], [55.446465364434175, -21.18188840740824], [55.446004496434384, -21.18175228934378], [55.44251060496201, -21.181820397147007], [55.439347339160385, -21.180577189533178], [55.43619300177392, -21.18041344582438], [55.43323919887469, -21.180779026288974], [55.4321794859549, -21.181265108874523], [55.43163440036756, -21.18153645997228], [55.43127495323688, -21.181739075307288], [55.43082774792563, -21.18204385057539], [55.43054507223313, -21.182272469147623], [55.430439541751454, -21.181959853028285], [55.429927504250955, -21.180104249640195], [55.429507411708265, -21.178799604858767], [55.42845904214389, -21.177802562567898], [55.42841801586562, -21.177766049450216], [55.42795562808834, -21.1775034084667], [55.427051897859016, -21.177083100704962], [55.426305036938736, -21.17685574666947], [55.42403338935682, -21.17419877973662], [55.42376292725978, -21.173638927370313], [55.42349252396575, -21.17325544294408], [55.42321657490193, -21.172941008254387], [55.4221915642905, -21.17179239567746], [55.41986542999868, -21.17010861867701], [55.418116079296574, -21.169002184731095], [55.41703695884238, -21.168396625225434], [55.41662154923572, -21.168158332480193], [55.416320631011075, -21.16793014387719], [55.41593714273575, -21.16758827013615], [55.415572336106095, -21.167210439031773], [55.4134918695465, -21.164808057496828], [55.41318183023351, -21.164442929930004], [55.413088016733205, -21.1643002333177], [55.41302835672487, -21.164205731454935], [55.41291174288515, -21.163943586625653], [55.41265886472871, -21.163275489344755], [55.41163411538934, -21.160040675251903], [55.41118481522789, -21.157206450347843], [55.411008049386844, -21.15518277654707], [55.410904888374105, -21.15474371220955], [55.410312144462225, -21.153712910596738], [55.41003722291088, -21.153328578692776], [55.40961464594186, -21.152889330919304], [55.40929663201397, -21.15259774072367], [55.409209778889625, -21.15252556437412], [55.40890338919144, -21.15236280150966], [55.40821929785138, -21.151682514095647], [55.407744912837245, -21.151202017784733], [55.407361854460355, -21.150645600255178], [55.406068721367966, -21.14875368166844], [55.405644127583926, -21.14785091004478], [55.40554959308537, -21.147417344207884], [55.40552110077572, -21.14729061537311], [55.40542102196997, -21.14679037970533], [55.40533766914724, -21.14634675711839], [55.40531347299686, -21.14617851745191], [55.40530924900397, -21.146123377043917], [55.405304197619266, -21.14605558279832], [55.40531742351724, -21.14589943846267], [55.40547438421215, -21.144998531698423], [55.405477398157544, -21.14498681733588]]]}";9742401;97424;974;4;974240105;Ilet à Cordes-Ouest Bras Rouge;Cilaos;LA REUNION;Ilet à Cordes-Ouest Bras Rouge;LA REUNION;;4;;;;;;Iris divers;1480;166.843734854;83.421867427;;173.467289498;;86.733644749;166.843734854;83;83.421867427;82.845692866;;82.845692866;86.487541113;;86.487541113;82.845692866;82;82.845692866;94.070506941;19.804317251;128.728062129;34.657555189;67.108544543;68.449296894;67.108544543;99.735190311;105.017992605;99.735190311;160.334574998;157.347711300;160.334574998;105.101553051;108.086070509;105.101553051;94.804287572;93.102422246;94.804287572;82.845692866;86.487541113;82.845692866;105.101553051;;105.101553051;108.086070509;;108.086070509;105.101553051;105;105.101553051;255.138862570;;127.569431285;250.450133546;;125.225066773;255.138862570;127;127.569431285;;;;249.689427721;;83.229809240;259.954830612;;86.651610204;249.689427721;83;83.229809240;360.240415621;;120.080138540;358.536204055;;119.512068018;360.240415621;120;120.080138540;Polygon;11812.138888889;1;286.172384272;212.896410445;0.990215863;90.109643490;42.579282089;0.210526316;0.269230769;0.743944637;0.213114754;0.100702576;11812.138888889;11812.138888889;609.929843341;;618.491034666;;609.929843341;101;0.313710150;0.307565344;0.313710150;0.269945611;0.256366326;0.269945611;0.463995141;0.472802960;0.463995141;0.202770319;0.197171340;0.202770319;0.106221542;0.108163218;0.106221542;14258;13657.619047619;14258
Entre-Deux;LA REUNION;CA du Sud;LA REUNION;13.491612860;48.509323397;49.455702598;48.509323397;Non;974030103;97403;2A;249740085;-21.1887396239, 55.4994517219;"{""type"": ""Polygon"", ""coordinates"": [[[55.462048222302535, -21.194942721774787], [55.46246164533192, -21.19464297527844], [55.46392941040785, -21.19372502168333], [55.466354030050695, -21.19226359816299], [55.46811977882181, -21.19110735342968], [55.47042563926317, -21.189514036571392], [55.472995371524526, -21.189934732677255], [55.47330340598463, -21.19004591278723], [55.474088477680915, -21.19031857619057], [55.474659085770334, -21.19018461890574], [55.47492460000798, -21.190121977440995], [55.4774362122529, -21.189214220656623], [55.481258907086456, -21.187437682974327], [55.484877743762375, -21.185800654050677], [55.486587508034056, -21.18474193714886], [55.48768518268557, -21.184014209278303], [55.490366343197906, -21.182232006119456], [55.49083248728475, -21.18185316435166], [55.49249620001997, -21.18038838399685], [55.49353008286787, -21.179344337737056], [55.49428760895955, -21.17848390569222], [55.49457674469012, -21.178130575082342], [55.49500278550583, -21.177477207496402], [55.49529276562888, -21.17699245073649], [55.49533217215897, -21.17690517998684], [55.495795193402, -21.174880004352712], [55.496348647959046, -21.172481658190325], [55.497057492909356, -21.170762628013136], [55.49786431534116, -21.168303745041648], [55.49776897978285, -21.166490846473888], [55.49807890458534, -21.16507629591781], [55.49936672192224, -21.162566569583934], [55.499440986877815, -21.162459733689325], [55.4995191488948, -21.162348415739345], [55.50101004398472, -21.159740126546314], [55.501756132947385, -21.15833583311013], [55.50171485495308, -21.15655276922971], [55.50156048828436, -21.155672925204875], [55.50136492159523, -21.15513146049373], [55.50108549059457, -21.15426405813647], [55.501002039312276, -21.153418716288876], [55.50116643552737, -21.152057968350928], [55.50128398407679, -21.151476820651908], [55.50159438531683, -21.150139157272122], [55.50178601784459, -21.14924058366696], [55.50198326724109, -21.147914902318593], [55.50268331575621, -21.146284733801146], [55.502878391923986, -21.14603623985882], [55.50401705633027, -21.144737396853095], [55.50478991840131, -21.14371534363815], [55.505810913464124, -21.14233685820684], [55.506288047997955, -21.140364602320723], [55.506287390063335, -21.140238131543295], [55.50631457095998, -21.1401200362726], [55.50638113480498, -21.140011321659934], [55.50648629981961, -21.13989391433218], [55.50660188312038, -21.139793761934666], [55.50670668574456, -21.13971248411076], [55.50686184856603, -21.139794248230828], [55.50689345700234, -21.139810786781727], [55.50743275421758, -21.140089248553142], [55.50760542866029, -21.14015309997885], [55.507683150755014, -21.14017998141967], [55.50775037285257, -21.140197737059555], [55.50803142551485, -21.140111688570347], [55.509089175037936, -21.139769614479004], [55.509589148953175, -21.13955179933895], [55.51033552306487, -21.13905386252124], [55.51068817969579, -21.13873944711191], [55.514060969792, -21.13835987637164], [55.516934906229906, -21.137940638979103], [55.5196573000521, -21.137412531309025], [55.52205510811681, -21.136602418091496], [55.523465482958805, -21.136086276536968], [55.52368764047429, -21.13601504413181], [55.52393754759997, -21.13596121653887], [55.52521280125985, -21.13576862806109], [55.52606039118373, -21.135787299718565], [55.5263104473366, -21.135815672681566], [55.526835244800374, -21.135810302650192], [55.52694985680767, -21.13580678310107], [55.526890565156634, -21.13596073636816], [55.52596475274448, -21.13689033353768], [55.52457701992044, -21.138134323177024], [55.52419412364138, -21.140387044771714], [55.523572724183445, -21.141331945354075], [55.522629912991135, -21.14209062499181], [55.52240783538295, -21.14215282292032], [55.521878411463646, -21.142428232102354], [55.52176402240456, -21.142505822609195], [55.52109312753896, -21.14325875626961], [55.52105092032168, -21.143339686811444], [55.52183058442917, -21.144822530752357], [55.52219834336553, -21.145314441006093], [55.52239115571759, -21.14548504615993], [55.52274504927886, -21.145724806453945], [55.52382090510052, -21.146775033155063], [55.52479149479908, -21.148320747440643], [55.524904300393494, -21.150347890862825], [55.52483432775446, -21.153557748146294], [55.52468659461182, -21.15613947150192], [55.525973897294726, -21.159270100009163], [55.52625246979991, -21.15997237830833], [55.527297619432915, -21.161985507701168], [55.52789028777226, -21.16291657518507], [55.528462826840595, -21.163546658306053], [55.52848582710734, -21.16482416079688], [55.52838057093858, -21.165924398763725], [55.528284544045746, -21.166626801982382], [55.52823505056985, -21.16729799361719], [55.52821140677723, -21.167643761408787], [55.52813493665495, -21.169143518858213], [55.528180015389395, -21.169259536794225], [55.52821301340786, -21.169331186656137], [55.52866723184206, -21.170044113105117], [55.52910181307647, -21.170704747307617], [55.529215861306255, -21.170858401242867], [55.52933186251222, -21.171009362119747], [55.52960530061114, -21.17130893399478], [55.530679576361344, -21.172578862645953], [55.53133088221976, -21.173575920758754], [55.531518506060685, -21.173984046860664], [55.53178525841839, -21.175157073330926], [55.53176309635977, -21.17598748862944], [55.53131245552429, -21.178709358147973], [55.53098724348256, -21.18009065192514], [55.53033168291242, -21.183757974930714], [55.53028120409498, -21.185749035494805], [55.530272782352135, -21.186016346153203], [55.53019339778592, -21.186154767658337], [55.530087261208536, -21.18627127666718], [55.52948785860734, -21.18591376598883], [55.529072609456065, -21.185634638677133], [55.52861424306278, -21.18513833738962], [55.528518063635694, -21.185027294559205], [55.528436169456036, -21.184932635884262], [55.528353535840914, -21.184815387647685], [55.5281514292739, -21.18402141301419], [55.52798875081571, -21.183428319386973], [55.52745247302268, -21.183311635951664], [55.52687668397425, -21.183197316464078], [55.52670942524701, -21.183164242312692], [55.525214667246644, -21.18286936985577], [55.52323747224624, -21.182856623256725], [55.52289197220679, -21.182926773351397], [55.52149257136705, -21.183213537533543], [55.51887272281792, -21.18394984131201], [55.5163547298413, -21.18519014640704], [55.51605514663524, -21.18558046032122], [55.51571945023082, -21.186018332382936], [55.515643929939266, -21.186250725541523], [55.51545354258872, -21.186894023313247], [55.5153907127649, -21.187109364704575], [55.515211147049015, -21.189754512302066], [55.515312534790716, -21.19078970341941], [55.51560419943588, -21.192061429079686], [55.51574711953264, -21.193181896743685], [55.51578047023189, -21.193507384505804], [55.51572363947783, -21.194182567703198], [55.51562530045484, -21.195348791448172], [55.51552392477635, -21.195854662409655], [55.51507250240139, -21.197267549921364], [55.51535749289501, -21.20036437120846], [55.51551037783394, -21.200584317895178], [55.515629362835185, -21.200822936228533], [55.515622717335894, -21.20090959636029], [55.515609462408804, -21.201079303664287], [55.51545513961201, -21.20138868874276], [55.515023953593804, -21.2021242639774], [55.51417615997262, -21.20300341404168], [55.512194732127504, -21.204829640387967], [55.51213484233888, -21.204846275778063], [55.5109226232959, -21.20517614184422], [55.510214579685794, -21.20527558521686], [55.50983204450151, -21.205190911769144], [55.509540620936086, -21.205050132717965], [55.50942082940279, -21.20498855329324], [55.50930490886795, -21.204925201325583], [55.50925131472885, -21.204890402249408], [55.509203554157565, -21.204850234758972], [55.50781438373427, -21.207019923957247], [55.50854028957593, -21.20931488580442], [55.509585192143206, -21.21059056017413], [55.50986402724781, -21.210930861192487], [55.51011336599016, -21.211234768906653], [55.51019145367588, -21.211324886174214], [55.51035252706419, -21.21149703398882], [55.51060637946546, -21.21163928741237], [55.511028049836625, -21.211665589523015], [55.51116191234004, -21.211669479946043], [55.51200909044884, -21.212012078570854], [55.51389090546988, -21.21389219460051], [55.514013754280974, -21.2140341932996], [55.51396990158765, -21.21408439300851], [55.5135586063702, -21.21475283930304], [55.512992752767474, -21.2170016288214], [55.51281475457179, -21.22000764947963], [55.51239257166808, -21.222960930723207], [55.51173658212906, -21.225545853212456], [55.511497179450146, -21.22659300020932], [55.51111508139445, -21.227667675526412], [55.509094550075375, -21.229224309715914], [55.506602402451655, -21.229773163332098], [55.50639040244916, -21.229681858799978], [55.506169723481534, -21.229591380484095], [55.50564470983801, -21.229394325810933], [55.505530389986376, -21.229361697333932], [55.50471511041733, -21.229430803868027], [55.504198708579, -21.229717544558998], [55.50312602909859, -21.23073328962111], [55.502343025327676, -21.231493251840632], [55.502205316018035, -21.231582360410773], [55.50199369233265, -21.23164461655599], [55.501740082097236, -21.231666753885097], [55.50150300409425, -21.231673681390365], [55.50131156914558, -21.23164488160411], [55.50114807173107, -21.23161632981078], [55.50095882843176, -21.231561353096993], [55.500850534860874, -21.231504385583865], [55.500062736989804, -21.23109360368993], [55.49693175929013, -21.2295517920438], [55.496554346429356, -21.228034000427186], [55.496360353283336, -21.22556897725182], [55.494621718429535, -21.2241140527311], [55.49406815528638, -21.224075691371148], [55.49364530853701, -21.223972553497582], [55.49304346175524, -21.223755805973713], [55.492677443002776, -21.223464381660335], [55.491491199081466, -21.222073526924675], [55.49044463344437, -21.220780568093524], [55.489985717927, -21.220152276908298], [55.48972630780816, -21.21894765258805], [55.48580006843477, -21.217679461912926], [55.48428735376941, -21.2171383541372], [55.48279695661033, -21.219032747664862], [55.48242934381008, -21.219842418286138], [55.48188721815252, -21.22075981821617], [55.48171286145265, -21.221040984495833], [55.480029848344536, -21.22348643868501], [55.47930529674543, -21.22462259160327], [55.47888048046037, -21.22527636845776], [55.47706206740154, -21.227856965192203], [55.47660666005147, -21.22754753761661], [55.476277783650616, -21.227206732630187], [55.47468681513322, -21.225276001151087], [55.47451185601084, -21.225051755419944], [55.4744351590773, -21.224827946229343], [55.47437421080047, -21.22354109170291], [55.47444864775691, -21.222204424244605], [55.4746466955438, -21.22018236304602], [55.474645001105756, -21.220159765144597], [55.474114603276824, -21.219650927561716], [55.47386370154116, -21.219879904757804], [55.47355555411389, -21.220242052689276], [55.473247188206464, -21.220718917474958], [55.47242563121785, -21.22238440027926], [55.47207820619755, -21.221133794400366], [55.47186657319278, -21.219607103504043], [55.47180803632001, -21.2187430161031], [55.468643853415536, -21.21905167435932], [55.465586206041365, -21.220002679350817], [55.462356476023544, -21.218010416114605], [55.462376938318464, -21.21798802001906], [55.4624877043101, -21.21780385251339], [55.46311711279622, -21.21628210378354], [55.46336447363285, -21.215232913998396], [55.463343376633894, -21.21406046369737], [55.4631597662595, -21.21309293816672], [55.46295068171419, -21.212120438213137], [55.462271102532114, -21.20904799607458], [55.461462832833185, -21.206544813639784], [55.46105501428135, -21.204720043336312], [55.46082324543217, -21.202081195956595], [55.461391862233185, -21.199866514009486], [55.46222328138151, -21.198455901671668], [55.46239534113574, -21.19723394552532], [55.462390624918704, -21.19687529171402], [55.46223405645182, -21.19550717060713], [55.462221479694584, -21.195419435825194], [55.46219782241491, -21.195285531774097], [55.462048222302535, -21.194942721774787]]]}";9740301;97403;974;4;974030103;Zone des Hauts de l'Entre Deux;Entre-Deux;LA REUNION;Zone des Hauts de l'Entre Deux;LA REUNION;;4;;;;;;Iris divers;1235;0;0;;0;;0;0;0;0;106.287698134;;106.287698134;113.270394362;;113.270394362;106.287698134;106;106.287698134;0;0;0;0;0;0;0;0;0;0;71.333006315;66.158576982;71.333006315;113.435235932;117.305244242;113.435235932;0;0;0;106.287698134;113.270394362;106.287698134;113.435235932;;113.435235932;117.305244242;;117.305244242;113.435235932;113;113.435235932;71.333006315;;35.666503158;66.158576982;;33.079288491;71.333006315;35;35.666503158;;;;106.287698134;;35.429232711;113.270394362;;37.756798121;106.287698134;35;35.429232711;184.768242247;;61.589414082;183.463821224;;61.154607075;184.768242247;61;61.589414082;Polygon;15154.5;1;9.326383577;3.086862132;1.045338118;3.103246206;0;0;0;0.330981683;0.230012989;0;15154.5;15154.5;291.055940382;;296.734215586;;291.055940382;48;0.313710150;0.277854799;0.313710150;0.269945611;0.272035020;0.269945611;0.463995141;0.500285372;0.463995141;0.202770319;0.196080739;0.202770319;0.106221542;0.119705354;0.106221542;14258;13379.047619048;14258
La Possession;LA REUNION;CA Territoire de la Côte Ouest (Tco);LA REUNION;0;21.285418712;20.241946242;21.285418712;Non;974080602;97408;2A;249740101;-20.9578928162, 55.3824708662;"{""type"": ""Polygon"", ""coordinates"": [[[55.390926291041836, -20.932123256233105], [55.39097880041447, -20.932158076905516], [55.39113569530125, -20.93223182049457], [55.39214091534187, -20.934853172037904], [55.39187363231, -20.935788764565032], [55.39176884607448, -20.936282336357536], [55.39171028724174, -20.936948874954727], [55.39170995288037, -20.93716024509863], [55.39171717477407, -20.937384332727902], [55.39190686421867, -20.938439373865556], [55.39202359221202, -20.938673526611467], [55.39236533754113, -20.939356032235363], [55.39248357794306, -20.9395387106056], [55.392580158892514, -20.939678729515833], [55.39297072799273, -20.940111478700672], [55.393331757381276, -20.940429229181696], [55.39474134074904, -20.941423487827524], [55.39571430223261, -20.94269771971464], [55.395951984051365, -20.94304185595864], [55.39827774570965, -20.945558365121013], [55.39995735584921, -20.94769762721683], [55.40245916819641, -20.949478264425277], [55.40340289317723, -20.950580302772458], [55.40382516632934, -20.951565247417822], [55.404475810942756, -20.952687824268036], [55.40547872028397, -20.95441710295478], [55.40611097600748, -20.955371487371423], [55.40707196988344, -20.956794144973863], [55.40706829732819, -20.95714098086015], [55.40686309316878, -20.95835672222559], [55.406359770229294, -20.9601170806262], [55.405925369888664, -20.961271058812233], [55.40534146899986, -20.962737987574886], [55.405376561384536, -20.964416659548142], [55.40606722923417, -20.967394095246128], [55.40492105242253, -20.970096450974797], [55.403827251574356, -20.972481323162775], [55.40481853503985, -20.97531614566771], [55.40491603351542, -20.975463393968187], [55.405051215944624, -20.975775396576864], [55.405071739991726, -20.975835206866467], [55.405072858154675, -20.975911094980088], [55.40504755115293, -20.976030094361597], [55.405041627768824, -20.976044491792326], [55.40476013014563, -20.97610689419102], [55.40184053073015, -20.976619707304465], [55.401704444118884, -20.97657416873689], [55.401579022432784, -20.97652060039057], [55.4014622750866, -20.976465306740156], [55.401402834092565, -20.976447586215972], [55.39987968388451, -20.974704363968883], [55.39901122258287, -20.97425268344366], [55.39778234262127, -20.97432062235726], [55.395397469772426, -20.974295468734784], [55.39505129391085, -20.9742904015423], [55.393465833813295, -20.974336883812295], [55.393191939493406, -20.974362754980618], [55.39280338629945, -20.974408320081768], [55.391899781286384, -20.974816667306097], [55.391527912906376, -20.975010528239533], [55.39111775579925, -20.975277194096527], [55.38956543690565, -20.97662786614952], [55.38879528830075, -20.978670171371352], [55.386843872561904, -20.978309352912333], [55.38506183989513, -20.978118131914094], [55.38402724542032, -20.978182391302852], [55.38289916872069, -20.97830898781906], [55.38173710523661, -20.978197686690397], [55.379779694610995, -20.977614972178532], [55.37741203192387, -20.976415894283694], [55.37612012606238, -20.975614104498597], [55.37463170696377, -20.975071483322413], [55.37382659245428, -20.975083673041574], [55.37356108963801, -20.975089268310388], [55.37020215878254, -20.974781664926834], [55.369284708538686, -20.974599453769123], [55.36773180970697, -20.974349049741555], [55.36637243661104, -20.974167782806344], [55.3663349523393, -20.974165616807966], [55.36629941098134, -20.974161662846257], [55.366259238152026, -20.9741414052003], [55.36616072940442, -20.97409077949009], [55.36607977567247, -20.974017739765774], [55.365361608590504, -20.9731987912918], [55.3652762208437, -20.97309138357905], [55.36350841052213, -20.970013157287404], [55.36327619208139, -20.969347459041767], [55.36310187673325, -20.968310160416312], [55.36341195401487, -20.96690309932818], [55.363542337059165, -20.966454511736615], [55.36333267111463, -20.966014401604184], [55.362888553772144, -20.96529111549722], [55.36272117163091, -20.96503071441145], [55.36260100341346, -20.96485025648992], [55.362444772620165, -20.96462564234661], [55.361672028086424, -20.96370227816378], [55.36060130642465, -20.963296341299937], [55.358958587808296, -20.962697007447282], [55.35771637436689, -20.96205725636442], [55.35519469537992, -20.959702453915494], [55.354249239648475, -20.9587064847928], [55.35364884803418, -20.95746272899726], [55.353086574310545, -20.956031907039755], [55.35308292599569, -20.956013806001437], [55.35307384476185, -20.95596494062796], [55.353073219422114, -20.955934222731724], [55.35308254540974, -20.955872889104157], [55.35309633290577, -20.955843213716857], [55.3531326406095, -20.955776720969002], [55.35315418941014, -20.95574079751334], [55.353131577497216, -20.954643985082807], [55.3523643331962, -20.953754961921867], [55.35135007891618, -20.953206797735245], [55.350095929846184, -20.952657210185404], [55.34847536402974, -20.952113098394715], [55.34724563745544, -20.95008594762628], [55.34722346472703, -20.950003533487553], [55.34727644504036, -20.949995014060043], [55.35027477499297, -20.95024625467638], [55.35239533185285, -20.950309210011635], [55.355397477726, -20.95030115357806], [55.35762354637517, -20.950344737424025], [55.359533408977654, -20.950109746536256], [55.361383636524295, -20.949655112276567], [55.36162277177618, -20.949594179283782], [55.36182232891134, -20.949547318464475], [55.36213231839386, -20.949514164138762], [55.3625842430671, -20.949515793931802], [55.36274668393476, -20.94952186997063], [55.36287330445149, -20.949550184342247], [55.36396325622795, -20.949948157200122], [55.364179667720094, -20.95003152966262], [55.3669441612571, -20.95110042723857], [55.36889570539584, -20.95283084988669], [55.368972559171375, -20.952926431048443], [55.36929128596643, -20.95324111640088], [55.36984980909938, -20.9537893376052], [55.370001309536626, -20.953918150632312], [55.37114587290855, -20.95451713396873], [55.373371213041736, -20.955302567119226], [55.37363486010247, -20.955376442608745], [55.37496260220382, -20.955667317888285], [55.37536233800987, -20.955160764236485], [55.37430372790829, -20.953368468665165], [55.37403291864269, -20.953067798476656], [55.3733163286942, -20.952640930840605], [55.37245054983534, -20.95213856620204], [55.37163940636753, -20.951652978518073], [55.37024609060786, -20.950761664222764], [55.369766934926076, -20.9504328010616], [55.36919512927401, -20.94986909705572], [55.369195325027086, -20.94985103300935], [55.36938425809426, -20.94954210578577], [55.37043867784409, -20.948605529659513], [55.370959054731564, -20.9481462065383], [55.37114187231283, -20.94694809601978], [55.37082398501924, -20.94552264585897], [55.370260059897674, -20.945075998150024], [55.369782619889754, -20.944634691807785], [55.3695751044186, -20.94435178316683], [55.3695174608987, -20.944169669567767], [55.36927197121812, -20.94295419556812], [55.370247289241966, -20.940704370561637], [55.37095774521089, -20.939115029499362], [55.371083806200026, -20.938838920760393], [55.372651655136146, -20.939141131395765], [55.374026841377415, -20.94001147326108], [55.37462210360054, -20.940360398968892], [55.37484352047257, -20.940424835944864], [55.37537249695154, -20.940501234786648], [55.37840250652823, -20.940300624364077], [55.378402798354486, -20.940273528139905], [55.379264076713916, -20.93784009168526], [55.38107564317377, -20.935909773122827], [55.388142852518584, -20.931760057017968], [55.389279481685605, -20.93169965331179], [55.39050114948786, -20.931869031761394], [55.39055726292832, -20.931926469164473], [55.39062890325322, -20.931970503403708], [55.39063750742909, -20.931975101068062], [55.39085276638346, -20.93207559112368], [55.3909253393084, -20.932122343954617], [55.390926291041836, -20.932123256233105]]]}";9740806;97408;974;4;974080602;La Montagne-Secteur Possession;La Possession;LA REUNION;La Montagne-Secteur Possession;LA REUNION;;4;;;;;;Iris divers;5110;0;0;;0;;0;0;0;0;127.712512274;;127.712512274;121.451677449;;121.451677449;127.712512274;127;127.712512274;0;0;0;0;0;0;0;0;0;0;0;0;0;0;0;0;0;0;0;127.712512274;121.451677449;127.712512274;0;;0;0;;0;0;0;0;0;;0;0;;0;0;0;0;;;;127.712512274;;42.570837425;121.451677449;;40.483892483;127.712512274;42;42.570837425;0;;0;0;;0;0;0;0;Polygon;18209.25;1;0;0;0;0;0;0;0;0;0;0;18209.25;18209.25;127.712512274;;121.451677449;;127.712512274;21;0.313710150;0.313932729;0.313710150;0.269945611;0.240272824;0.269945611;0.463995141;0.460370138;0.463995141;0.202770319;0.195646357;0.202770319;0.106221542;0.101232243;0.106221542;14258;14993;14258
La Possession;LA REUNION;CA Territoire de la Côte Ouest (Tco);LA REUNION;95.499967006;137.267472330;142.540826722;137.267472330;Non;974080304;97408;2A;249740101;-21.027600682, 55.4266658296;"{""type"": ""Polygon"", ""coordinates"": [[[55.401739339053236, -21.04967770782313], [55.40169957525045, -21.049616812823018], [55.401694238459044, -21.04948578454984], [55.40182640568336, -21.04783128433177], [55.40271884306465, -21.046525830681556], [55.402856465486586, -21.045440908916873], [55.40297575486641, -21.042962025702533], [55.402961200187285, -21.04067247971885], [55.4028434140905, -21.040529554954844], [55.40277151912462, -21.040414160382515], [55.402654248725455, -21.040222913896407], [55.40257585549015, -21.040085327369077], [55.40229490775659, -21.039543417353315], [55.402226535736595, -21.039368438027388], [55.40217452872901, -21.039192709239725], [55.40216669039729, -21.039025525385522], [55.402171954946, -21.03889279004771], [55.402180191033246, -21.03884228278045], [55.40219042832736, -21.03878456794069], [55.40224423943554, -21.03861073727233], [55.40231440555483, -21.038437060323425], [55.40238115549296, -21.03831303262855], [55.40275648401859, -21.03767341182698], [55.40318414548089, -21.0369981496994], [55.402740258052795, -21.036002239226267], [55.402168296887396, -21.034995926446406], [55.400624545716, -21.03229138592585], [55.39918108137517, -21.029840701395198], [55.399025441100626, -21.02972993677434], [55.398522341801005, -21.029362072722662], [55.398416398707816, -21.029282487836227], [55.39762822585299, -21.02858223198968], [55.397558733630575, -21.028512926419662], [55.397511348185326, -21.02844563578115], [55.397470725759156, -21.028375698982465], [55.3974474000593, -21.028307731802066], [55.39741636660026, -21.02806083902871], [55.39742088096854, -21.02799855403867], [55.39746674192727, -21.027938465350246], [55.39751423713497, -21.027905490981777], [55.39759850067153, -21.027852990573233], [55.39880520223994, -21.02740322505897], [55.399657395197764, -21.027089757662356], [55.40077563871272, -21.02665261058901], [55.40092153535999, -21.02659436499716], [55.40104818245351, -21.026536841557178], [55.4010791203109, -21.02652267969898], [55.401187422036365, -21.026471306730816], [55.401319081183566, -21.02639486092233], [55.40142174566167, -21.026330788604596], [55.40150827777694, -21.026245788680438], [55.40160259238468, -21.026152732170498], [55.40168244816391, -21.02606224958981], [55.40174011072282, -21.025977881459347], [55.402783076901926, -21.02416572592577], [55.40402811830436, -21.02103664007018], [55.403835641967284, -21.01941611912635], [55.40325755615482, -21.017283420178757], [55.40168837373927, -21.014947200869905], [55.401174422579146, -21.01181062882226], [55.401240536469736, -21.011474319014308], [55.40125837251753, -21.01115471821155], [55.40120096924183, -21.010854282993172], [55.40089892542381, -21.009949950439577], [55.40069514473279, -21.009574068651215], [55.40020433391102, -21.00896153333035], [55.400009777307055, -21.008803432978695], [55.39973757896695, -21.008619309821295], [55.399407620704004, -21.008439159439547], [55.39917786963856, -21.008334021854626], [55.398813948404424, -21.008181553162256], [55.398595277904505, -21.008119877501304], [55.39586836859804, -21.005935306455733], [55.394489629224616, -21.005164299817363], [55.39311421211673, -21.004595925725503], [55.39296360310252, -21.004646894870476], [55.39277571414417, -21.004675832632174], [55.392511128957864, -21.004680559975398], [55.39228341328005, -21.004655826382542], [55.39082034299796, -21.00447217811942], [55.39057854914554, -21.004414790435852], [55.39038313712004, -21.004337968569327], [55.39024844735182, -21.004249978005962], [55.39022266169085, -21.004232571440735], [55.390116837062266, -21.004143950522856], [55.39000746558871, -21.004027293765475], [55.389517368832365, -21.003443642882882], [55.389387312906244, -21.003282528457692], [55.38920884350774, -21.003061338101293], [55.389071209906504, -21.00288931217504], [55.38879958546213, -21.002474837324733], [55.388697482348654, -21.002308567283144], [55.388291618910216, -21.001451108420603], [55.38762243264507, -21.0003924290988], [55.38741571628856, -21.000114965117326], [55.38676184199418, -20.999467428109636], [55.38641329540145, -20.99914074402142], [55.38617395967525, -20.99894516949825], [55.38612913348489, -20.998909515916964], [55.385744254913114, -20.998652039956117], [55.385382247228556, -20.998414652658873], [55.3850799791167, -20.998257321514487], [55.38482736572243, -20.99813388299828], [55.38455814944805, -20.9980337722692], [55.38430582792918, -20.997972663233337], [55.38407043011474, -20.99794784634086], [55.38385268424287, -20.997981007673772], [55.383466709802974, -20.998093867838424], [55.383186853930006, -20.99817792631449], [55.38301873206458, -20.998247689721964], [55.38273265726792, -20.99837323994641], [55.38221933893699, -20.998743681381693], [55.381528434670365, -20.99907991401049], [55.380715869353914, -20.999235682241462], [55.37918508269747, -20.99924037370512], [55.37707117550242, -20.998972436971407], [55.377030877452405, -20.99896301980367], [55.37670179971568, -20.99888400512066], [55.37642109573397, -20.998779255718315], [55.3761560838689, -20.998646653475976], [55.37592494067383, -20.998495404832262], [55.375599772386565, -20.99823305685325], [55.375460650046826, -20.99811159114613], [55.374031196179125, -20.99669783880082], [55.37391174270831, -20.996536814933602], [55.37365647351459, -20.996126991251824], [55.373321431189616, -20.99553393984404], [55.37318182829728, -20.995279683841627], [55.373046295475774, -20.994916168210064], [55.372883043007505, -20.99435908290079], [55.37280822526566, -20.993807359191724], [55.37277929374398, -20.993459314919452], [55.3728264122193, -20.992839203024896], [55.37370662014546, -20.992563075760053], [55.37537017877006, -20.99189426119427], [55.375727801326384, -20.991822699840416], [55.37598133906693, -20.991770017422066], [55.37718743580787, -20.99128696354824], [55.378656896357235, -20.99064200897731], [55.38148144524673, -20.989162183523057], [55.384535317987584, -20.989338420815166], [55.38610043842703, -20.989588119600473], [55.38681133683108, -20.989758352986883], [55.39028959060523, -20.99000738458871], [55.39116799377233, -20.989356955338575], [55.392811606528944, -20.988205413003545], [55.393332636918466, -20.98787249546763], [55.39369104572004, -20.987725928794628], [55.3940773209447, -20.98767176077575], [55.39444280272212, -20.987628235425632], [55.39554378066809, -20.98738839787258], [55.39632428663952, -20.987120242939792], [55.39698149951839, -20.986891120654395], [55.397662774058006, -20.986615250419145], [55.39959226384857, -20.98489453676961], [55.39989640038995, -20.984604724409017], [55.400587858172585, -20.983619392663115], [55.40076310980961, -20.982877619813785], [55.401638263986214, -20.979450570984294], [55.40153546099146, -20.976727951611537], [55.4014622750866, -20.976465306740156], [55.401579022432784, -20.97652060039057], [55.401704444118884, -20.97657416873689], [55.40184053073015, -20.976619707304465], [55.40476013014563, -20.97610689419102], [55.405041627768824, -20.976044491792326], [55.40502187675575, -20.97609308536956], [55.40465584260219, -20.977505137226245], [55.40447333591037, -20.978661013237847], [55.40444766986144, -20.979538333443983], [55.4039824087943, -20.98087357549719], [55.403447628846806, -20.9823237869456], [55.40445001359956, -20.983492526022864], [55.40703198928794, -20.983711401820734], [55.40882622673269, -20.983396208909358], [55.410699379418524, -20.982985079254618], [55.4133519729476, -20.982628614636937], [55.41477018305149, -20.98276331487741], [55.41715733310955, -20.98299779323428], [55.41996247606971, -20.98345381423088], [55.42246894335676, -20.98510526461441], [55.42507757749689, -20.987567443699643], [55.425737922107174, -20.98806856386586], [55.4266519424347, -20.988502470732683], [55.42727411587983, -20.988791857860257], [55.427961682284916, -20.98908274985892], [55.42858637039907, -20.989316150326484], [55.428653608892944, -20.9893249006177], [55.432300918178974, -20.99006761928694], [55.43324382499117, -20.990501758266124], [55.43326412591467, -20.990492008618038], [55.43341571814003, -20.990436494665587], [55.43548893328744, -20.98984491623359], [55.43606631372753, -20.989727369498812], [55.43654657869832, -20.989791398566975], [55.43673862277481, -20.989822971126188], [55.436911810415594, -20.989910375865286], [55.43843960403665, -20.990801512200747], [55.43942108409829, -20.991876422144163], [55.43999832941957, -20.992513129181535], [55.44170256774494, -20.99438775885664], [55.44400653483597, -20.99631482846335], [55.444081675879396, -20.996396813688], [55.44414921606682, -20.99646969625609], [55.445597795488666, -20.99740214854124], [55.44751567920865, -20.998258285309767], [55.44953768302928, -20.999301754018386], [55.451089379749405, -21.00066656697525], [55.4514172454331, -21.000961321945624], [55.451811567368466, -21.001388113607373], [55.45254046959752, -21.00220547025096], [55.452608866654195, -21.002289197377607], [55.45291788257335, -21.00282677095241], [55.453903064905425, -21.004400270972326], [55.45484448880326, -21.00522722771822], [55.4556925821553, -21.006430919994855], [55.45570014710737, -21.006443635108713], [55.455752177101594, -21.00652901923182], [55.45600257898133, -21.00687500416897], [55.45711381465656, -21.008637973753938], [55.45808150394813, -21.010797999985698], [55.45888335474564, -21.012575318838174], [55.45940085979436, -21.013283691523487], [55.46102369930136, -21.014980360805232], [55.461058929790966, -21.01501590898406], [55.46109154322656, -21.01502523721483], [55.46109195837626, -21.015078536823342], [55.460720557670655, -21.016771158650897], [55.460202331764584, -21.019457455542184], [55.46013335498542, -21.019991144130007], [55.46105174918026, -21.02302738145721], [55.46149057535102, -21.024375490390987], [55.46186747561008, -21.02543036299192], [55.462063859310916, -21.02621621995877], [55.461950300558385, -21.02640669640031], [55.4618888870771, -21.026484729612285], [55.46177431222479, -21.026586671492375], [55.461399016208546, -21.02687504788493], [55.460465663553535, -21.027587899256574], [55.457856012083546, -21.02870197840877], [55.4552205445157, -21.02993682509617], [55.45451967731069, -21.03124173768859], [55.45407538406303, -21.032756955974662], [55.45407054876727, -21.03537042940535], [55.45428591045746, -21.037531085614784], [55.45426148937774, -21.0398045075004], [55.454122877285144, -21.042793218548056], [55.45400052553605, -21.043087489317426], [55.45398473998072, -21.04312528491133], [55.45397191537624, -21.043155880926108], [55.45398511003761, -21.045372960363736], [55.4542745923426, -21.047804172287062], [55.454350405902694, -21.050020899450256], [55.45410745447849, -21.05225551956794], [55.45377868386902, -21.054366506588504], [55.45412616065185, -21.056640147471754], [55.453601360812726, -21.058466385388563], [55.45276811484136, -21.060572547402177], [55.45274345190505, -21.06063103799556], [55.45271899443428, -21.06066965758348], [55.4526809349063, -21.060720799600883], [55.452641025609125, -21.06076469825393], [55.452610860067814, -21.060796942624005], [55.45257583663338, -21.060833659282], [55.45253794515947, -21.060868543171374], [55.45250493023579, -21.060897148304996], [55.4524671134647, -21.06092480635905], [55.45178818319331, -21.061338240191372], [55.45133467943959, -21.061554027318188], [55.44841581037515, -21.063189925531308], [55.44605567806654, -21.064671901986273], [55.444945214429985, -21.065404255469822], [55.44373087944595, -21.066314504121625], [55.44373475104869, -21.066404870507586], [55.44377417767204, -21.066685257688135], [55.44410107743112, -21.06717694406497], [55.444152335467344, -21.067245161997427], [55.44439042356604, -21.067485817364027], [55.4458996123059, -21.06894854789033], [55.44674201039903, -21.06956644337696], [55.447471604765155, -21.070089491087128], [55.44828236277788, -21.070627015255102], [55.44900786070859, -21.070919091699164], [55.4493317625826, -21.071119745755833], [55.44967686033324, -21.07146267276991], [55.450309001636384, -21.07231304048805], [55.45058861475023, -21.072727502709387], [55.45181357774727, -21.074766580621173], [55.45347948297589, -21.077490831096675], [55.45361223952011, -21.077682639482912], [55.45381784501152, -21.077903114176745], [55.45491591775981, -21.078933857184698], [55.45522802985333, -21.07909297157031], [55.4564903829276, -21.079455395057696], [55.45728918170194, -21.07969164861705], [55.457417653015085, -21.079739788769984], [55.45752241498225, -21.07994037304539], [55.45847562858515, -21.08176920927594], [55.45855328264444, -21.081798820740506], [55.458785291960275, -21.08188674296246], [55.46086179956087, -21.082401510540777], [55.46347178729796, -21.08345313714148], [55.46357557560896, -21.083749460575184], [55.4638436693808, -21.08444743961492], [55.46396485635984, -21.084736693878607], [55.46405620332209, -21.084932636623524], [55.464134828896086, -21.085055295761293], [55.46433179861594, -21.085275680688977], [55.464519451194796, -21.085466171734517], [55.46466817481989, -21.08560482141225], [55.464785965377374, -21.085662796130254], [55.46393910597674, -21.085743655316996], [55.46298648958825, -21.08590665692037], [55.460788091192576, -21.08619385159371], [55.460136543412446, -21.086374924487995], [55.45878514269438, -21.086940772110754], [55.45806038615812, -21.08694050928703], [55.45646763131478, -21.086737232730588], [55.456053740836296, -21.08664584522272], [55.455863959866804, -21.08656914310843], [55.455683540832986, -21.086424777705613], [55.45550441983587, -21.086154863748884], [55.455229339863514, -21.085856976564987], [55.454965221373065, -21.085616097381095], [55.45465930982359, -21.085414582807804], [55.45383338053719, -21.085053863188115], [55.45211656703659, -21.084471832886027], [55.45170102339362, -21.084355127439537], [55.450633522550234, -21.084080156609666], [55.44940295876227, -21.08376686182337], [55.44927030953132, -21.083750293200183], [55.44913947262076, -21.083744580748547], [55.44889484046128, -21.083760410611067], [55.44867127751289, -21.08378636916444], [55.448461709487866, -21.08385491091219], [55.44707591086644, -21.08457937044063], [55.44630763012165, -21.085018531980772], [55.44323182963272, -21.086053979907646], [55.441606824104724, -21.087654623565218], [55.44213007008284, -21.08842678833972], [55.44235309941354, -21.089375953113173], [55.44237699216203, -21.089484569265835], [55.442361265828566, -21.089608177809954], [55.44233799080749, -21.08971726413029], [55.44231209218242, -21.089801033777533], [55.442283362779406, -21.08987935758519], [55.442184964317875, -21.09008531102958], [55.44212544680246, -21.090162448731625], [55.442066098766716, -21.090223328456023], [55.44023866169954, -21.091478387984218], [55.43854768312462, -21.09238329682101], [55.43752731593487, -21.092484103043255], [55.43528783144395, -21.092362738882386], [55.43160771723364, -21.092125053116074], [55.43155195339549, -21.092119117633157], [55.431778901174546, -21.09186377494077], [55.432933213038474, -21.0900046064958], [55.43351443408377, -21.088823937787083], [55.43369657860167, -21.087424595859382], [55.43382753511879, -21.086500821903776], [55.43388207289877, -21.086164393060116], [55.434146127670026, -21.085397667177535], [55.434603435119065, -21.084098871078304], [55.4351200214305, -21.081917639610996], [55.43513708307122, -21.080196098086418], [55.434603483063896, -21.078948228994875], [55.43467658099566, -21.078677008539827], [55.43478751250744, -21.078377231238466], [55.435642203580244, -21.076795313283426], [55.435044358485754, -21.07388385000079], [55.433578108631394, -21.07154386195036], [55.43284309056817, -21.069867318049535], [55.43174816950683, -21.06819015710269], [55.43042990436764, -21.06652266837771], [55.42938202588113, -21.065227575315237], [55.428085044830745, -21.06382900050904], [55.42637149241827, -21.062879111992245], [55.42452700917713, -21.062759031410867], [55.42297559966554, -21.06236117764601], [55.42185703516259, -21.0618919077461], [55.42059064278209, -21.06188920480406], [55.419377922276425, -21.06199937612852], [55.41640779607082, -21.062764800513385], [55.41587985304594, -21.06282039705525], [55.41583014222756, -21.06278922106325], [55.41508003496625, -21.062287212662675], [55.41473481835848, -21.06180885425735], [55.413800682832225, -21.060602806867177], [55.41262279785327, -21.05942518892614], [55.412516903160615, -21.05933838559308], [55.41238880118845, -21.059258600987764], [55.41198712850981, -21.059023600732875], [55.40892257440251, -21.057450275959805], [55.408033618239955, -21.057069786546037], [55.40784009187805, -21.056989385448233], [55.40736801161218, -21.056861207334563], [55.406308031437995, -21.055643554903543], [55.40546070817517, -21.05451822291262], [55.40457594615807, -21.052392585148226], [55.40398149579608, -21.051378920845227], [55.403891574463785, -21.051238968153008], [55.40373414968138, -21.051022504128774], [55.4036483460508, -21.050947627438962], [55.403015187007604, -21.050496802404446], [55.40240138949985, -21.050080482566838], [55.402231769889895, -21.050015204891466], [55.402039742569926, -21.049930747043064], [55.40190801799854, -21.049831048572802], [55.401770568977135, -21.049726779669218], [55.401739339053236, -21.04967770782313]]]}";9740803;97408;974;4;974080304;Mafate-Gd Place-Aurere-Ilets à B.et M.;La Possession;LA REUNION;Mafate-Gd Place-Aurere-Ilets à B.et M.;LA REUNION;;4;;;;;;Iris divers;5110;152.149541690;76.074770845;;170.939435781;;85.469717890;152.149541690;76;76.074770845;127.712512274;;127.712512274;121.451677449;;121.451677449;127.712512274;127;127.712512274;25.177137484;0;42.725326939;17.548189454;0;0;0;152.149541690;170.939435781;152.149541690;157.470173815;158.710110285;157.470173815;90.620135906;93.919836220;90.620135906;295.652470293;310.223900598;295.652470293;127.712512274;121.451677449;127.712512274;90.620135906;;90.620135906;93.919836220;;93.919836220;90.620135906;90;90.620135906;453.122644108;;226.561322054;468.934010883;;234.467005441;453.122644108;226;226.561322054;;;;279.862053964;;93.287351321;292.391113230;;97.463704410;279.862053964;93;93.287351321;543.742780013;;181.247593338;562.853847102;;187.617949034;543.742780013;181;181.247593338;Polygon;18209.25;1;75.397276608;55.089318303;0;17.548189454;29.991441162;0;0.410721011;0.730653954;0.183750738;0.314046613;18209.25;18209.25;823.604833977;;855.244960333;;823.604833977;137;0.313710150;0.313932729;0.313710150;0.269945611;0.240272824;0.269945611;0.463995141;0.460370138;0.463995141;0.202770319;0.195646357;0.202770319;0.106221542;0.101232243;0.106221542;14258;14993;14258
Le Tampon;LA REUNION;CA du Sud;LA REUNION;68.055803680;87.193376592;86.536686873;87.193376592;Non;974221204;97422;2A;249740085;-21.1713495119, 55.5572863817;"{""type"": ""Polygon"", ""coordinates"": [[[55.60571371338121, -21.180623028248036], [55.605707807894106, -21.180636529737804], [55.60478834650541, -21.18326852099847], [55.604876460470734, -21.183834742957053], [55.60493660368781, -21.184097209732688], [55.60496497377395, -21.184204490399356], [55.60538085826462, -21.185586880287932], [55.60575589359854, -21.1869608021927], [55.60570343654101, -21.188420176399926], [55.605645406788945, -21.188933249686393], [55.60536741895343, -21.19002219725135], [55.60356611290432, -21.192568627166313], [55.60255424953004, -21.193859373529982], [55.60154637134295, -21.195037602548297], [55.601444703328156, -21.195093671642788], [55.60138014569293, -21.19509584725496], [55.59804032088423, -21.193695084520208], [55.596674097997926, -21.19416991436235], [55.59535088156251, -21.19480102145732], [55.592179091125615, -21.196030717500147], [55.591439016422484, -21.195910276091467], [55.59080863091779, -21.196107367418186], [55.58906622367136, -21.196705289201358], [55.58906139065877, -21.196707055517376], [55.58878947202449, -21.19693965271516], [55.58843896448848, -21.197434464719166], [55.58816324096811, -21.19806720853835], [55.58818520526522, -21.198087265581574], [55.58757947510554, -21.198577232249857], [55.58617447970726, -21.199648582596513], [55.585963360931196, -21.199766959519796], [55.58427772857882, -21.20056674840831], [55.58219670823445, -21.197777852800083], [55.580483183144565, -21.19706156943287], [55.57842024364165, -21.19672444115404], [55.57712082401464, -21.197328222381767], [55.5759425800117, -21.197800450000425], [55.574387185618455, -21.19792441228844], [55.572735656409286, -21.198479568025796], [55.57132383555458, -21.199148522192253], [55.57016161740205, -21.199904038664908], [55.569919610651866, -21.2001278235389], [55.56942254527007, -21.200530114876734], [55.56890718270169, -21.200799576446652], [55.56723570816675, -21.201244931346576], [55.565647166216856, -21.201512992237397], [55.56444011149008, -21.201670305758466], [55.56134037892773, -21.200717565296586], [55.55881832943882, -21.200343314680367], [55.55717156129957, -21.200251569825674], [55.55705214440734, -21.200248743083694], [55.5569490314037, -21.200253282188637], [55.55683126885399, -21.200278472667847], [55.556351110762165, -21.20042432241531], [55.55621570345947, -21.20048097820553], [55.55615268399056, -21.200522896051528], [55.556096345305924, -21.200571194292984], [55.55539687189759, -21.20118038124383], [55.554988861183055, -21.201583389589846], [55.55473363008813, -21.201926277785695], [55.55468012724935, -21.20198001974226], [55.5546462661416, -21.201995086588106], [55.55458531261534, -21.202022568194206], [55.55269619038041, -21.203026249488367], [55.55074220010696, -21.203322360679156], [55.54763723098023, -21.20153117493116], [55.54544786149455, -21.199254920628647], [55.54271868459193, -21.197546802084453], [55.54188184751201, -21.197887253503975], [55.54160774061957, -21.197746678392765], [55.54159723454738, -21.197737554429732], [55.540473695685165, -21.19669986603223], [55.53989837467186, -21.19594332745315], [55.53938024405518, -21.195248707741413], [55.53931465751181, -21.195159614772678], [55.54052580970453, -21.194875597626872], [55.541795020848575, -21.194564069549756], [55.542917526145914, -21.194233199950208], [55.542518013398535, -21.193768605623248], [55.541079027708605, -21.19184971548153], [55.54044231441725, -21.190774678107623], [55.53995745789049, -21.190027955000353], [55.53945154673304, -21.18956198320349], [55.538839097295316, -21.189450096047658], [55.53867642167658, -21.189439656077308], [55.538513390826154, -21.18946534592263], [55.53580996538267, -21.19041934087675], [55.5343641173241, -21.191161985737416], [55.532461934253774, -21.191978340465933], [55.532275392593476, -21.19204356614048], [55.531250631231465, -21.19252245613885], [55.530706257285225, -21.193269739868498], [55.53062434189539, -21.19449167555357], [55.53053836850609, -21.19588023877614], [55.53020312970793, -21.19822076777171], [55.52904491159624, -21.200985466359732], [55.52838079013403, -21.201904683021777], [55.52607345190349, -21.203296454441908], [55.52460027211123, -21.204445713316893], [55.523934824774905, -21.205203204111946], [55.5213199139735, -21.207339713316486], [55.52098304363231, -21.207601435634416], [55.52096359943727, -21.207619331708894], [55.520684656448, -21.208061321182832], [55.52055950248155, -21.20844052193965], [55.52020362495352, -21.20973908570801], [55.5199904799659, -21.210730867867095], [55.51986588916548, -21.21095650861867], [55.5193360884331, -21.211533600246582], [55.51905709832327, -21.211785889038918], [55.51884477915861, -21.211921330888178], [55.518305632490055, -21.21208281070316], [55.518257551580014, -21.212074258879383], [55.51790890188143, -21.212163337074326], [55.51751911728645, -21.21241645712076], [55.516045046009744, -21.21315732525477], [55.51418420876701, -21.213943555302784], [55.514013754280974, -21.2140341932996], [55.51389090546988, -21.21389219460051], [55.51200909044884, -21.212012078570854], [55.51116191234004, -21.211669479946043], [55.511028049836625, -21.211665589523015], [55.51060637946546, -21.21163928741237], [55.51035252706419, -21.21149703398882], [55.51019145367588, -21.211324886174214], [55.51011336599016, -21.211234768906653], [55.50986402724781, -21.210930861192487], [55.509585192143206, -21.21059056017413], [55.50854028957593, -21.20931488580442], [55.50781438373427, -21.207019923957247], [55.509203554157565, -21.204850234758972], [55.50925131472885, -21.204890402249408], [55.50930490886795, -21.204925201325583], [55.50942082940279, -21.20498855329324], [55.509540620936086, -21.205050132717965], [55.50983204450151, -21.205190911769144], [55.510214579685794, -21.20527558521686], [55.5109226232959, -21.20517614184422], [55.51213484233888, -21.204846275778063], [55.512194732127504, -21.204829640387967], [55.51417615997262, -21.20300341404168], [55.515023953593804, -21.2021242639774], [55.51545513961201, -21.20138868874276], [55.515609462408804, -21.201079303664287], [55.515622717335894, -21.20090959636029], [55.515629362835185, -21.200822936228533], [55.51551037783394, -21.200584317895178], [55.51535749289501, -21.20036437120846], [55.51507250240139, -21.197267549921364], [55.51552392477635, -21.195854662409655], [55.51562530045484, -21.195348791448172], [55.51572363947783, -21.194182567703198], [55.51578047023189, -21.193507384505804], [55.51574711953264, -21.193181896743685], [55.51560419943588, -21.192061429079686], [55.515312534790716, -21.19078970341941], [55.515211147049015, -21.189754512302066], [55.5153907127649, -21.187109364704575], [55.51545354258872, -21.186894023313247], [55.515643929939266, -21.186250725541523], [55.51571945023082, -21.186018332382936], [55.51605514663524, -21.18558046032122], [55.5163547298413, -21.18519014640704], [55.51887272281792, -21.18394984131201], [55.52149257136705, -21.183213537533543], [55.52289197220679, -21.182926773351397], [55.52323747224624, -21.182856623256725], [55.525214667246644, -21.18286936985577], [55.52670942524701, -21.183164242312692], [55.52687668397425, -21.183197316464078], [55.52745247302268, -21.183311635951664], [55.52798875081571, -21.183428319386973], [55.5281514292739, -21.18402141301419], [55.528353535840914, -21.184815387647685], [55.528436169456036, -21.184932635884262], [55.528518063635694, -21.185027294559205], [55.52861424306278, -21.18513833738962], [55.529072609456065, -21.185634638677133], [55.52948785860734, -21.18591376598883], [55.530087261208536, -21.18627127666718], [55.53019339778592, -21.186154767658337], [55.530272782352135, -21.186016346153203], [55.53028120409498, -21.185749035494805], [55.53033168291242, -21.183757974930714], [55.53098724348256, -21.18009065192514], [55.53131245552429, -21.178709358147973], [55.53176309635977, -21.17598748862944], [55.53178525841839, -21.175157073330926], [55.531518506060685, -21.173984046860664], [55.53133088221976, -21.173575920758754], [55.530679576361344, -21.172578862645953], [55.52960530061114, -21.17130893399478], [55.52933186251222, -21.171009362119747], [55.529215861306255, -21.170858401242867], [55.52910181307647, -21.170704747307617], [55.52866723184206, -21.170044113105117], [55.52821301340786, -21.169331186656137], [55.528180015389395, -21.169259536794225], [55.52813493665495, -21.169143518858213], [55.52821140677723, -21.167643761408787], [55.52823505056985, -21.16729799361719], [55.528284544045746, -21.166626801982382], [55.52838057093858, -21.165924398763725], [55.52848582710734, -21.16482416079688], [55.528462826840595, -21.163546658306053], [55.52789028777226, -21.16291657518507], [55.527297619432915, -21.161985507701168], [55.52625246979991, -21.15997237830833], [55.525973897294726, -21.159270100009163], [55.52468659461182, -21.15613947150192], [55.52483432775446, -21.153557748146294], [55.524904300393494, -21.150347890862825], [55.52479149479908, -21.148320747440643], [55.52382090510052, -21.146775033155063], [55.52274504927886, -21.145724806453945], [55.52239115571759, -21.14548504615993], [55.52219834336553, -21.145314441006093], [55.52183058442917, -21.144822530752357], [55.52105092032168, -21.143339686811444], [55.52109312753896, -21.14325875626961], [55.52176402240456, -21.142505822609195], [55.521878411463646, -21.142428232102354], [55.52240783538295, -21.14215282292032], [55.522629912991135, -21.14209062499181], [55.523572724183445, -21.141331945354075], [55.52419412364138, -21.140387044771714], [55.52457701992044, -21.138134323177024], [55.52596475274448, -21.13689033353768], [55.526890565156634, -21.13596073636816], [55.52694985680767, -21.13580678310107], [55.52702015548697, -21.135805587984397], [55.529474840370575, -21.13590935211854], [55.53150249306242, -21.13586697646939], [55.53419915463471, -21.136676365998806], [55.5356190028584, -21.137299302807815], [55.539271258573585, -21.136888218010757], [55.54177554231411, -21.136502400878967], [55.54251686037087, -21.13631276031815], [55.5427032208283, -21.136258357699944], [55.54290445968093, -21.13615936793257], [55.54409867351505, -21.13553821034948], [55.54700980599376, -21.134304419096193], [55.549983289120526, -21.136108572985588], [55.552174713816925, -21.137546464734253], [55.55304736773724, -21.138208842748668], [55.55315251912784, -21.13828742819404], [55.55362926670178, -21.138472168643172], [55.55381361201819, -21.1385261368053], [55.55401169933792, -21.138553122061744], [55.55420602325309, -21.138571041594673], [55.5546177867718, -21.1386061739975], [55.55479480709121, -21.138621235134323], [55.555318691468905, -21.138612156038363], [55.55548093780131, -21.138562050190988], [55.556873212839626, -21.138067151071475], [55.558508766252544, -21.137206653081968], [55.55859043420996, -21.137125144638873], [55.55864538216406, -21.137118385695533], [55.55934846859963, -21.137097269153827], [55.5608501512487, -21.13713533282532], [55.56147192908204, -21.13715868325152], [55.56232315258214, -21.137352000676177], [55.56316772619198, -21.137536224104476], [55.56586657390815, -21.137240226058935], [55.56656446010995, -21.137059144344857], [55.56730974653051, -21.13685497390118], [55.567451786716596, -21.136802878623634], [55.5676144704475, -21.136706694196192], [55.568422456451266, -21.136189590003465], [55.568562110499194, -21.136085079828142], [55.568737690432265, -21.135949256281705], [55.568955987460235, -21.135776756591792], [55.57108894254273, -21.134445177438227], [55.57249157022828, -21.133664776549303], [55.572706763868, -21.133513925647396], [55.57269380968055, -21.133660157834516], [55.57270379458388, -21.133723475915478], [55.572723859547885, -21.133840176118106], [55.57290691319462, -21.134129884884633], [55.57472617884445, -21.136195793452302], [55.576691302200295, -21.136806722394116], [55.57810385802879, -21.137003775493525], [55.5795648500616, -21.136867437906563], [55.580488020131305, -21.13729387953229], [55.58147895447111, -21.13879541162999], [55.581591712871955, -21.13898696185243], [55.58175150240814, -21.13929543733859], [55.58176832555172, -21.139450050059235], [55.58177675002217, -21.139576588765784], [55.58178343801059, -21.1397844138688], [55.58174225243233, -21.139963834280927], [55.58156880935003, -21.14068505622374], [55.58123860073943, -21.141791143499283], [55.58037191542783, -21.14291170191318], [55.580303811117155, -21.143086379329883], [55.58024012480044, -21.14330264754032], [55.58017798517621, -21.14355867577624], [55.58000606470659, -21.144522907259702], [55.58000348328875, -21.144692714054397], [55.58000303559138, -21.14473968412464], [55.58003929460717, -21.144875489710937], [55.58013271243739, -21.14507591209411], [55.58024644473017, -21.145266568051493], [55.580445688970386, -21.145476911301557], [55.580683103044386, -21.14572370811628], [55.58266415041761, -21.148522605252314], [55.58470559935833, -21.149228939877], [55.585872131347735, -21.150322861993466], [55.586570413711215, -21.151300309450956], [55.58655850668992, -21.152195318152476], [55.58662734449006, -21.15331727450489], [55.58758207721816, -21.154692909031276], [55.588007088166556, -21.155266466265598], [55.58869930175292, -21.1560969945472], [55.58904101846739, -21.156416918306643], [55.58957193369681, -21.158518910300995], [55.58953822541164, -21.16095856160697], [55.58949979778297, -21.161660139416615], [55.58920042700223, -21.162560986711355], [55.58904126938503, -21.16289299304024], [55.588859847953245, -21.163135382433268], [55.58854963474019, -21.163249325555583], [55.588423145022425, -21.163284403790186], [55.588318020174974, -21.163300690020225], [55.58712417090621, -21.164282593025064], [55.58789564291211, -21.166101141477508], [55.588012986037555, -21.166319826787745], [55.58809342477575, -21.16646954989049], [55.58830447503691, -21.166860652427435], [55.588600114428175, -21.167268720842802], [55.58871464409127, -21.167378077741688], [55.58911698465703, -21.167705734800254], [55.59010370601031, -21.168461028385988], [55.59068954284971, -21.168735107657728], [55.59104755848073, -21.170439086560815], [55.59097524086062, -21.171821050997288], [55.59103641318336, -21.17288705405369], [55.59105298610549, -21.172967589690707], [55.591104617574224, -21.173108941437714], [55.5912240504512, -21.17331138207016], [55.59127926411744, -21.173379592818236], [55.59129545584918, -21.173398697922426], [55.59138818466638, -21.173471737895536], [55.59166707290744, -21.173616789227715], [55.59189996741816, -21.17373706683618], [55.59220865917442, -21.17388778557166], [55.59265975125614, -21.1740532392254], [55.5957686031224, -21.174771951746926], [55.598232880438836, -21.174805498484254], [55.60023555629877, -21.176403396357856], [55.60026167033719, -21.17680108456295], [55.60029937012633, -21.176991099225987], [55.600383842914354, -21.177225765029096], [55.60053591914946, -21.17754319485316], [55.60081243672334, -21.177942052265784], [55.60112894237842, -21.178287942779882], [55.60155997713193, -21.17864291030312], [55.60224006022751, -21.17914356815209], [55.60363244037102, -21.179792837325007], [55.603738801896505, -21.179748548552695], [55.60395763873958, -21.179726868906258], [55.6041726147878, -21.17970606044102], [55.60455129532492, -21.17968840980839], [55.605160586874575, -21.180036709933916], [55.605682761957816, -21.180534244985193], [55.60571371338121, -21.180623028248036]]]}";9742212;97422;974;4;974221204;Zone Forestiere de la Plaine des Cafres;Le Tampon;LA REUNION;Zone Forestiere de la Plaine des Cafres;LA REUNION;;4;;;;;;Iris divers;15415;127.832016188;63.916008094;;131.693168882;;65.846584441;127.832016188;63;63.916008094;96.779854367;;96.779854367;103.137921536;;103.137921536;96.779854367;96;96.779854367;22.692438986;2.521609481;30.234730980;7.542291994;35.421592441;39.992518173;35.421592441;92.410423747;91.700650708;92.410423747;84.282965366;78.169158156;84.282965366;109.633894833;113.374214854;109.633894833;104.631528796;92.845657809;104.631528796;96.779854367;103.137921536;96.779854367;109.633894833;;109.633894833;113.374214854;;113.374214854;109.633894833;109;109.633894833;188.914494162;;94.457247081;171.014815966;;85.507407983;188.914494162;94;94.457247081;;;;224.611870555;;74.870623518;234.831090418;;78.277030139;224.611870555;74;74.870623518;298.548388995;;99.516129665;284.389030819;;94.796343606;298.548388995;99;99.516129665;Polygon;13798.871635611;1;57.970388928;22.670414123;0;15.129145299;7.563805272;0.111121131;0.249457883;0.391068864;0.222304998;0.111141223;13798.871635611;13798.871635611;523.160259550;;519.220121237;;523.160259550;87;0.313710150;0.277854799;0.313710150;0.269945611;0.272035020;0.269945611;0.463995141;0.500285372;0.463995141;0.202770319;0.196080739;0.202770319;0.106221542;0.119705354;0.106221542;14258;13379.047619048;14258
Le Tampon;LA REUNION;CA du Sud;LA REUNION;0;16.129975728;17.189653589;16.129975728;Non;974221205;97422;2A;249740085;-21.1947340707, 55.6250064446;"{""type"": ""Polygon"", ""coordinates"": [[[55.60571371338121, -21.180623028248036], [55.605717472514044, -21.180632996066677], [55.60601025107399, -21.180840470387736], [55.60639339239592, -21.180963774636737], [55.60908286609311, -21.181789931862625], [55.61155781838474, -21.181375741916266], [55.61297744958117, -21.180969146108026], [55.6131268279814, -21.18095953154809], [55.613555120412364, -21.180992855392283], [55.614951396935155, -21.181128060531673], [55.61557460743035, -21.18122621072976], [55.61598671711461, -21.18196355681884], [55.616342726358205, -21.18251977292143], [55.61659639224909, -21.182895835893294], [55.61833059483606, -21.18263449875799], [55.619641374811515, -21.182436534199706], [55.62006480078628, -21.182372240201044], [55.621547718583, -21.18178722490303], [55.62440540338926, -21.180955933775977], [55.624530775308116, -21.180730212626173], [55.624969172021764, -21.179775322623343], [55.625232083610015, -21.179153244508406], [55.625635016686466, -21.17776174452411], [55.62577144673606, -21.177276849852998], [55.62584550571313, -21.176870943112853], [55.62756834726514, -21.173969816130835], [55.629498513971946, -21.171241985229997], [55.63060332222158, -21.169657417865807], [55.63279491523612, -21.168546859068915], [55.633875354580375, -21.168037063816133], [55.63422447487309, -21.167879086152716], [55.634252518036575, -21.1678666656292], [55.634734565037384, -21.1677061468148], [55.63505222968564, -21.167617471861778], [55.635978183023916, -21.167359355439434], [55.63631689987865, -21.16728530152639], [55.636586131471866, -21.16722694721029], [55.637702980967326, -21.16705075861877], [55.638227282484976, -21.167008006304187], [55.63842636658, -21.16799810770121], [55.63860882924521, -21.1694103944955], [55.638916103777476, -21.17014187694384], [55.63924131455837, -21.17080800985503], [55.63957828193112, -21.17134731513411], [55.641311888227456, -21.173980537844837], [55.64315816877282, -21.175988170597154], [55.64368616980607, -21.17638807774895], [55.644461433850886, -21.177239838244343], [55.645300689994166, -21.178257422808695], [55.64568613225607, -21.180035157792375], [55.646350137282845, -21.181949723263457], [55.64718536447146, -21.18378480645803], [55.64827218785601, -21.185017100241613], [55.649627403487834, -21.18650085925778], [55.65032490854767, -21.187757582439993], [55.65141408576361, -21.18982458007349], [55.652112103298386, -21.19153252849447], [55.65368032180197, -21.19428875734134], [55.655412692930916, -21.196927488287997], [55.657180394253764, -21.19923427399318], [55.65867580989715, -21.201217285123796], [55.660496679687846, -21.20332752941978], [55.66067018987477, -21.203528547900774], [55.66064503147565, -21.203540995431943], [55.659327995000545, -21.204148669780082], [55.65840601520411, -21.20453137383665], [55.657911304872194, -21.205016160458346], [55.657516973828486, -21.205585755766432], [55.65695041752753, -21.20655778160977], [55.65546741292302, -21.20931906369013], [55.654296111622074, -21.21180232164302], [55.6541367137676, -21.21227621694484], [55.65406990824209, -21.212100433153765], [55.65386860296573, -21.211564944345795], [55.653722798087756, -21.21117714505325], [55.65352901303281, -21.210662493068945], [55.653285363124056, -21.210016456434403], [55.65328160011167, -21.210006489495225], [55.653246695999506, -21.20992490898153], [55.65222010901942, -21.20755172984994], [55.651396403156696, -21.205648104411765], [55.650456042428864, -21.204075075383432], [55.64964854171582, -21.202724426389196], [55.64901049868481, -21.201702144561807], [55.64792914909095, -21.201125280913306], [55.64675944750921, -21.200625391516034], [55.64599061270441, -21.200428170573318], [55.644247659707716, -21.199834687776217], [55.644011508787614, -21.199745166785377], [55.64394728680518, -21.19971032373268], [55.642867909793985, -21.199026849005033], [55.64117454196724, -21.1974386886631], [55.63945662615711, -21.195905419651467], [55.63924727652978, -21.195730289523766], [55.63908661959999, -21.195602525829255], [55.63895060030526, -21.19551922484596], [55.6388538234568, -21.19546334055801], [55.63871679986696, -21.195384548077875], [55.638530869301405, -21.19528187417058], [55.63831611804961, -21.195170837596656], [55.638139662559894, -21.19508540337842], [55.63796696892596, -21.19500993620818], [55.63718013522656, -21.19467928704638], [55.63712733441652, -21.194659890697583], [55.637083102801014, -21.194651403707965], [55.63703787487268, -21.194646522085826], [55.636929990685516, -21.194646555093602], [55.6347238394437, -21.195073643592483], [55.63414210817051, -21.195196766139432], [55.63391040516461, -21.195253610751084], [55.63376646771736, -21.19529851784706], [55.63285827182603, -21.195753236082354], [55.63209091193318, -21.19618560237661], [55.6311742045765, -21.19677890666587], [55.630390221844394, -21.19728926996229], [55.629688317914486, -21.19779921214676], [55.629458933189866, -21.19799988172599], [55.62863336699562, -21.19883962206605], [55.62848659353714, -21.19908685205744], [55.62823395626694, -21.199600434204445], [55.62677506383184, -21.201044058371878], [55.62565196814433, -21.2016582356704], [55.624413163343114, -21.202595765254316], [55.62396387768255, -21.203053717156994], [55.62379679697692, -21.203256061155276], [55.623525017880695, -21.203633704845007], [55.62333367111042, -21.203907666811947], [55.62292062506074, -21.20440430326393], [55.622491913290816, -21.20482402611442], [55.622424846634026, -21.20488852020169], [55.62236854312022, -21.20493503507825], [55.62230644338037, -21.204983309349075], [55.62223466931157, -21.205036021416486], [55.622094278921146, -21.20511256405374], [55.621021702001705, -21.20557174418276], [55.61978895154383, -21.20605851531472], [55.61924835623968, -21.206284449993653], [55.61863461679693, -21.206606442774444], [55.618523288707756, -21.206665153041353], [55.6184002838996, -21.20673641456731], [55.618066438300254, -21.207001073829012], [55.617684727929976, -21.20733670501033], [55.61581579893443, -21.20910189265144], [55.61548556299948, -21.209469105692698], [55.61502838320451, -21.21007105021851], [55.61423227923193, -21.21145386467101], [55.61393422283909, -21.212010589211072], [55.61357596287988, -21.212824272231828], [55.613512245813396, -21.213015693763307], [55.61189731445961, -21.21612033530918], [55.610377266584834, -21.21841768086906], [55.60938404996544, -21.220266339013953], [55.609117342789666, -21.220709475303593], [55.60881174033499, -21.221193407124957], [55.608114229065485, -21.222015118757717], [55.60757971632251, -21.222919472808922], [55.60733619042405, -21.223511863006223], [55.60691440167265, -21.22477396482339], [55.60572219955549, -21.22774153440044], [55.60500801048958, -21.229716659675404], [55.60500188182823, -21.229753646005335], [55.60333916299014, -21.229832031502948], [55.601085355247584, -21.229859430413725], [55.60098228087883, -21.229857672442634], [55.60083804482917, -21.229827569529395], [55.60071209623048, -21.22979942483998], [55.60034998867401, -21.229578716412306], [55.59988085413172, -21.22130203231736], [55.59977878433516, -21.218335517121268], [55.59967663078707, -21.21568426652416], [55.599654110899515, -21.214088778735267], [55.600998024237505, -21.211428738194154], [55.60242657701607, -21.208777514519277], [55.603049721629986, -21.207460176532845], [55.60359632903871, -21.206290351008604], [55.60354789525555, -21.206318857502858], [55.60348965916999, -21.206365349791017], [55.602845950011535, -21.206336990202516], [55.60200792205414, -21.20627991938382], [55.60127656490423, -21.20609680830639], [55.60054376845399, -21.205862191684787], [55.60023891542638, -21.205705193604793], [55.60011133835808, -21.20534099244601], [55.6013836906382, -21.204439157966497], [55.60257185374924, -21.2044977738621], [55.60365465559276, -21.20346788456411], [55.60343841530753, -21.202185155232062], [55.602972139462146, -21.201780214627306], [55.601498354718835, -21.199217879983923], [55.60170099071351, -21.197440873752175], [55.60131091774431, -21.19549184211156], [55.601444703328156, -21.195093671642788], [55.60154637134295, -21.195037602548297], [55.60255424953004, -21.193859373529982], [55.60356611290432, -21.192568627166313], [55.60536741895343, -21.19002219725135], [55.605645406788945, -21.188933249686393], [55.60570343654101, -21.188420176399926], [55.60575589359854, -21.1869608021927], [55.60538085826462, -21.185586880287932], [55.60496497377395, -21.184204490399356], [55.60493660368781, -21.184097209732688], [55.604876460470734, -21.183834742957053], [55.60478834650541, -21.18326852099847], [55.605707807894106, -21.180636529737804], [55.60571371338121, -21.180623028248036]]]}";9742212;97422;974;4;974221205;Zone Forestiere du Volcan;Le Tampon;LA REUNION;Zone Forestiere du Volcan;LA REUNION;;4;;;;;;Iris divers;15415;0;0;;0;;0;0;0;0;96.779854367;;96.779854367;103.137921536;;103.137921536;96.779854367;96;96.779854367;0;0;0;0;0;0;0;0;0;0;0;0;0;0;0;0;0;0;0;96.779854367;103.137921536;96.779854367;0;;0;0;;0;0;0;0;0;;0;0;;0;0;0;0;;;;96.779854367;;32.259951456;103.137921536;;34.379307179;96.779854367;32;32.259951456;0;;0;0;;0;0;0;0;Polygon;13798.871635611;1;0;0;0;0;0;0;0;0;0;0;13798.871635611;13798.871635611;96.779854367;;103.137921536;;96.779854367;16;0.313710150;0.277854799;0.313710150;0.269945611;0.272035020;0.269945611;0.463995141;0.500285372;0.463995141;0.202770319;0.196080739;0.202770319;0.106221542;0.119705354;0.106221542;14258;13379.047619048;14258
Les Avirons;LA REUNION;CA Civis (Communauté Intercommunale des Villes Solidaires);LA REUNION;7.664185685;50.295800127;52.784931184;50.295800127;Non;974010202;97401;2A;249740077;-21.1848801784, 55.3756661738;"{""type"": ""Polygon"", ""coordinates"": [[[55.34799442311963, -21.200252028224686], [55.34802901857209, -21.1999127391952], [55.34812183055518, -21.19953517912501], [55.348307326548436, -21.199311177013136], [55.35011699852753, -21.198674447848855], [55.35131346068328, -21.196856339803553], [55.35231706446864, -21.19522963938061], [55.3529375028182, -21.194780443287744], [55.35417681518665, -21.193935321084385], [55.35504562034553, -21.19327897786982], [55.35598430120068, -21.192225871835134], [55.35652188282065, -21.191515713662675], [55.35911029323643, -21.190205402410378], [55.36129318456775, -21.188308082266648], [55.36205697630346, -21.187457326168616], [55.36228542643474, -21.187133911355716], [55.36262357776103, -21.186425410944636], [55.363042377103795, -21.18582698659529], [55.36328877842345, -21.185527674007204], [55.3635891470101, -21.185239284505016], [55.36435358810563, -21.184693882744362], [55.3659018277381, -21.18376810211039], [55.368369857543904, -21.181827328168467], [55.37034366170031, -21.179501020180815], [55.37086777257992, -21.179130761853173], [55.37164874016294, -21.178477203753673], [55.37307182691587, -21.17696606392623], [55.375086760911074, -21.17504927145589], [55.376946133655075, -21.17273351672259], [55.379065000786554, -21.170371448451586], [55.37976092781131, -21.169915188137868], [55.38144899644301, -21.168701905733666], [55.38326849157837, -21.167140464555715], [55.38358061752735, -21.1666863886995], [55.383876734668725, -21.166154477111053], [55.38414710783731, -21.165155323221935], [55.3856575682669, -21.16189117535692], [55.387392719500305, -21.15907650597622], [55.38841607431812, -21.157676234857455], [55.38914487198514, -21.15733315385916], [55.39202001176768, -21.15592157465979], [55.39267054911346, -21.155690644134946], [55.39399194283703, -21.1553084570966], [55.39525648634393, -21.154839908128704], [55.39615252473872, -21.153986218735696], [55.39879804629452, -21.151664311835027], [55.40140185799574, -21.149685015502474], [55.40200599203031, -21.14905590831058], [55.402353068894996, -21.148565990240808], [55.40245707276609, -21.148205657008074], [55.40252548631819, -21.14793170335104], [55.40286182232108, -21.147006297849273], [55.40374450924358, -21.145952358255595], [55.4039639078006, -21.145695183525465], [55.404660262141064, -21.145316044241362], [55.40515656436768, -21.14509580244891], [55.405379802141766, -21.145019319599214], [55.405477398157544, -21.14498681733588], [55.40547438421215, -21.144998531698423], [55.40531742351724, -21.14589943846267], [55.405304197619266, -21.14605558279832], [55.40530924900397, -21.146123377043917], [55.40531347299686, -21.14617851745191], [55.40533766914724, -21.14634675711839], [55.40542102196997, -21.14679037970533], [55.40552110077572, -21.14729061537311], [55.40554959308537, -21.147417344207884], [55.40514415447792, -21.148143381229733], [55.40403642106002, -21.150070491580674], [55.40297091617294, -21.152277107058595], [55.402517526481155, -21.153431293151595], [55.4022229947952, -21.154205197932434], [55.40199771845074, -21.155151360500557], [55.402024687747236, -21.156107143053188], [55.402021093828296, -21.15680083322083], [55.40200767543936, -21.15688471213223], [55.40190975316037, -21.157305622003133], [55.40177685670072, -21.157521717559476], [55.40158385424417, -21.15779393103739], [55.40088698299119, -21.158733643307084], [55.39996886676419, -21.16076402391352], [55.400040876733456, -21.16206024219974], [55.39967741740426, -21.163420538802544], [55.3992106307929, -21.164381733328003], [55.398364695417676, -21.165407082426132], [55.39771797871783, -21.166174168213644], [55.397498712288, -21.16641507418692], [55.395054113046534, -21.167937862402248], [55.393540409084686, -21.16872876651525], [55.39148581313475, -21.169622454180573], [55.391423649929465, -21.169671543367862], [55.391154126949786, -21.17001674278501], [55.39109341068398, -21.17011010640229], [55.39104911267596, -21.17019910980299], [55.39097724743642, -21.170343854339116], [55.39077127998253, -21.170778179334746], [55.390704101727344, -21.170934710979672], [55.390655111269844, -21.171101351787257], [55.3906311121104, -21.171183321981676], [55.39062813101834, -21.171280848000578], [55.39064633413647, -21.171378575644297], [55.3907806608749, -21.17169148616432], [55.38983121950226, -21.17381780393094], [55.389071257478385, -21.174807786573055], [55.38892421201011, -21.175002397287], [55.38876412932629, -21.175244757462142], [55.38866643979817, -21.175461516995473], [55.388584303883796, -21.175664875496597], [55.388530817354045, -21.17580166428543], [55.38850459661987, -21.175910711262752], [55.38849707309094, -21.17598290196757], [55.38850626408733, -21.176290104853724], [55.38856316434717, -21.17774921886156], [55.38905352458428, -21.17902322691115], [55.388990206100964, -21.181445220396068], [55.388651453342646, -21.182754908378136], [55.388484110559205, -21.18339960941841], [55.388262867291324, -21.183907852614293], [55.38734063556686, -21.185645093658927], [55.387268341241004, -21.185650726730533], [55.38679313639033, -21.185686838781336], [55.38641046858732, -21.18571570354229], [55.38606828633599, -21.185741340956415], [55.38593238427167, -21.185750882375586], [55.38596266512583, -21.18553438475152], [55.38600805214482, -21.18321677953084], [55.38598202802666, -21.181932294435136], [55.3859223398436, -21.180998637402023], [55.38589487101797, -21.178826892396184], [55.386101473165525, -21.177981589116964], [55.386164886432525, -21.177817797682092], [55.38636046718511, -21.17754416448524], [55.38641227807612, -21.177473299955196], [55.386516313919905, -21.177382158438842], [55.386626029386434, -21.177300103849824], [55.385860294404466, -21.17695496777517], [55.385135467502415, -21.177011275072996], [55.38452878129637, -21.177805783707715], [55.38432795039443, -21.178119108655455], [55.38410359651275, -21.178558667449074], [55.38403650546629, -21.17870616378528], [55.3829151267917, -21.18122010228847], [55.382023223728154, -21.184016243539723], [55.38131222635705, -21.186381440717515], [55.380317836288484, -21.188279632911286], [55.37996571199218, -21.188863386952193], [55.37938529652267, -21.1898911689818], [55.378983490630645, -21.190790590421763], [55.379076949296355, -21.191538044329345], [55.379210138232395, -21.191954377175588], [55.379428129875045, -21.192189964964015], [55.379779516272485, -21.192779109302318], [55.3799169807564, -21.19306857246693], [55.3799609149955, -21.193190935975494], [55.38014457213122, -21.193969965726563], [55.38012713127507, -21.194553766224285], [55.37978866227466, -21.195826848742964], [55.378810818298064, -21.196818296258986], [55.37844847288424, -21.197453433733966], [55.378336838470865, -21.19788593394902], [55.37830995816984, -21.19823072682428], [55.37828189768139, -21.198595380386763], [55.37840490125907, -21.19906265099969], [55.37850850864814, -21.199453860274087], [55.37854817675738, -21.19961412068527], [55.378632158074474, -21.200038562655628], [55.37849853484265, -21.200544016933588], [55.37822228202244, -21.20158554978565], [55.37807461975565, -21.20214145203731], [55.377932317892196, -21.202559204608352], [55.37754471463304, -21.203212161662385], [55.37745640583922, -21.203360353460507], [55.377359482045286, -21.20341542522015], [55.376849662932074, -21.203704993296533], [55.37666938697175, -21.20380713699811], [55.37397232552085, -21.20618570212577], [55.37165144776243, -21.20877288965316], [55.37109140262592, -21.209774635120223], [55.371015356579946, -21.209945522958], [55.37092931205663, -21.21014973530667], [55.370775988193536, -21.210515887163606], [55.37075125494505, -21.210575264377248], [55.370115304823955, -21.21296189025056], [55.36823225185038, -21.212947312913727], [55.36808245293382, -21.21299193170557], [55.36808076487836, -21.21297023691201], [55.3680637055123, -21.21259431175152], [55.36806493677246, -21.21256993536723], [55.36806832274944, -21.212524804604385], [55.36808258157926, -21.212366870206914], [55.368097823485904, -21.2122947559475], [55.36816194891423, -21.21224479266875], [55.36824820741816, -21.21219684982657], [55.36844719676297, -21.21214638333394], [55.36551047037626, -21.211244515830728], [55.36261525553425, -21.21042519905224], [55.36058910572631, -21.20985183425003], [55.36048692744227, -21.209335076277316], [55.360471274067166, -21.208594016603342], [55.3604666896477, -21.207940234422324], [55.357025248018694, -21.205830173389867], [55.354864200696525, -21.2044863005129], [55.35260933015539, -21.20309451692477], [55.35159450172887, -21.202451425684036], [55.34909507558502, -21.200883332787257], [55.34852562194649, -21.200555300250223], [55.34799442311963, -21.200252028224686]]]}";9740102;97401;974;4;974010202;Forêt des Hauts du Tevelave;Les Avirons;LA REUNION;Foret des Hauts du Tevelave;LA REUNION;;4;;;;;;Iris divers;1830;185.255419827;92.627709913;;195.068082276;;97.534041138;185.255419827;92;92.627709913;116.519380932;;116.519380932;121.641504829;;121.641504829;116.519380932;116;116.519380932;2.554425806;0;5.109759879;2.555334072;0;0;0;185.255419827;195.068082276;185.255419827;0;0;0;0;0;0;0;0;0;116.519380932;121.641504829;116.519380932;0;;0;0;;0;0;0;0;0;;0;0;;0;0;0;0;;;;301.774800759;;100.591600253;316.709587105;;105.569862368;301.774800759;100;100.591600253;0;;0;0;;0;0;0;0;Polygon;16613.333333333;1;7.664185685;0;2.554425806;0;0;0;0.500088876;0;0;0;16613.333333333;16613.333333333;301.774800759;;316.709587105;;301.774800759;50;0.313710150;0.307565344;0.313710150;0.269945611;0.256366326;0.269945611;0.463995141;0.472802960;0.463995141;0.202770319;0.197171340;0.202770319;0.106221542;0.108163218;0.106221542;14258;13657.619047619;14258
Les Trois-Bassins;LA REUNION;CA Territoire de la Côte Ouest (Tco);LA REUNION;19.775919394;75.689969080;75.729111006;75.689969080;Non;974230103;97423;2A;249740101;-21.1073661162, 55.3683976183;"{""type"": ""Polygon"", ""coordinates"": [[[55.42256913139773, -21.116134910202256], [55.42254845888575, -21.116178076026824], [55.419980779352706, -21.117654528701653], [55.41832660642508, -21.12013309479974], [55.41692989025787, -21.121932511221644], [55.416308165087344, -21.122459192580763], [55.416170188485545, -21.122578944145527], [55.41610982527844, -21.122642513699805], [55.4160562674816, -21.122699823797863], [55.41603184714636, -21.122733017364727], [55.41589811059112, -21.12272544380717], [55.41275935443714, -21.12248379077165], [55.41197523721024, -21.1223472714083], [55.40945193092195, -21.122035900839908], [55.40824294668659, -21.122064742277846], [55.40752072381759, -21.12190258868024], [55.40714444284663, -21.121799689129304], [55.40680863047817, -21.12169355617983], [55.40644499959228, -21.121578128007894], [55.40615071540024, -21.121459738342438], [55.40609896644505, -21.121437572489867], [55.406036908787875, -21.1213891141825], [55.40597332172853, -21.121303606518843], [55.405923327006164, -21.121207387231927], [55.40583877797094, -21.121011480745157], [55.405800778688956, -21.120873822899306], [55.40561235393329, -21.120636494889183], [55.405108350286994, -21.120086862313883], [55.4049642927311, -21.119964465137155], [55.40478729475822, -21.119861630108733], [55.40448854055308, -21.11971158051205], [55.40420213639049, -21.11957700268674], [55.40368224073359, -21.119426644580738], [55.402158451229035, -21.119208168002977], [55.401655158061004, -21.119280200504317], [55.40157487615551, -21.119315574733406], [55.40147415724897, -21.11937153177594], [55.40139652534846, -21.119518938881715], [55.401261529333006, -21.119719098761195], [55.40098467093751, -21.11999650590236], [55.400875575662745, -21.120070449287788], [55.400777646935346, -21.120135465102486], [55.40072059249834, -21.120159315367637], [55.40067343513332, -21.120157966927145], [55.399519215705425, -21.120063964744496], [55.3969952497371, -21.11905958327326], [55.3951434055443, -21.11848969193845], [55.39435625848652, -21.118280801164293], [55.393670047678846, -21.118264360768947], [55.39008111974722, -21.11783519012366], [55.38879402400912, -21.1174692393586], [55.38854984348295, -21.117438012118185], [55.38833631893636, -21.117420625412606], [55.38815260482578, -21.11740623188019], [55.38769793547781, -21.117433069465633], [55.38706940306942, -21.117513802935115], [55.386174551218076, -21.117652066144966], [55.38604038270238, -21.117685113035034], [55.385601342952775, -21.117868813743204], [55.38471042911318, -21.118265445951323], [55.383954877980635, -21.118607360707667], [55.383833045564145, -21.118656782549657], [55.38364084720166, -21.11871456587365], [55.383109166160644, -21.118829629645443], [55.382682000845165, -21.118894202218176], [55.38150993089841, -21.11902843868628], [55.37985838591011, -21.11899097532562], [55.37873579469287, -21.118558404044734], [55.376336592550565, -21.11749552630991], [55.3739570325282, -21.116179434417948], [55.37298203783517, -21.11572204806535], [55.37165907690477, -21.115306477055384], [55.37028004980885, -21.114912938897344], [55.3688835556168, -21.11519329424857], [55.36661212994779, -21.115286808777807], [55.36530534308857, -21.115330210655774], [55.364004401267934, -21.11492834275408], [55.3604290092632, -21.1149407570232], [55.35672250533166, -21.114708843187298], [55.35487144603191, -21.114263633601727], [55.35172658916218, -21.114344176478138], [55.34819726087318, -21.11437213676954], [55.345316325435014, -21.114872444170953], [55.343006248917106, -21.115023299099168], [55.342419063967164, -21.115064526396225], [55.34187440985252, -21.11517662291968], [55.341465471529915, -21.11533340301761], [55.338282556681406, -21.116409627926302], [55.335196605143466, -21.11716066322556], [55.33420243394276, -21.117397484294145], [55.3333106281316, -21.11745468500473], [55.33176712629359, -21.11736448826184], [55.33028464817165, -21.11669231128304], [55.33021071482046, -21.116675323916116], [55.330155019130906, -21.116663032582416], [55.32959414371537, -21.11663221279205], [55.32909986020601, -21.11684412314714], [55.328967741192876, -21.116951212154785], [55.32883599633904, -21.1170248838979], [55.328703460833005, -21.117083192211673], [55.32847641429382, -21.11715682686941], [55.328039919618234, -21.11727988071558], [55.326654441555704, -21.117557958230222], [55.32620245283854, -21.11760317337197], [55.32603491000611, -21.117606937779705], [55.32590164394956, -21.117558651331287], [55.32572781997912, -21.117435896301284], [55.325523560034036, -21.117280322792755], [55.32552070283308, -21.11727758476197], [55.32560577718338, -21.11613037585344], [55.325609678426765, -21.116040087911635], [55.32529509901053, -21.11362074537171], [55.324959547208714, -21.112212851856338], [55.32475172455463, -21.111346372967464], [55.32398980963624, -21.109847549483494], [55.32390514556915, -21.109500761757097], [55.323875776219396, -21.109373110955065], [55.32385616233569, -21.107776847639162], [55.32475076998172, -21.10594303018869], [55.32510143358011, -21.105231108876886], [55.325867637203174, -21.100424268202612], [55.325689279525626, -21.099248260489706], [55.32559557786791, -21.09859156364069], [55.32555948355823, -21.096402591950802], [55.32544186180294, -21.094960719833985], [55.32532009083003, -21.09423238748746], [55.32533940574034, -21.093368151701892], [55.32534227263929, -21.093369986545337], [55.32562629848525, -21.093533572483842], [55.325914346609956, -21.09368184214119], [55.32596889894018, -21.09370947865113], [55.32675185778801, -21.093840953060273], [55.32717969400824, -21.09379730054367], [55.32767150773611, -21.09371317913789], [55.32973475950093, -21.093700091245072], [55.33242827389786, -21.094133520500012], [55.33376913927932, -21.094469167302115], [55.33710507510129, -21.09447752256544], [55.33795818824113, -21.0941878061582], [55.33970193953443, -21.093868417915154], [55.342490973676625, -21.093460773779334], [55.34273181239718, -21.0934414488717], [55.343047527354514, -21.093440017372412], [55.34316485914783, -21.09344838986211], [55.34427577395468, -21.09360466625838], [55.344946104394545, -21.093739474191157], [55.345605739824045, -21.093884111218873], [55.3464647894028, -21.094056433502203], [55.34749013664464, -21.09424843754692], [55.34770250739712, -21.094279411585788], [55.347913003406454, -21.094305850726688], [55.348082395958386, -21.094306597544744], [55.3491213360366, -21.094270647374973], [55.351510471550455, -21.094339954878272], [55.353830916235886, -21.09446124930926], [55.356439811435756, -21.09465878226155], [55.3580077660835, -21.09448073753477], [55.358522216474675, -21.09417582525237], [55.359032490097384, -21.093899843874855], [55.359176533172665, -21.093842524468577], [55.35918813162213, -21.093838120291863], [55.35931759964648, -21.093793305644], [55.360258154661636, -21.093688589068794], [55.36092032761984, -21.093691376991853], [55.36159300226323, -21.093965247580552], [55.36343249856062, -21.094742667180302], [55.36364124541098, -21.09484133248006], [55.36652746387518, -21.09615046128459], [55.36925648873933, -21.096874963619978], [55.37159891148107, -21.097703653450587], [55.37354013931542, -21.098429554948016], [55.375134073819346, -21.098963321232187], [55.37551211736598, -21.099073530995778], [55.37566968324402, -21.099100332446273], [55.37582946879727, -21.099100056507783], [55.376474454528235, -21.099092684211218], [55.378135397582945, -21.09886469280958], [55.379100010181055, -21.098718551716917], [55.380676186578306, -21.09827383943295], [55.38187342863415, -21.097577996035003], [55.38451690177724, -21.097546293911957], [55.38479663014415, -21.097758521157964], [55.38524493323894, -21.097958804069773], [55.386162000531655, -21.09806960610074], [55.38932762025462, -21.098354432433993], [55.3912357456057, -21.09832105928128], [55.39200652058345, -21.098297206865155], [55.39245400058068, -21.098262156669204], [55.39307441963729, -21.098212033409077], [55.39408488719947, -21.09814166517023], [55.3950700005621, -21.09810176273976], [55.39576171940108, -21.09813450379574], [55.395931023029476, -21.098144235076898], [55.396056919485886, -21.09816258850676], [55.39618924271228, -21.098209907924428], [55.396481909454124, -21.098384301006124], [55.39655363742282, -21.0984274339527], [55.399651018343896, -21.099245268779203], [55.39976534752609, -21.099265316932982], [55.3997928619565, -21.099302611552428], [55.40141334507965, -21.101593289376897], [55.40187660311549, -21.10219834580561], [55.4030401977185, -21.10311305398054], [55.40494430352292, -21.104723484432828], [55.407067473310576, -21.10637615066461], [55.40882325050507, -21.107672535478052], [55.41011914609484, -21.109157136978343], [55.41047300642882, -21.10946441427954], [55.41100730403978, -21.10975441343951], [55.412816502065134, -21.110687757563117], [55.41424497909595, -21.111283302487582], [55.41457210390739, -21.11143540660994], [55.41489919262285, -21.111636287737575], [55.41557875436372, -21.11214080956948], [55.416044599768426, -21.11273727428834], [55.41726545007026, -21.113261752476323], [55.41907646016306, -21.11387302551289], [55.42116912622217, -21.114523939460607], [55.42136433602304, -21.114543824014643], [55.42143356435164, -21.11455169528239], [55.421515181834636, -21.114571424786423], [55.421880716032526, -21.11468864469691], [55.42201468263773, -21.114764865894916], [55.422109392044355, -21.114912081942602], [55.42213014828516, -21.114952020288577], [55.42255327372581, -21.116086887826512], [55.42256913139773, -21.116134910202256]]]}";9742301;97423;974;4;974230103;Forêt des Hauts de Trois Bassins;Les Trois-Bassins;LA REUNION;Foret des Hauts de Trois Bassins;LA REUNION;;4;;;;;;Iris divers;1590;162.564623710;81.282311855;;162.449365289;;81.224682645;162.564623710;81;81.282311855;96.040819189;;96.040819189;91.332621890;;91.332621890;96.040819189;96;96.040819189;10.008103993;5.103950138;10.008103993;0;162.564623710;162.449365289;162.564623710;0;0;0;72.238841829;72.807657957;72.238841829;123.295529751;127.785020902;123.295529751;0;0;0;96.040819189;91.332621890;96.040819189;123.295529751;;123.295529751;127.785020902;;127.785020902;123.295529751;123;123.295529751;72.238841829;;36.119420915;72.807657957;;36.403828979;72.238841829;36;36.119420915;;;;258.605442899;;86.201814300;253.781987179;;84.593995726;258.605442899;86;86.201814300;195.534371580;;65.178123860;200.592678859;;66.864226286;195.534371580;65;65.178123860;Polygon;13693.5;1;11.862852149;3.976246725;0;4.944113111;0;0.509981725;0;0.335184716;0.250006739;0;13693.5;13693.5;454.139814480;;454.374666038;;454.139814480;75;0.313710150;0.313932729;0.313710150;0.269945611;0.240272824;0.269945611;0.463995141;0.460370138;0.463995141;0.202770319;0.195646357;0.202770319;0.106221542;0.101232243;0.106221542;14258;14993;14258
Petite-Île;LA REUNION;CA Civis (Communauté Intercommunale des Villes Solidaires);LA REUNION;34.585257728;73.078755971;74.148905602;73.078755971;Non;974050104;97405;2A;249740077;-21.3066355608, 55.591492621;"{""type"": ""Polygon"", ""coordinates"": [[[55.60439675940968, -21.287845946279443], [55.60385477244462, -21.289511719304254], [55.60385536122388, -21.291082623837685], [55.6039417187713, -21.291634374389233], [55.603980296185235, -21.29173406117427], [55.60487745417015, -21.294820065086437], [55.6054387038394, -21.297039693621702], [55.60546684490981, -21.297326283943246], [55.60545722445025, -21.29742647438658], [55.60545405171576, -21.297456258143825], [55.60540880424966, -21.29765461684449], [55.605153364924, -21.2980635171526], [55.605085086476876, -21.298148768006737], [55.60368166766489, -21.299828170909567], [55.60314621070612, -21.30043980067583], [55.602379907514106, -21.301171869808535], [55.60150314637066, -21.301514670052033], [55.601029926078, -21.30301412060815], [55.60069781875578, -21.304513363333083], [55.599666099172985, -21.30586662496099], [55.59855078041504, -21.3070871522908], [55.59845366715449, -21.307061049968805], [55.598331398451286, -21.307044674653646], [55.59811856673676, -21.307023027949267], [55.59799796873957, -21.307033766267505], [55.597925402480065, -21.30706206811385], [55.59774885087193, -21.307178933041765], [55.59768190495169, -21.30722444492421], [55.597543064894005, -21.307328977324495], [55.59745270238187, -21.30740410383193], [55.59709414244607, -21.307958469537958], [55.59661573545394, -21.308748507298272], [55.59612169823408, -21.309711852474027], [55.593911327683394, -21.310820746756992], [55.59285898224323, -21.311190441806797], [55.59101270744355, -21.312224654922165], [55.58983024871095, -21.31309458758182], [55.5902705000842, -21.31393385735419], [55.59009774310787, -21.31516635618946], [55.58834423550182, -21.316876099976295], [55.588321819864284, -21.318409296997416], [55.58802665155487, -21.31974240252913], [55.58737811952253, -21.321325908169303], [55.58728026179685, -21.322283516071618], [55.587670748538585, -21.32419372012355], [55.58777899783418, -21.32426599228778], [55.58782756557968, -21.324328729816266], [55.58786624273895, -21.324417580740015], [55.58788934899592, -21.324521657429397], [55.58787823510638, -21.324574860372703], [55.58783908733828, -21.324635957781428], [55.58782147601701, -21.324662909659008], [55.58738190906068, -21.32667182879987], [55.58739928299651, -21.3267704374012], [55.58739545721015, -21.3268679645313], [55.58725977692613, -21.327143242274985], [55.58702041831401, -21.327472751351678], [55.58694248361985, -21.327557008935475], [55.58687432744812, -21.327626895458664], [55.586791066889546, -21.327663231892274], [55.58674364813485, -21.327681803090808], [55.58632662081523, -21.32753647428743], [55.58535251540843, -21.327197436371755], [55.584542210646674, -21.327220650964712], [55.58245973658415, -21.327725225106565], [55.581352745799414, -21.32794713760124], [55.58113641405579, -21.327985961356138], [55.58093084280644, -21.328008615823002], [55.58061186438026, -21.32799417949428], [55.5783018916337, -21.327692821461426], [55.57708608690374, -21.326500987046394], [55.57682821329342, -21.32574904546486], [55.57731436539009, -21.32477260227139], [55.57815898157496, -21.323445150180458], [55.57799168541564, -21.321464487469584], [55.57778842111162, -21.31984762406078], [55.57777052717486, -21.319603575073142], [55.57776033440261, -21.319460763573986], [55.57780448038206, -21.31928137535754], [55.577837570210924, -21.319148866496153], [55.57792841071265, -21.31902587927576], [55.578032442041845, -21.318934619909676], [55.578967197904376, -21.318171082310055], [55.57903902624248, -21.31812019974948], [55.57908827497513, -21.318111582646146], [55.579197089116384, -21.318124245292896], [55.57934460062612, -21.318122781596514], [55.58202691080702, -21.316378515248353], [55.58259234827956, -21.315822316256284], [55.58496916005218, -21.313255202624447], [55.5852312393665, -21.312866266585402], [55.58527752157885, -21.312764579882213], [55.58531183510058, -21.31260407620735], [55.585319703780584, -21.31238644046339], [55.58528551817795, -21.312231683925123], [55.58479607525394, -21.310845475502543], [55.58424250377609, -21.309512925806786], [55.58397930926747, -21.308761626170103], [55.583769594617074, -21.30796244840279], [55.58363277888107, -21.307151011762016], [55.58446875883119, -21.30431075835504], [55.58447071253017, -21.304308064807984], [55.584468443979276, -21.304243006100002], [55.585536453304975, -21.302737106403583], [55.58700649530712, -21.301473053995714], [55.58758768832599, -21.300369548414604], [55.58799866591089, -21.29937481833727], [55.588708185181886, -21.29795350909101], [55.590012827304825, -21.296943681632523], [55.59071977756826, -21.29654671755683], [55.591608472860734, -21.29614404466522], [55.592613610569046, -21.294377661804287], [55.593151560223454, -21.292408124562293], [55.593891640685335, -21.290196628201414], [55.59433889116552, -21.289991693660056], [55.59605524648873, -21.289208373789123], [55.597111112856005, -21.288957919445814], [55.59778817932477, -21.288911166973616], [55.598027375203415, -21.288894189135906], [55.599715668694955, -21.28862820703206], [55.60024758848893, -21.288539587153803], [55.600975478314915, -21.288418267523774], [55.604139970280606, -21.287888984147], [55.60439675940968, -21.287845946279443]]]}";9740501;97405;974;4;974050104;Zone Forestiere des Hauts;Petite-Île;LA REUNION;Zone Forestiere des Hauts;LA REUNION;;4;;;;;;Iris divers;2290;74.231253532;37.115626766;;78.163155955;;39.081577978;74.231253532;37;37.115626766;98.358206224;;98.358206224;102.681975494;;102.681975494;98.358206224;98;98.358206224;10.024363534;0;12.536472099;2.512108565;0;0;0;74.231253532;78.163155955;74.231253532;64.779992388;63.573209587;64.779992388;64.341291927;66.168360162;64.341291927;136.761791751;134.306732415;136.761791751;98.358206224;102.681975494;98.358206224;64.341291927;;64.341291927;66.168360162;;66.168360162;64.341291927;64;64.341291927;201.541784140;;100.770892070;197.879942002;;98.939971001;201.541784140;100;100.770892070;;;;172.589459757;;57.529819919;180.845131449;;60.281710483;172.589459757;57;57.529819919;265.883076067;;88.627692022;264.048302164;;88.016100721;265.883076067;88;88.627692022;Polygon;14023.913043478;1;25.072944198;7.536325695;0;4.512167127;5.024217130;0;0.200384011;0.300576017;0.130465043;0.145270484;14023.913043478;14023.913043478;438.472535824;;444.893433613;;438.472535824;73;0.313710150;0.307565344;0.313710150;0.269945611;0.256366326;0.269945611;0.463995141;0.472802960;0.463995141;0.202770319;0.197171340;0.202770319;0.106221542;0.108163218;0.106221542;14258;13657.619047619;14258
Saint-Benoît;LA REUNION;CA Intercommunale de la Réunion Est (Cirest);LA REUNION;0;14.857623790;16.516252849;14.857623790;Non;974100204;97410;2A;249740093;-21.1478081303, 55.7172074045;"{""type"": ""Polygon"", ""coordinates"": [[[55.69189091416541, -21.14585721716001], [55.691878737747906, -21.14581827798084], [55.69188406773056, -21.145759599862007], [55.69204008042832, -21.14515464145041], [55.69321406246372, -21.143325793098256], [55.69407011077718, -21.142062253966746], [55.69476591419536, -21.141062615000678], [55.69505763394473, -21.140737841890072], [55.69552743217331, -21.140419860612088], [55.69763585219525, -21.139125409361803], [55.69951448471074, -21.1372634200044], [55.70081499263869, -21.135372019887875], [55.70196680672997, -21.133855725190344], [55.70273616341217, -21.133410834744776], [55.70397378904088, -21.1330399882694], [55.70537648236999, -21.132066033862213], [55.70664232892399, -21.13093744746113], [55.70677725726517, -21.12997908873814], [55.70666473831708, -21.127965499796005], [55.70646261939883, -21.12529266235099], [55.708289874194826, -21.122756361665388], [55.70970931870835, -21.121166838194743], [55.71040158117765, -21.12077552417514], [55.7115746472048, -21.120229320420602], [55.712164872559185, -21.12011365771614], [55.71315912831512, -21.12081862276512], [55.71454834605825, -21.121946652163157], [55.715164567694266, -21.122390370256603], [55.71683350227278, -21.12346358998263], [55.71781989051832, -21.12464093906207], [55.71839159903112, -21.12589735403493], [55.71991627329767, -21.127631634102798], [55.72147909431317, -21.12806531726743], [55.72155520571373, -21.127947548472708], [55.721583247767704, -21.127821286401957], [55.72426456542009, -21.12964465662952], [55.72752158895014, -21.134306231034916], [55.730873566006885, -21.13914823444845], [55.73152235202592, -21.1400790659332], [55.73205224023647, -21.140838264998937], [55.74145185690684, -21.148648619635757], [55.74229325312638, -21.148335978395675], [55.74231204624799, -21.14839122464685], [55.74234153827289, -21.148433902976798], [55.742642631333936, -21.148699928988997], [55.74269813764161, -21.148740993740265], [55.742753659229436, -21.14878025181383], [55.74284077429521, -21.148841425827513], [55.74301602092917, -21.148957457567633], [55.74310790509173, -21.14902408719254], [55.743165322255166, -21.14906697276407], [55.74323896434696, -21.149127143149673], [55.743308777664595, -21.14918457491539], [55.74362567989396, -21.149517567329], [55.74368000289733, -21.149584821223794], [55.743706408664856, -21.149650964495077], [55.74370874125138, -21.14971692907508], [55.7436538912933, -21.151196270014747], [55.74359044960886, -21.151410805151254], [55.7433331086375, -21.151779283106148], [55.743269074285955, -21.151835720975935], [55.743104466995234, -21.151942001560972], [55.74303477681886, -21.151983943139864], [55.74295159778083, -21.152026687881705], [55.742884941229285, -21.152051487580138], [55.742816473153006, -21.152062722993062], [55.742743304741865, -21.15206037265777], [55.74265673139924, -21.152048888830727], [55.742555744440274, -21.152033684317324], [55.742440526944115, -21.15199307917335], [55.74111770063111, -21.15252256581842], [55.74032500369268, -21.153621056560965], [55.74009121582416, -21.15513113223921], [55.74018695407307, -21.155311618809403], [55.74025280246396, -21.155610226338204], [55.74025212993973, -21.155803545871205], [55.74025200765943, -21.155817999131866], [55.74022270594649, -21.155980390401393], [55.740164591541166, -21.15613353328034], [55.739666652883464, -21.156139762369467], [55.73907529872388, -21.156146197271507], [55.7379349688357, -21.156158473573853], [55.73762198906415, -21.156157945625395], [55.73578555709447, -21.156150558519286], [55.735691283236925, -21.15647868607598], [55.73541306289132, -21.15760132043363], [55.73533325478836, -21.158153595060767], [55.73540344497694, -21.15862026592883], [55.735544960983326, -21.15939168444795], [55.73597954265056, -21.160752040698476], [55.73617908805795, -21.161323400254645], [55.73602375215447, -21.161896958582815], [55.73589237750499, -21.162170605659988], [55.73455276162808, -21.16381197506967], [55.73363466279292, -21.16446818758547], [55.73329217773908, -21.164650816731314], [55.733211770310156, -21.16470622431699], [55.733047681719576, -21.164862183989758], [55.73264117695046, -21.16532438086703], [55.73169809044919, -21.16648086862242], [55.73158172647416, -21.16668687057925], [55.73139050817741, -21.167087441577994], [55.731275430110806, -21.16736843363869], [55.72809630339072, -21.16792452697182], [55.7253189676016, -21.1684013805412], [55.72336943365627, -21.169043433245932], [55.720823465614714, -21.16977083867077], [55.71816602324579, -21.171158404520853], [55.71579821687813, -21.172418044352415], [55.71569873270518, -21.17245071378057], [55.71312984405815, -21.16958193249631], [55.71265671446293, -21.169053469555056], [55.71172095697195, -21.168008363937226], [55.71056009835261, -21.166712205629384], [55.70921707853187, -21.165212293666634], [55.7074000377556, -21.16318298539489], [55.70561451832301, -21.161189132139416], [55.7043374137561, -21.159761959191794], [55.704103740877656, -21.1595009006034], [55.70175083609966, -21.156873010259762], [55.69985483762564, -21.1547553947027], [55.69771476022857, -21.152363965794542], [55.69712634737061, -21.15170629676464], [55.69508696216462, -21.149427631170163], [55.69276632033061, -21.14683510715443], [55.691891869117235, -21.145858127913748], [55.69189091416541, -21.14585721716001]]]}";9741002;97410;974;4;974100204;Forêt des Hauts de Cambourg;Saint-Benoît;LA REUNION;Foret des Hauts de Cambourg;LA REUNION;;4;;;;;;Iris divers;6500;0;0;;0;;0;0;0;0;89.145742741;;89.145742741;99.097517092;;99.097517092;89.145742741;89;89.145742741;0;0;0;0;0;0;0;0;0;0;0;0;0;0;0;0;0;0;0;89.145742741;99.097517092;89.145742741;0;;0;0;;0;0;0;0;0;;0;0;;0;0;0;0;;;;89.145742741;;29.715247580;99.097517092;;33.032505697;89.145742741;29;29.715247580;0;;0;0;;0;0;0;0;Polygon;12710.4;1;0;0;0;0;0;0;0;0;0;0;12710.4;12710.4;89.145742741;;99.097517092;;89.145742741;14;0.313710150;0.329194524;0.313710150;0.269945611;0.231059381;0.269945611;0.463995141;0.496468053;0.463995141;0.202770319;0.207443681;0.202770319;0.106221542;0.093349289;0.106221542;14258;12826.153846154;14258
Saint-Benoît;LA REUNION;CA Intercommunale de la Réunion Est (Cirest);LA REUNION;20.029139384;89.287747096;97.279945467;89.287747096;Non;974100110;97410;2A;249740093;-21.0944146475, 55.5894353358;"{""type"": ""Polygon"", ""coordinates"": [[[55.572706763868, -21.133513925647396], [55.57249157022828, -21.133664776549303], [55.57108894254273, -21.134445177438227], [55.568955987460235, -21.135776756591792], [55.568737690432265, -21.135949256281705], [55.568562110499194, -21.136085079828142], [55.568422456451266, -21.136189590003465], [55.5676144704475, -21.136706694196192], [55.567451786716596, -21.136802878623634], [55.56730974653051, -21.13685497390118], [55.56656446010995, -21.137059144344857], [55.56586657390815, -21.137240226058935], [55.56316772619198, -21.137536224104476], [55.56232315258214, -21.137352000676177], [55.56147192908204, -21.13715868325152], [55.5608501512487, -21.13713533282532], [55.55934846859963, -21.137097269153827], [55.55864538216406, -21.137118385695533], [55.55859043420996, -21.137125144638873], [55.558508766252544, -21.137206653081968], [55.556873212839626, -21.138067151071475], [55.55548093780131, -21.138562050190988], [55.555318691468905, -21.138612156038363], [55.55479480709121, -21.138621235134323], [55.5546177867718, -21.1386061739975], [55.55420602325309, -21.138571041594673], [55.55401169933792, -21.138553122061744], [55.55381361201819, -21.1385261368053], [55.55362926670178, -21.138472168643172], [55.55315251912784, -21.13828742819404], [55.55304736773724, -21.138208842748668], [55.552174713816925, -21.137546464734253], [55.549983289120526, -21.136108572985588], [55.54700980599376, -21.134304419096193], [55.54409867351505, -21.13553821034948], [55.54290445968093, -21.13615936793257], [55.5427032208283, -21.136258357699944], [55.54251686037087, -21.13631276031815], [55.54177554231411, -21.136502400878967], [55.539271258573585, -21.136888218010757], [55.5356190028584, -21.137299302807815], [55.53419915463471, -21.136676365998806], [55.53150249306242, -21.13586697646939], [55.529474840370575, -21.13590935211854], [55.52702015548697, -21.135805587984397], [55.52694985680767, -21.13580678310107], [55.526835244800374, -21.135810302650192], [55.5263104473366, -21.135815672681566], [55.52606039118373, -21.135787299718565], [55.52521280125985, -21.13576862806109], [55.52393754759997, -21.13596121653887], [55.52368764047429, -21.13601504413181], [55.523465482958805, -21.136086276536968], [55.52205510811681, -21.136602418091496], [55.5196573000521, -21.137412531309025], [55.516934906229906, -21.137940638979103], [55.514060969792, -21.13835987637164], [55.51068817969579, -21.13873944711191], [55.51033552306487, -21.13905386252124], [55.509589148953175, -21.13955179933895], [55.509089175037936, -21.139769614479004], [55.50803142551485, -21.140111688570347], [55.50775037285257, -21.140197737059555], [55.507683150755014, -21.14017998141967], [55.50760542866029, -21.14015309997885], [55.50743275421758, -21.140089248553142], [55.50689345700234, -21.139810786781727], [55.50686184856603, -21.139794248230828], [55.50670668574456, -21.13971248411076], [55.50691736202241, -21.139539097836035], [55.50707785637817, -21.139377011955506], [55.50714363752631, -21.139250223655257], [55.50719801921171, -21.139107978343514], [55.50725890653646, -21.13879686921331], [55.50730435321943, -21.138489237195326], [55.50730221212116, -21.13831849051146], [55.507295003904424, -21.138172992160616], [55.50727409996232, -21.138049052784066], [55.507321166470525, -21.13522432845214], [55.507343534275265, -21.134505029577063], [55.5073442105471, -21.13383657713649], [55.50713486029299, -21.132436388910754], [55.50711590049952, -21.132310659977435], [55.50708929325343, -21.132179443692326], [55.50678439494267, -21.130706598606803], [55.506088053014466, -21.12813637746492], [55.50575696728192, -21.127242528809077], [55.50554205605757, -21.126705666650732], [55.504839561453245, -21.12590499538805], [55.50420767959973, -21.122864254299614], [55.50416313406637, -21.12250614534274], [55.50408081874891, -21.122170285932153], [55.50361204924547, -21.1212023012594], [55.502901710381835, -21.119843752568844], [55.50201700214735, -21.118190308772895], [55.50119735930952, -21.117002190233528], [55.49974707797355, -21.115227878914546], [55.499430174953346, -21.11489852227388], [55.498295846890656, -21.113742611020673], [55.497403232604675, -21.11299849231073], [55.49727908726225, -21.112898929561833], [55.495721003797556, -21.111704466825476], [55.495550784270414, -21.111591847472422], [55.49527249472346, -21.111408712828222], [55.495227326341116, -21.111401085241937], [55.49525656803012, -21.11136521203277], [55.495760001865904, -21.1101276146429], [55.49649331766539, -21.108812562128282], [55.49674395503902, -21.10839564397776], [55.49703332066989, -21.107956485720408], [55.49845036268314, -21.10623105245045], [55.49924427413278, -21.10529953074442], [55.50008489571965, -21.10450843303522], [55.501768944330514, -21.101396921418882], [55.50246901551495, -21.10055533659213], [55.50366761228474, -21.099434504579943], [55.50441094059834, -21.0987409858478], [55.50571864867945, -21.097931012665086], [55.506340352314275, -21.097739944494304], [55.50676328052501, -21.097608170386483], [55.50686191566975, -21.097562969303052], [55.50693940295237, -21.097514871983734], [55.508014861086664, -21.096814774997107], [55.50847904263456, -21.096503597405693], [55.509042518641046, -21.096080827295147], [55.509231215567226, -21.09588465765671], [55.50963432770939, -21.095133471305108], [55.510065596518245, -21.094550549900678], [55.510986248517774, -21.094409586525845], [55.512001617398774, -21.094326358736716], [55.51359883471088, -21.094293391674963], [55.51574532769328, -21.093520422915127], [55.51655848719516, -21.09307697421854], [55.517095712482636, -21.092753113783544], [55.51722721639519, -21.09264450897826], [55.51801554937306, -21.091916540388574], [55.51840041632216, -21.091543665854807], [55.51875452771833, -21.091068897139216], [55.519957558934024, -21.08860608000591], [55.52054014526542, -21.086587249300635], [55.52147187058403, -21.083959451268377], [55.52195849052003, -21.083075716144933], [55.5229877558493, -21.080652909081124], [55.52397167202641, -21.07945642485957], [55.524017207423526, -21.079426107614797], [55.524128541775184, -21.07936022932586], [55.5241440023742, -21.07935404045944], [55.52419618523109, -21.079332814303605], [55.524257884924175, -21.07932251088641], [55.52431653695072, -21.079328440933775], [55.52439530100559, -21.079344482508915], [55.52495160279988, -21.07947319452446], [55.52565327454561, -21.07982966657187], [55.52647757426682, -21.08095831468673], [55.52708732009255, -21.081786996940554], [55.528441706683886, -21.083627095723628], [55.52915257372725, -21.083571832997684], [55.52995812775098, -21.083398454096585], [55.53114553122161, -21.082630660267856], [55.531845918507514, -21.082269968087054], [55.53347283940594, -21.08155143251956], [55.534476918095095, -21.08053373559701], [55.535325935539944, -21.07935878184564], [55.53648822123507, -21.078217959016026], [55.53811107068348, -21.077023281523456], [55.53994977679465, -21.077079760292687], [55.54102907627575, -21.0774350206824], [55.54249927385504, -21.07767800474162], [55.54261459251127, -21.07769615852469], [55.543076753655484, -21.077579079391956], [55.5435537370715, -21.077422379262284], [55.544133928224795, -21.077143709042485], [55.545968577625395, -21.07623261126382], [55.54784263645323, -21.075324539651064], [55.54953975860882, -21.075390542215818], [55.55071062332871, -21.07543577474509], [55.551288530079354, -21.074794819570307], [55.55137145154146, -21.074679899635413], [55.55156851853604, -21.074406062351862], [55.551799932414134, -21.074063863899195], [55.552059445647295, -21.073503296087395], [55.552219843195864, -21.073040346630087], [55.55253918846215, -21.073059330331827], [55.55431055063043, -21.073706766219544], [55.55746886919175, -21.07305161321934], [55.55757236445549, -21.072998292144394], [55.557674810165274, -21.072953995518105], [55.557922027768605, -21.07286756835784], [55.55805030890138, -21.072838847825288], [55.55830959265027, -21.072798593105183], [55.55843769080565, -21.072788840935466], [55.55868403278698, -21.07279319123636], [55.558983173962794, -21.072811539586194], [55.559326149382166, -21.072975246158673], [55.56156581891915, -21.074568318497597], [55.56263309907018, -21.07520202307547], [55.5643488886371, -21.076156927356003], [55.56554460404109, -21.07677363413317], [55.56774692867559, -21.07705375290165], [55.56912850859736, -21.077209038871985], [55.56986092854584, -21.07751286514406], [55.56994431981351, -21.07754879837429], [55.57016188044136, -21.0776450312267], [55.57021360786109, -21.077670760739764], [55.5721841769977, -21.079141740099782], [55.57315410735443, -21.080025241658703], [55.57362461254712, -21.080545460207738], [55.57421156969731, -21.081218418476602], [55.57450820919884, -21.081602123388215], [55.57496204407993, -21.082155622415677], [55.57624704645071, -21.082805979824663], [55.577851760932866, -21.083390353569673], [55.58025074473746, -21.084512981669953], [55.5824678298493, -21.08507718998415], [55.58539059652391, -21.084920415764874], [55.58673375738559, -21.08425489069354], [55.58746098133637, -21.08298597561698], [55.587725054661036, -21.081727095418493], [55.58781485452397, -21.081492971438735], [55.58783752798113, -21.081436248996074], [55.58786882911866, -21.08138321175499], [55.587905904787284, -21.08133022256135], [55.58794097024512, -21.081286250144455], [55.588471795818776, -21.080623089760774], [55.58876655633446, -21.0802922045885], [55.59003946607812, -21.079321745338223], [55.59169571641543, -21.07678804327465], [55.592636511769165, -21.0748988053476], [55.59496848240809, -21.072960557108072], [55.59634663664307, -21.071532915007474], [55.597155332580996, -21.070685929522867], [55.59732326470466, -21.07043076432426], [55.59746978718099, -21.07020071599134], [55.59760590960762, -21.069950707771632], [55.59762981079062, -21.069865086455415], [55.59871116270993, -21.068292014056333], [55.59976169673523, -21.06697568411543], [55.60094298570096, -21.066211697514674], [55.601550561402114, -21.065871168923124], [55.60172853389777, -21.065775975495946], [55.60188972444203, -21.06572581153368], [55.602026586493096, -21.06570435453022], [55.602286415876975, -21.06570649366241], [55.60344204437062, -21.06521463952725], [55.604358821863215, -21.064121887783113], [55.60455378855973, -21.06385519285409], [55.604914473367295, -21.063052361171778], [55.605300575976756, -21.062128777134713], [55.60630832342501, -21.060616834114533], [55.60780955922886, -21.059134085256854], [55.609629285995254, -21.05714150368704], [55.61140652680842, -21.055817262532752], [55.61236616825348, -21.052683214914], [55.61295981446681, -21.050421218814463], [55.61427963542726, -21.048069103616314], [55.61671040833454, -21.04508114742747], [55.618780962915615, -21.042258281573037], [55.619802058162584, -21.041354549870505], [55.621034992606596, -21.04064510927364], [55.62374085441646, -21.0405387645094], [55.625995377619574, -21.041171295379797], [55.62851892900767, -21.041534958348347], [55.631178741278205, -21.04088881336635], [55.63198377782843, -21.040560597449343], [55.63345339687539, -21.039846563846574], [55.63354449253089, -21.03977593014794], [55.63366294925098, -21.039659444555383], [55.63380375002528, -21.039519650892082], [55.63418169314242, -21.03912159270443], [55.634684884222594, -21.038389389780654], [55.634721989964355, -21.038330065475975], [55.63472292020528, -21.03822799223906], [55.63589159463889, -21.036586016045103], [55.63809404201295, -21.035537699615144], [55.638260131438535, -21.035473084166565], [55.63846376924798, -21.035406059187036], [55.63869106671921, -21.03538258521177], [55.63898280363907, -21.035362336986317], [55.64001365300327, -21.03532812890824], [55.64102639345672, -21.035274798987725], [55.64128449575974, -21.035249761035313], [55.64138301196321, -21.03520899335854], [55.641578390171446, -21.035097633352294], [55.64192495238317, -21.034867332586757], [55.64206351389206, -21.0347609382909], [55.64220714788288, -21.034625676496965], [55.64234430031096, -21.03446235828281], [55.64241290275782, -21.034324690294884], [55.64243097431382, -21.03424172441977], [55.6435008762086, -21.033931826501057], [55.64504012759121, -21.034176720316562], [55.64617565405282, -21.03437728222081], [55.64644752568314, -21.03442551916018], [55.64685830538859, -21.03454171101134], [55.64956293842359, -21.034719953386887], [55.65234672436853, -21.034229380081413], [55.655471982863766, -21.03380334253303], [55.655704782075915, -21.033809700452743], [55.656110103633786, -21.033891498760624], [55.65655826886917, -21.034024223738662], [55.65682096665289, -21.03413018774671], [55.65748790397318, -21.03443899028261], [55.657829014298976, -21.03459977457692], [55.658072058409445, -21.03475165373059], [55.65832153075072, -21.034937911580137], [55.658579444785396, -21.03514862685586], [55.65995522680888, -21.034830529422997], [55.66137607274453, -21.03434995441998], [55.66232272103563, -21.033938690736967], [55.66357342243074, -21.033743460820602], [55.66368321230506, -21.03373257996511], [55.66363792458706, -21.034171265470153], [55.66363082698453, -21.034211861665206], [55.66358174447, -21.034320784497172], [55.66353087453833, -21.03441433584071], [55.663491880748815, -21.034470942059006], [55.66116593072373, -21.036438261658766], [55.66037526102382, -21.036944246715382], [55.65900351475808, -21.037329109027883], [55.657417534921905, -21.038640937836785], [55.65665354517096, -21.039817419399785], [55.65563768040163, -21.04075160696661], [55.65542535482241, -21.040928795488536], [55.65520736911661, -21.04109329168791], [55.655142464142344, -21.04114156032216], [55.654698939496846, -21.04145423109662], [55.654511324028576, -21.041558440649013], [55.6531253791635, -21.04300776629225], [55.65095229852919, -21.045681226012338], [55.65056747185402, -21.045991640710916], [55.65023405012497, -21.046363892141276], [55.649736880070456, -21.04707360631096], [55.649528055258074, -21.047501048556942], [55.64958903092924, -21.047995677842287], [55.651789909342405, -21.04969613957791], [55.6531841681893, -21.050781308562286], [55.65473145175386, -21.051974276790695], [55.65532587443638, -21.052436089876473], [55.65492269624754, -21.053288392523946], [55.652274330081205, -21.055212814183054], [55.65033710102262, -21.05660172381492], [55.648467535808365, -21.05806025580214], [55.64841832500295, -21.058927100262654], [55.649639531255865, -21.060532167854568], [55.65062684245495, -21.06124105163938], [55.651436409419766, -21.061268240023946], [55.6533737912756, -21.05922663568467], [55.655939169786045, -21.057441114785696], [55.65610362864935, -21.057345755213635], [55.656340486777886, -21.057225673788043], [55.656435908399665, -21.057209264550096], [55.65851019311582, -21.059528359966233], [55.66097814388329, -21.06227963957471], [55.66190050483482, -21.063313143181524], [55.66473349381405, -21.066478284603868], [55.66725990176921, -21.069283240031805], [55.66781692587804, -21.069903713788303], [55.66857503229752, -21.070748896766624], [55.66912301289615, -21.071359358568547], [55.674982549495816, -21.077868855593316], [55.675788795379276, -21.078775814675517], [55.677769228977446, -21.08099910923977], [55.67995963549886, -21.083540198391244], [55.68010444706211, -21.08452690927284], [55.67892350805548, -21.085222352161505], [55.67736629902236, -21.086287044325463], [55.677120033448915, -21.087357431533267], [55.67646769135992, -21.08960807240962], [55.67625385164413, -21.090167851669825], [55.67593941869069, -21.090727748765048], [55.675364802568346, -21.091427895081413], [55.67517236399301, -21.091635975161694], [55.67447078161526, -21.09216167838547], [55.674159901358905, -21.092374251810956], [55.672365015701125, -21.09309194536579], [55.672224084067544, -21.093136010875256], [55.66864905362054, -21.094247489989062], [55.665228014127216, -21.094415379969167], [55.66165978700172, -21.094504699026416], [55.65845037882789, -21.094834367697967], [55.65699155282859, -21.095810317958733], [55.65404832773039, -21.09676160713902], [55.65396274201684, -21.096751894174602], [55.653809826545356, -21.096736226507947], [55.6543813905212, -21.09772362770918], [55.65703823567737, -21.098901904748868], [55.65814005294389, -21.099910657120205], [55.66068378168743, -21.1015803212646], [55.66372592121742, -21.10371459743367], [55.663711086047265, -21.103758745666717], [55.66364208691014, -21.10393887593283], [55.66313207013889, -21.10499179844361], [55.6630541230768, -21.105095974726904], [55.662946270276215, -21.105207142076896], [55.662802646991956, -21.105335191246148], [55.66260414651753, -21.105463710747987], [55.662418442940115, -21.105560713014846], [55.66228031186358, -21.105612921953618], [55.66212783865161, -21.105654177153767], [55.66198427176272, -21.10566840140845], [55.65944258153954, -21.105906685770698], [55.655921920417924, -21.105708072900473], [55.65585524003849, -21.10573645201227], [55.655837121239905, -21.105717337621357], [55.65254681700744, -21.104422889924297], [55.651258949336224, -21.103763128410364], [55.648647177221626, -21.10287385615409], [55.646301644266416, -21.102549244192016], [55.64473117316858, -21.102803191021437], [55.64282177664087, -21.10371865718397], [55.641153217824765, -21.104469264824502], [55.63988226913136, -21.104811385316847], [55.639052649636746, -21.104789370389547], [55.63649833448734, -21.106462200045645], [55.63532589128624, -21.10850475347146], [55.6344058032644, -21.11010894129769], [55.6331865529014, -21.112840815594925], [55.632203444206795, -21.114960299079534], [55.630984998039224, -21.117018252183748], [55.63087898075443, -21.11713573582414], [55.63046640694059, -21.117454449742485], [55.62968804651377, -21.117557012021997], [55.6264512472162, -21.117953803778953], [55.62342913477158, -21.118297623919553], [55.62020882111243, -21.11932926278521], [55.61940828360888, -21.119493106213174], [55.61867230612064, -21.119740417780395], [55.61811475286058, -21.11996080714979], [55.615001992562135, -21.121948067013086], [55.61356667759137, -21.12368973890784], [55.612812199401965, -21.12489496082017], [55.61180348234572, -21.125795020127548], [55.61115214966381, -21.126363762511303], [55.610150311128514, -21.12678192831461], [55.60781364255021, -21.125925783662595], [55.60632209026954, -21.12540447975047], [55.60621546502179, -21.125378308631234], [55.60573341400678, -21.125345434473548], [55.605105722758225, -21.125340267034172], [55.60483595934472, -21.125359725950595], [55.604643052628155, -21.12539698120889], [55.60450696302732, -21.12543289760069], [55.60301893185662, -21.12586290105253], [55.60143708763539, -21.126615360660168], [55.60130257436751, -21.126688324777717], [55.601149184544255, -21.126823464096727], [55.60096605674198, -21.127049596064545], [55.60076509072233, -21.127329781482594], [55.60067795847032, -21.127483534635918], [55.60061087380741, -21.12765552036859], [55.60042817358119, -21.128143626789555], [55.6003042622231, -21.128522913369274], [55.60023633708636, -21.128784323620728], [55.598977552362804, -21.12990174841737], [55.59691038951475, -21.130668291730657], [55.596765883874426, -21.130677031366602], [55.596631252274626, -21.13065965557375], [55.59645828089861, -21.130623894976033], [55.59627684050333, -21.130567286987898], [55.5961012107566, -21.13050711358117], [55.59595730072972, -21.13045262304968], [55.59575595789901, -21.130362425624114], [55.59531263244348, -21.13010129500374], [55.593313198409994, -21.12863663342448], [55.59261430257585, -21.127809684220693], [55.59227762538448, -21.127267587676194], [55.59094819388032, -21.12602436759838], [55.58838954378572, -21.12506177734271], [55.58748339147357, -21.12477508979927], [55.5867798723555, -21.12464456040301], [55.58524756195578, -21.1248015995763], [55.58488218260364, -21.124852748522883], [55.583265368861376, -21.12518882941608], [55.58278002880831, -21.12530039793804], [55.582553028573024, -21.125378896418283], [55.58210273226765, -21.125551280304354], [55.581987731941915, -21.125596388297364], [55.57994962927355, -21.12659557798855], [55.57986324232344, -21.126668928016226], [55.5797680273971, -21.126759367524283], [55.579680565701885, -21.126844451915908], [55.579622226301765, -21.126904486813512], [55.57949925477538, -21.12707870443481], [55.57929993817577, -21.12743430552036], [55.57657311626434, -21.129218551247103], [55.57560333330393, -21.12934409313146], [55.57556473780531, -21.12935280197605], [55.57543993286838, -21.129415889666845], [55.57499733199182, -21.129687686027058], [55.574141732279884, -21.130357088843997], [55.57339653716874, -21.13131061472307], [55.57276116558213, -21.13326235178267], [55.572706763868, -21.133513925647396]]]}";9741001;97410;974;4;974100110;Grand Etang-Takamaka-Bebour;Saint-Benoît;LA REUNION;Grand Etang-Takamaka-Bebour;LA REUNION;;4;;;;;;Iris divers;6500;185.222496292;92.611248146;;216.394589650;;108.197294825;185.222496292;92;92.611248146;89.145742741;;89.145742741;99.097517092;;99.097517092;89.145742741;89;89.145742741;5.007284846;0;10.014569692;5.007284846;0;0;0;185.222496292;216.394589650;185.222496292;143.679665657;134.281886235;143.679665657;0;0;0;117.678577887;133.905679826;117.678577887;89.145742741;99.097517092;89.145742741;0;;0;0;;0;0;0;0;261.358243544;;130.679121772;268.187566061;;134.093783031;261.358243544;130;130.679121772;;;;274.368239033;;91.456079678;315.492106742;;105.164035581;274.368239033;91;91.456079678;261.358243544;;87.119414515;268.187566061;;89.395855354;261.358243544;87;87.119414515;Polygon;12710.4;1;15.021854538;10.014569692;0;0;2.503642423;0;0.5;0.666666667;0;0.125;12710.4;12710.4;535.726482577;;583.679672804;;535.726482577;89;0.313710150;0.329194524;0.313710150;0.269945611;0.231059381;0.269945611;0.463995141;0.496468053;0.463995141;0.202770319;0.207443681;0.202770319;0.106221542;0.093349289;0.106221542;14258;12826.153846154;14258
Saint-Denis;LA REUNION;CA Intercommunale du Nord de la Réunion (Cinor);LA REUNION;0;18.670317638;16.842326335;18.670317638;Non;974110403;97411;2A;249740119;-20.9542867629, 55.4464921033;"{""type"": ""Polygon"", ""coordinates"": [[[55.44637888582479, -20.985967317499554], [55.446374366672785, -20.985939273423842], [55.446442953191756, -20.98409713072713], [55.44643370937451, -20.982805301696782], [55.446115424750545, -20.980565782774153], [55.44605775064597, -20.980376463152915], [55.44596200929605, -20.98024099532096], [55.445398829562, -20.97945493806748], [55.444711439183656, -20.9784970181365], [55.443329822483136, -20.975525807669584], [55.442045025220736, -20.973239736310926], [55.44128474532154, -20.972278811431483], [55.440534584427645, -20.971153709167393], [55.44012989447623, -20.97048516363227], [55.440034046264856, -20.97026839341395], [55.440014951986164, -20.970069488828475], [55.44001216450143, -20.9699673884629], [55.44011530869052, -20.967302642980385], [55.44063687838255, -20.964350856675495], [55.44107299922761, -20.96319227553351], [55.44128577280212, -20.96261248435081], [55.44121037200376, -20.962093290103205], [55.44075796387407, -20.95921118004215], [55.43969040252379, -20.958062779977624], [55.438855991329206, -20.95721703584546], [55.43823653893335, -20.956379233183824], [55.43796807629804, -20.954403475671263], [55.43760942306937, -20.952686595345114], [55.43719658202601, -20.951141751583254], [55.437422997412085, -20.948413998173667], [55.43766525198575, -20.946938388159918], [55.43785054538724, -20.94576215753785], [55.43780452587824, -20.943988520885814], [55.438317415378684, -20.94191332439682], [55.43870131618906, -20.940313897597715], [55.43873320346554, -20.940298832975415], [55.43876026472402, -20.940285530822795], [55.43879916314124, -20.940243430754293], [55.4388118119119, -20.940229093385085], [55.438837409127515, -20.940171515152546], [55.43900280399861, -20.939706915494206], [55.43972550276057, -20.937516651521427], [55.439725961322466, -20.93747239301844], [55.44044663822978, -20.93751782449316], [55.44328872904403, -20.937722635939515], [55.44447905108177, -20.938406671753857], [55.44470069747985, -20.93963519821261], [55.44445999994153, -20.940223776163737], [55.444220261843576, -20.940812362386115], [55.44359402816338, -20.94241907871413], [55.4435751532423, -20.94247762237737], [55.443551153451644, -20.942566832195233], [55.4435301501068, -20.942645229494335], [55.44363691539131, -20.942735180714106], [55.44379977311613, -20.942794027345343], [55.44412317396457, -20.94285659645533], [55.44422022694239, -20.942862901536532], [55.44434134481285, -20.94286671605628], [55.44446163187702, -20.942857876415868], [55.44454826730103, -20.94284872985398], [55.44462823771269, -20.94283319922878], [55.44468521669029, -20.942809329054505], [55.44475974479938, -20.942762132496412], [55.444830660223474, -20.942692319931776], [55.446017771369554, -20.941475523504455], [55.44686650001301, -20.9405284408095], [55.44771915423223, -20.939874190330936], [55.4487662337738, -20.939296880770527], [55.4499418638634, -20.938722663737625], [55.450386666130896, -20.938200066500098], [55.450590355479626, -20.937841490147505], [55.4511941648472, -20.93676975830708], [55.451468208747585, -20.936161146757723], [55.452349429042776, -20.93415111452178], [55.45318123625772, -20.93254983447459], [55.45391561598355, -20.930696542085748], [55.45479388698838, -20.929675915572314], [55.455781260299155, -20.92916151810918], [55.45754311014186, -20.930482756398874], [55.46000536707014, -20.932328809446716], [55.46071440049922, -20.93285371611955], [55.46070142207479, -20.93290057208604], [55.45979832103761, -20.934837573517687], [55.459032655185666, -20.937512351384854], [55.45894869222389, -20.93890497406208], [55.4582481622353, -20.939613627851305], [55.45717802050002, -20.94035823097128], [55.45551632394928, -20.941120958785863], [55.45315670803306, -20.94221717402225], [55.45179231044916, -20.94410340186014], [55.45094206147034, -20.946927600887676], [55.4505575461822, -20.948130044239587], [55.450103975378454, -20.94954775276578], [55.44954280803467, -20.950721035886342], [55.449114779418004, -20.95233465721533], [55.44853679028292, -20.95512054792698], [55.448118398820064, -20.957505121656784], [55.44770863887492, -20.959750660241042], [55.44698904260357, -20.961964919551814], [55.44683572675057, -20.965123787929954], [55.44750091570868, -20.965992518882043], [55.44835171308763, -20.96723510541835], [55.44841701250067, -20.967337775101157], [55.4484725558507, -20.967453905748865], [55.44850894114511, -20.967562635413653], [55.44861210717859, -20.968096533489], [55.44869055833461, -20.968509161632465], [55.448806393977904, -20.969493028361164], [55.44899754150459, -20.970634758165556], [55.449613708804165, -20.97178396866539], [55.450231502978596, -20.97268297238304], [55.451991735568065, -20.975557079730763], [55.45121084438759, -20.97760322955988], [55.450363012785864, -20.980076035444895], [55.449694406211485, -20.9820482209071], [55.448856146682864, -20.98452019924355], [55.4486875573925, -20.985011875665634], [55.448518005146575, -20.98550354306332], [55.44798294628668, -20.985623325821763], [55.44691386280387, -20.985855669037996], [55.44637888582479, -20.985967317499554]]]}";9741104;97411;974;4;974110403;Forêt de Saint-Francois;Saint-Denis;LA REUNION;Foret de St-Francois;LA REUNION;;4;;;;;;Iris divers;24040;0;0;;0;;0;0;0;0;112.021905831;;112.021905831;101.053958010;;101.053958010;112.021905831;112;112.021905831;0;0;0;0;0;0;0;0;0;0;0;0;0;0;0;0;0;0;0;112.021905831;101.053958010;112.021905831;0;;0;0;;0;0;0;0;0;;0;0;;0;0;0;0;;;;112.021905831;;37.340635277;101.053958010;;33.684652670;112.021905831;37;37.340635277;0;;0;0;;0;0;0;0;Polygon;15972.083333333;1;0;0;0;0;0;0;0;0;0;0;15972.083333333;15972.083333333;112.021905831;;101.053958010;;112.021905831;18;0.313710150;0.332772656;0.313710150;0.269945611;0.328662661;0.269945611;0.463995141;0.417309122;0.463995141;0.202770319;0.216447592;0.202770319;0.106221542;0.109334871;0.106221542;14258;15805.5;14258
Saint-Denis;LA REUNION;CA Intercommunale du Nord de la Réunion (Cinor);LA REUNION;5.001274842;176.814748113;163.731808438;176.814748113;Non;974111004;97411;2A;249740119;-20.9788084664, 55.4747310493;"{""type"": ""Polygon"", ""coordinates"": [[[55.47661101534441, -20.94340726109814], [55.47728795463489, -20.94350363816358], [55.47795430939617, -20.943600821476736], [55.47849247584145, -20.943727572213522], [55.47902199895442, -20.94385334089819], [55.481149688997995, -20.944359195083457], [55.48430861286897, -20.945112669792216], [55.48520119786268, -20.94564990565125], [55.48541276870466, -20.946521741785293], [55.48644950246556, -20.94710765481049], [55.487972626632214, -20.947137040928688], [55.48942720725062, -20.946643158422773], [55.49034188817476, -20.946911417177326], [55.49067479023458, -20.94737235445098], [55.49117315835632, -20.948066460590116], [55.491505548407986, -20.948531005260154], [55.491833609021576, -20.948995962747748], [55.49232766517829, -20.949689576143626], [55.49314519907254, -20.950826874681926], [55.49362895210319, -20.951494197006607], [55.49420403787205, -20.950146078192486], [55.49536700921445, -20.94828237041894], [55.49581529153026, -20.94614857728112], [55.49724465981057, -20.944275910389706], [55.49812736611057, -20.942448101113985], [55.49882360259262, -20.942635800213107], [55.49952174598469, -20.942825320003653], [55.49950091531331, -20.94288927382841], [55.49881193865508, -20.94476983449769], [55.49766152027759, -20.94663548734478], [55.497079393583306, -20.94901866800833], [55.49659197692618, -20.950798578084502], [55.495475818019116, -20.951902060098934], [55.49484219020098, -20.953163434935107], [55.494611080983795, -20.9546365426613], [55.49431737835752, -20.95679021200863], [55.49440415957524, -20.95686324520877], [55.49449759967852, -20.956943563852374], [55.494808134753896, -20.9573365466636], [55.49486977960424, -20.957422907773918], [55.49492272501534, -20.957513708748117], [55.49497460949306, -20.957614437036987], [55.49501219665311, -20.957702392405828], [55.49501593458766, -20.95771326543129], [55.49504386971357, -20.957804748936898], [55.49507422880904, -20.957942323961877], [55.49509620467682, -20.95805272491042], [55.49511159397737, -20.958148614345287], [55.49512125889555, -20.958239936572006], [55.49513077020971, -20.95834661415061], [55.49515451656955, -20.958952962056788], [55.495157314779355, -20.959057773701915], [55.49515643826762, -20.95914538953092], [55.49515454593102, -20.959238416406727], [55.49515164680314, -20.95933595107307], [55.49513714516459, -20.95943970667195], [55.49511881515598, -20.959541621802156], [55.495057256376384, -20.959831049138288], [55.49472171722325, -20.960782912369595], [55.494689143311774, -20.960866634932792], [55.49461794209944, -20.96096627642389], [55.49441143989785, -20.961228226655912], [55.494289908777965, -20.961359943535168], [55.49420825587738, -20.96144684581349], [55.49395697228742, -20.961666846420727], [55.493595327958325, -20.961863288019742], [55.493523896750546, -20.961889756817726], [55.493478619233656, -20.961897486690603], [55.493458389045024, -20.961900921241423], [55.49339600143899, -20.961888626507736], [55.49332123948044, -20.961863575691986], [55.49324853651996, -20.96182499302107], [55.49318260112225, -20.961782856802586], [55.493113835207375, -20.961735275530227], [55.49301457813866, -20.9616594213041], [55.49113116158298, -20.962276683864573], [55.4903909204619, -20.963876475213098], [55.49006939181033, -20.96563196613921], [55.490414842885926, -20.967624618193888], [55.490773611855296, -20.97078223579339], [55.49050163222269, -20.971432936594994], [55.490472619075355, -20.971640446183446], [55.49046224058834, -20.971811987518958], [55.49045178042928, -20.97199165812288], [55.49045002092621, -20.97226264243096], [55.490487599787656, -20.97254300855847], [55.490502905333884, -20.972647027437574], [55.49057229308503, -20.973111955252836], [55.49110126763658, -20.974740833144732], [55.49151320700594, -20.9760050819889], [55.49172363984862, -20.976552106489013], [55.491792704367306, -20.97685804444036], [55.491792289897255, -20.97718685395383], [55.491424850898916, -20.978722879632908], [55.491395772936, -20.978840958704197], [55.491248504231486, -20.97942682062437], [55.491190129618566, -20.97958890345131], [55.49042255569031, -20.98150800732329], [55.489482011012036, -20.983122052997153], [55.49019303772096, -20.98423528677214], [55.4911916486036, -20.98518415657571], [55.49129968400705, -20.985153497017386], [55.491405759553345, -20.985126433356072], [55.49151628108347, -20.98513554228678], [55.491675607866156, -20.98516947334995], [55.49180303317376, -20.98521938174513], [55.49190148765331, -20.98528077683422], [55.49201230012305, -20.985356734606775], [55.492104748428595, -20.985441563042446], [55.49219050978463, -20.985521815569804], [55.49227713327614, -20.985612012344784], [55.49235787745969, -20.98571299702107], [55.49241176467129, -20.985806517266216], [55.492454110682814, -20.985899935335517], [55.492475297745706, -20.985993166102148], [55.49250166159043, -20.986624828692715], [55.49250695439461, -20.986960011781946], [55.49249674735823, -20.98701863801941], [55.492458603376626, -20.987081533612503], [55.49233739343525, -20.98727467698244], [55.49176430233894, -20.988118734349705], [55.49168936496015, -20.988205693816923], [55.49164367115978, -20.98825406900733], [55.4916300610068, -20.988268401763282], [55.49155243768848, -20.988335464071884], [55.491465332508426, -20.98838889236999], [55.49121893341672, -20.988500529230393], [55.488131562529155, -20.990139800130446], [55.48451905307643, -20.991498806032794], [55.48168730928537, -20.992634355523784], [55.48052154521518, -20.9934606632452], [55.479018832363266, -20.994550885549362], [55.47890149114871, -20.994644686554782], [55.47845337788805, -20.995200745009353], [55.478314270336206, -20.995923518195074], [55.4782980094671, -20.99648388713791], [55.47835058321216, -20.99865188948901], [55.47846067847435, -21.000459526691365], [55.4783971566273, -21.000937270179975], [55.47817508680994, -21.00139778785989], [55.477748723937474, -21.001988363725577], [55.47730612634023, -21.002187652949456], [55.47490859587987, -21.00482376872256], [55.47415123516545, -21.006034661486947], [55.47409257552816, -21.006127177936136], [55.47377724447796, -21.006580528956963], [55.47365666465939, -21.006707719512537], [55.47183331059663, -21.0084465129508], [55.471713993144455, -21.00854390359875], [55.471487057122395, -21.008723433209152], [55.47139407889147, -21.00878492727446], [55.471295430365046, -21.00883643378451], [55.47105394968854, -21.008932726346124], [55.46905933897343, -21.0097250722063], [55.468917347639746, -21.00978160720271], [55.46890382552827, -21.00978690545873], [55.46801133652401, -21.010139297559515], [55.467579579280326, -21.010309750652546], [55.46753321349287, -21.010328302813708], [55.46699134428302, -21.010542025321964], [55.46572214601123, -21.011042768255727], [55.46550127581309, -21.011192534349064], [55.46541202132499, -21.011265801678373], [55.46482395733155, -21.01180971575689], [55.46422258870943, -21.012431193032654], [55.463434866820876, -21.013447542542295], [55.462173369154854, -21.014413536240472], [55.46114207405025, -21.014976011750523], [55.461110061130356, -21.015001918424787], [55.46109154322656, -21.01502523721483], [55.461058929790966, -21.01501590898406], [55.46102369930136, -21.014980360805232], [55.45940085979436, -21.013283691523487], [55.45888335474564, -21.012575318838174], [55.45808150394813, -21.010797999985698], [55.45711381465656, -21.008637973753938], [55.45600257898133, -21.00687500416897], [55.455752177101594, -21.00652901923182], [55.45570014710737, -21.006443635108713], [55.455684186934455, -21.005844589969584], [55.45557376223347, -21.002413234449293], [55.455545393465364, -21.00147759012094], [55.45550727871991, -21.000227050530267], [55.45544862649534, -20.998354840719617], [55.45538271977931, -20.99632290302896], [55.45528927614576, -20.99332010721127], [55.455264747489075, -20.99140438555558], [55.454946209177216, -20.98900432174577], [55.45472024201927, -20.986691340523077], [55.45475746242692, -20.986252212906205], [55.454615978413415, -20.982895319333334], [55.4547151375489, -20.981016182635337], [55.45580026286498, -20.979967330808844], [55.45745274418438, -20.978646289702727], [55.45823227622642, -20.977756347569493], [55.45915935979105, -20.97593550680492], [55.4594012324412, -20.97542099344706], [55.46026286701005, -20.974540815799756], [55.4612522746458, -20.974002340145198], [55.462707353520464, -20.973288843296842], [55.46367300789598, -20.97250117964942], [55.46371750221002, -20.971347131960748], [55.464749778096845, -20.970280575330307], [55.46605036978695, -20.969260689876407], [55.46742717393528, -20.967838595352017], [55.467857825879406, -20.96630139266577], [55.46944480246536, -20.9647294092154], [55.47034716007771, -20.962622820014303], [55.47128698158487, -20.960612312961487], [55.471891135169614, -20.95912407613996], [55.4723995336175, -20.957972823327683], [55.47333790125346, -20.955910120687996], [55.474061644720734, -20.953767352550646], [55.47508969430347, -20.951105402107306], [55.47548244606725, -20.949261602784343], [55.475900444598295, -20.947582433500447], [55.47660939626584, -20.945752746537877], [55.47659664396584, -20.94368716551198], [55.4765416633423, -20.943608987998495], [55.47661101534441, -20.94340726109814]]]}";9741110;97411;974;4;974111004;Forêt de la Bretagne;Saint-Denis;LA REUNION;Foret de la Bretagne;LA REUNION;;4;;;;;;Iris divers;24040;370.444992584;185.222496292;;304.263343571;;152.131671786;370.444992584;185;185.222496292;112.021905831;;112.021905831;101.053958010;;101.053958010;112.021905831;112;112.021905831;0;0;5.001274842;5.001274842;0;0;0;370.444992584;304.263343571;370.444992584;107.749974887;119.804389837;107.749974887;0;0;0;470.671615373;457.269159210;470.671615373;112.021905831;101.053958010;112.021905831;0;;0;0;;0;0;0;0;578.421590261;;289.210795130;577.073549048;;288.536774524;578.421590261;289;289.210795130;;;;482.466898415;;160.822299472;405.317301581;;135.105767194;482.466898415;160;160.822299472;578.421590261;;192.807196754;577.073549048;;192.357849683;578.421590261;192;192.807196754;Polygon;15972.083333333;1;5.001274842;2.500410600;0;0;2.500410600;0;1;0.499954647;0;0.499954647;15972.083333333;15972.083333333;1060.888488676;;982.390850629;;1060.888488676;176;0.313710150;0.332772656;0.313710150;0.269945611;0.328662661;0.269945611;0.463995141;0.417309122;0.463995141;0.202770319;0.216447592;0.202770319;0.106221542;0.109334871;0.106221542;14258;15805.5;14258
Saint-Denis;LA REUNION;CA Intercommunale du Nord de la Réunion (Cinor);LA REUNION;27.504516604;81.234511551;76.600329168;81.234511551;Non;974110903;97411;2A;249740119;-20.9594343688, 55.4600924355;"{""type"": ""Polygon"", ""coordinates"": [[[55.47661101534441, -20.94340726109814], [55.4765416633423, -20.943608987998495], [55.47659664396584, -20.94368716551198], [55.47660939626584, -20.945752746537877], [55.475900444598295, -20.947582433500447], [55.47548244606725, -20.949261602784343], [55.47508969430347, -20.951105402107306], [55.474061644720734, -20.953767352550646], [55.47333790125346, -20.955910120687996], [55.4723995336175, -20.957972823327683], [55.471891135169614, -20.95912407613996], [55.47128698158487, -20.960612312961487], [55.47034716007771, -20.962622820014303], [55.46944480246536, -20.9647294092154], [55.467857825879406, -20.96630139266577], [55.46742717393528, -20.967838595352017], [55.46605036978695, -20.969260689876407], [55.464749778096845, -20.970280575330307], [55.46371750221002, -20.971347131960748], [55.46367300789598, -20.97250117964942], [55.462707353520464, -20.973288843296842], [55.4612522746458, -20.974002340145198], [55.46026286701005, -20.974540815799756], [55.4594012324412, -20.97542099344706], [55.45915935979105, -20.97593550680492], [55.45823227622642, -20.977756347569493], [55.45745274418438, -20.978646289702727], [55.45580026286498, -20.979967330808844], [55.4547151375489, -20.981016182635337], [55.454615978413415, -20.982895319333334], [55.45475746242692, -20.986252212906205], [55.45472024201927, -20.986691340523077], [55.454946209177216, -20.98900432174577], [55.455264747489075, -20.99140438555558], [55.45528927614576, -20.99332010721127], [55.45538271977931, -20.99632290302896], [55.45544862649534, -20.998354840719617], [55.45550727871991, -21.000227050530267], [55.455545393465364, -21.00147759012094], [55.45557376223347, -21.002413234449293], [55.455684186934455, -21.005844589969584], [55.45570014710737, -21.006443635108713], [55.4556925821553, -21.006430919994855], [55.45484448880326, -21.00522722771822], [55.453903064905425, -21.004400270972326], [55.45291788257335, -21.00282677095241], [55.452608866654195, -21.002289197377607], [55.45254046959752, -21.00220547025096], [55.451811567368466, -21.001388113607373], [55.4514172454331, -21.000961321945624], [55.451089379749405, -21.00066656697525], [55.44953768302928, -20.999301754018386], [55.44751567920865, -20.998258285309767], [55.445597795488666, -20.99740214854124], [55.44414921606682, -20.99646969625609], [55.444081675879396, -20.996396813688], [55.44464991820831, -20.99577058835655], [55.44523074345473, -20.995136345898565], [55.44638651479912, -20.993876833637263], [55.44696733457337, -20.993241680970762], [55.44812510272713, -20.991972236804123], [55.44827192610232, -20.991167815506415], [55.446272320221816, -20.989760278791277], [55.44410076888252, -20.9881488064432], [55.44389045972328, -20.987744908825302], [55.444188866211704, -20.987351079259003], [55.44479734636801, -20.986550878361665], [55.44574208393514, -20.98606629184413], [55.44637888582479, -20.985967317499554], [55.44691386280387, -20.985855669037996], [55.44798294628668, -20.985623325821763], [55.448518005146575, -20.98550354306332], [55.4486875573925, -20.985011875665634], [55.448856146682864, -20.98452019924355], [55.449694406211485, -20.9820482209071], [55.450363012785864, -20.980076035444895], [55.45121084438759, -20.97760322955988], [55.451991735568065, -20.975557079730763], [55.450231502978596, -20.97268297238304], [55.449613708804165, -20.97178396866539], [55.44899754150459, -20.970634758165556], [55.448806393977904, -20.969493028361164], [55.44869055833461, -20.968509161632465], [55.44861210717859, -20.968096533489], [55.44850894114511, -20.967562635413653], [55.4484725558507, -20.967453905748865], [55.44841701250067, -20.967337775101157], [55.44835171308763, -20.96723510541835], [55.44750091570868, -20.965992518882043], [55.44683572675057, -20.965123787929954], [55.44698904260357, -20.961964919551814], [55.44770863887492, -20.959750660241042], [55.448118398820064, -20.957505121656784], [55.44853679028292, -20.95512054792698], [55.449114779418004, -20.95233465721533], [55.44954280803467, -20.950721035886342], [55.450103975378454, -20.94954775276578], [55.4505575461822, -20.948130044239587], [55.45094206147034, -20.946927600887676], [55.45179231044916, -20.94410340186014], [55.45315670803306, -20.94221717402225], [55.45551632394928, -20.941120958785863], [55.45717802050002, -20.94035823097128], [55.4582481622353, -20.939613627851305], [55.45894869222389, -20.93890497406208], [55.459032655185666, -20.937512351384854], [55.45979832103761, -20.934837573517687], [55.46070142207479, -20.93290057208604], [55.46071440049922, -20.93285371611955], [55.460715389608886, -20.932851015058613], [55.46075720134733, -20.93280532248289], [55.460808618012436, -20.932760619851933], [55.46085613359902, -20.932721301985556], [55.46091040677241, -20.932679335065664], [55.46100229516865, -20.932625964086835], [55.46115018561308, -20.932549611522518], [55.461215848012905, -20.9325222004376], [55.46290807976978, -20.930615845276254], [55.46438618634129, -20.92891305171069], [55.46632559243644, -20.925975697499116], [55.46670247447716, -20.92540998521225], [55.46745631246681, -20.924270428276557], [55.468250374089145, -20.92295598198097], [55.46867621948874, -20.92220642412134], [55.46942887769399, -20.922694648923333], [55.47017287947795, -20.923183696396656], [55.47065729719608, -20.923861921905377], [55.47018033314708, -20.92614307652781], [55.46986262756929, -20.927226032833538], [55.46921372028519, -20.9283529913533], [55.46816297412572, -20.92947272742648], [55.467637123623476, -20.930031685058637], [55.46714413730201, -20.931160953912844], [55.466831578951464, -20.932469764018293], [55.466829905629396, -20.934617866226123], [55.466796340468946, -20.936167677523304], [55.4680760686298, -20.936788918846123], [55.471202978295246, -20.938304748691944], [55.47194962638157, -20.938540883119167], [55.472437934582985, -20.936945005275234], [55.47252197160343, -20.93662281681595], [55.4726438084748, -20.9358917577152], [55.472657420564616, -20.93568727508622], [55.47266776778607, -20.935615101220897], [55.472710126830854, -20.935420360854515], [55.47276506689336, -20.935217603088134], [55.472800741147246, -20.935113135960528], [55.47285836356711, -20.935025125205016], [55.47295001170808, -20.934900382339872], [55.47320619349435, -20.934574765409327], [55.474856512983905, -20.9331161888048], [55.47569123679922, -20.932426387091247], [55.476921735653335, -20.9315104409962], [55.476971893743254, -20.93149462862505], [55.477111376266336, -20.931963799695612], [55.47738564818968, -20.93289035636095], [55.477650322821376, -20.933816827052844], [55.47810510909618, -20.935530892532224], [55.478177771223066, -20.935667040484486], [55.47831177752602, -20.935917555394962], [55.478247883995294, -20.935960345571914], [55.47810998718207, -20.936075781373674], [55.477949184258584, -20.936212421284704], [55.47788013635917, -20.936289491972044], [55.477851560534184, -20.936357890338844], [55.477475866380225, -20.937472864037055], [55.47702593241064, -20.938987349927697], [55.47685043782633, -20.941079706646523], [55.47665669725537, -20.94326403933363], [55.47661101534441, -20.94340726109814]]]}";9741109;97411;974;4;974110903;Forêt du Bois de Nèfles;Saint-Denis;LA REUNION;Foret du Bois de Nefles;LA REUNION;;4;;;;;;Iris divers;24040;159.382793290;79.691396645;;150.252729711;;75.126364855;159.382793290;79;79.691396645;112.021905831;;112.021905831;101.053958010;;101.053958010;112.021905831;112;112.021905831;5.000821201;2.500410600;2.500410600;0;159.382793290;150.252729711;159.382793290;0;0;0;0;0;0;44.833529623;42.000509247;44.833529623;171.168840563;166.294778038;171.168840563;112.021905831;101.053958010;112.021905831;44.833529623;;44.833529623;42.000509247;;42.000509247;44.833529623;44;44.833529623;171.168840563;;85.584420281;166.294778038;;83.147389019;171.168840563;85;85.584420281;;;;271.404699120;;90.468233040;251.306687721;;83.768895907;271.404699120;90;90.468233040;216.002370186;;72.000790062;208.295287285;;69.431762428;216.002370186;72;72.000790062;Polygon;15972.083333333;1;15.002463602;0;0;2.500410600;5.000821201;0.5;0;0;0.090909091;0.181818182;15972.083333333;15972.083333333;487.407069306;;459.601975006;;487.407069306;81;0.313710150;0.332772656;0.313710150;0.269945611;0.328662661;0.269945611;0.463995141;0.417309122;0.463995141;0.202770319;0.216447592;0.202770319;0.106221542;0.109334871;0.106221542;14258;15805.5;14258
Saint-Denis;LA REUNION;CA Intercommunale du Nord de la Réunion (Cinor);LA REUNION;0;18.670317638;16.842326335;18.670317638;Non;974110302;97411;2A;249740119;-20.9547683855, 55.429768061;"{""type"": ""Polygon"", ""coordinates"": [[[55.41828041548282, -20.921781292616878], [55.41830749382847, -20.921766187130327], [55.41857296600149, -20.92161734110105], [55.41924152323521, -20.921169616582443], [55.41963086435017, -20.92053096365587], [55.42021153965034, -20.918514716834252], [55.421783603029354, -20.91656996102735], [55.42387163739876, -20.91510870914659], [55.42499377872132, -20.914628560610197], [55.42605200658127, -20.91419207783776], [55.42607520939666, -20.914179645225726], [55.426816519558436, -20.914355396202286], [55.42871741909463, -20.916268059642555], [55.429149444648495, -20.91739914060932], [55.42902912662511, -20.918553614226443], [55.42870193567838, -20.918952580394873], [55.42852943039464, -20.91936109943273], [55.42836566075302, -20.919761568771516], [55.42736623757972, -20.922206681285516], [55.42630709565067, -20.92521129170691], [55.42610735390146, -20.925832739016883], [55.42565802110372, -20.927337134646006], [55.42619812368354, -20.928004246639112], [55.42696171794533, -20.929459302832967], [55.42686392156398, -20.930676072652727], [55.42679979931143, -20.931982580944354], [55.42756413206579, -20.933737543200397], [55.42864167030932, -20.934668375563163], [55.429501244875716, -20.93542742198944], [55.431225559537765, -20.937242692213648], [55.43117723001491, -20.938651423199143], [55.43164234404124, -20.94163122702905], [55.43378964163368, -20.9437891078843], [55.43436391992591, -20.94547816424999], [55.43439524505238, -20.945517294440005], [55.43442376088458, -20.945549172297362], [55.43444189763589, -20.945561985213356], [55.43461590216919, -20.945658430576618], [55.434799017035765, -20.945618558363428], [55.43528787189736, -20.94549025576432], [55.43588567120477, -20.94505672583295], [55.43640219707818, -20.94393050657842], [55.436590299723406, -20.94322493211032], [55.43672938446632, -20.94270228183041], [55.43683946489289, -20.94228731220235], [55.437012294324035, -20.941871562388407], [55.437257647044405, -20.94137020970533], [55.43753089107749, -20.940891243323097], [55.43789669176949, -20.94048087284044], [55.438514103859504, -20.940285987952084], [55.43859305565689, -20.940275870710284], [55.43873320346554, -20.940298832975415], [55.43870131618906, -20.940313897597715], [55.438317415378684, -20.94191332439682], [55.43780452587824, -20.943988520885814], [55.43785054538724, -20.94576215753785], [55.43766525198575, -20.946938388159918], [55.437422997412085, -20.948413998173667], [55.43719658202601, -20.951141751583254], [55.43760942306937, -20.952686595345114], [55.43796807629804, -20.954403475671263], [55.43823653893335, -20.956379233183824], [55.438855991329206, -20.95721703584546], [55.43969040252379, -20.958062779977624], [55.44075796387407, -20.95921118004215], [55.44121037200376, -20.962093290103205], [55.44128577280212, -20.96261248435081], [55.44107299922761, -20.96319227553351], [55.44063687838255, -20.964350856675495], [55.44011530869052, -20.967302642980385], [55.44001216450143, -20.9699673884629], [55.440014951986164, -20.970069488828475], [55.440034046264856, -20.97026839341395], [55.44012989447623, -20.97048516363227], [55.440534584427645, -20.971153709167393], [55.44128474532154, -20.972278811431483], [55.442045025220736, -20.973239736310926], [55.443329822483136, -20.975525807669584], [55.444711439183656, -20.9784970181365], [55.445398829562, -20.97945493806748], [55.44596200929605, -20.98024099532096], [55.44605775064597, -20.980376463152915], [55.446115424750545, -20.980565782774153], [55.44643370937451, -20.982805301696782], [55.446442953191756, -20.98409713072713], [55.446374366672785, -20.985939273423842], [55.44637888582479, -20.985967317499554], [55.44574208393514, -20.98606629184413], [55.44479734636801, -20.986550878361665], [55.444188866211704, -20.987351079259003], [55.44389045972328, -20.987744908825302], [55.44410076888252, -20.9881488064432], [55.446272320221816, -20.989760278791277], [55.44827192610232, -20.991167815506415], [55.44812510272713, -20.991972236804123], [55.44696733457337, -20.993241680970762], [55.44638651479912, -20.993876833637263], [55.44523074345473, -20.995136345898565], [55.44464991820831, -20.99577058835655], [55.444081675879396, -20.996396813688], [55.44400653483597, -20.99631482846335], [55.44170256774494, -20.99438775885664], [55.43999832941957, -20.992513129181535], [55.43942108409829, -20.991876422144163], [55.43843960403665, -20.990801512200747], [55.436911810415594, -20.989910375865286], [55.43673862277481, -20.989822971126188], [55.43654657869832, -20.989791398566975], [55.43606631372753, -20.989727369498812], [55.43548893328744, -20.98984491623359], [55.43341571814003, -20.990436494665587], [55.43326412591467, -20.990492008618038], [55.43324382499117, -20.990501758266124], [55.433244088843736, -20.990476467928502], [55.43349608189632, -20.98867983814526], [55.4337482463641, -20.986866045933667], [55.4338145157597, -20.98632195729813], [55.433552297257386, -20.98494967047595], [55.4323535244397, -20.98217903855351], [55.4321626708879, -20.9785229056393], [55.4321529870348, -20.978344863679467], [55.43210662639436, -20.978086992536745], [55.4320480937224, -20.97779739336625], [55.43177593281367, -20.977149922119345], [55.431324551912205, -20.97634994700647], [55.429589396411004, -20.973323217938376], [55.429427557832746, -20.97298027372976], [55.428435229382856, -20.970945795885036], [55.42726899556148, -20.969156512247963], [55.426260986154524, -20.967514016648334], [55.425332540757076, -20.965255288359], [55.42538676286705, -20.96512842216842], [55.42541974438499, -20.965009489546826], [55.425450049088404, -20.964870659299244], [55.42546961832462, -20.96465494825865], [55.42544866431778, -20.964268136690723], [55.42535653297805, -20.96388247420033], [55.42519102106925, -20.963432901803177], [55.424464916319934, -20.961461937742644], [55.42336051593833, -20.959710591286903], [55.42275381569565, -20.9582325794214], [55.42234664632185, -20.956619108691335], [55.42231671263407, -20.955163594624366], [55.421852840009144, -20.953777233102137], [55.4207706993433, -20.952157511106762], [55.41913793803606, -20.950366470425685], [55.41886981870375, -20.950350435106472], [55.418757388325616, -20.95034306949546], [55.41831155099199, -20.950310029091266], [55.41815690917174, -20.95029323846387], [55.41707019916298, -20.950119655720364], [55.41695022907935, -20.950097765960376], [55.416808562431015, -20.950035928987504], [55.41668045204308, -20.949965184644785], [55.4165346528629, -20.949839173965405], [55.41642521057757, -20.94973066368945], [55.415241034946206, -20.948035894574513], [55.41449055314426, -20.94561526902293], [55.41463150624027, -20.944791198215004], [55.414311944940884, -20.943675102459316], [55.414204497037986, -20.943377817458533], [55.41300136563106, -20.941848162536033], [55.41231858886931, -20.940487746156727], [55.412847317226614, -20.93901665502678], [55.41391674118166, -20.93579626569645], [55.414801925384396, -20.933576110255252], [55.41494559115129, -20.933446464398713], [55.41530290295996, -20.933115557110888], [55.415418620779846, -20.932991974463114], [55.41550573399954, -20.932845543314915], [55.41555944517146, -20.932675315856866], [55.415599373647545, -20.932535673053735], [55.41581625134578, -20.931752707361216], [55.41585065790508, -20.931589527059092], [55.415867179968195, -20.9314812828408], [55.41584220960366, -20.930930030006596], [55.415617624947394, -20.929977659740498], [55.41521485784099, -20.92914648547223], [55.41529936880677, -20.927053389863392], [55.4164276754125, -20.924808286451036], [55.416489647723566, -20.92476640556763], [55.41655064916332, -20.92472541896811], [55.41787110700342, -20.92221470440229], [55.41787730167319, -20.922174112645465], [55.41788230744549, -20.922155189424547], [55.41791080234375, -20.922096738026035], [55.41795084266127, -20.922037490293555], [55.41799559478487, -20.92198731935877], [55.41805090254164, -20.92193905284856], [55.41826590076041, -20.921790191292647], [55.41828041548282, -20.921781292616878]]]}";9741103;97411;974;4;974110302;Forêt du Brulé;Saint-Denis;LA REUNION;Foret du Brule;LA REUNION;;4;;;;;;Iris divers;24040;0;0;;0;;0;0;0;0;112.021905831;;112.021905831;101.053958010;;101.053958010;112.021905831;112;112.021905831;0;0;0;0;0;0;0;0;0;0;0;0;0;0;0;0;0;0;0;112.021905831;101.053958010;112.021905831;0;;0;0;;0;0;0;0;0;;0;0;;0;0;0;0;;;;112.021905831;;37.340635277;101.053958010;;33.684652670;112.021905831;37;37.340635277;0;;0;0;;0;0;0;0;Polygon;15972.083333333;1;0;0;0;0;0;0;0;0;0;0;15972.083333333;15972.083333333;112.021905831;;101.053958010;;112.021905831;18;0.313710150;0.332772656;0.313710150;0.269945611;0.328662661;0.269945611;0.463995141;0.417309122;0.463995141;0.202770319;0.216447592;0.202770319;0.106221542;0.109334871;0.106221542;14258;15805.5;14258
Saint-Denis;LA REUNION;CA Intercommunale du Nord de la Réunion (Cinor);LA REUNION;0;18.670317638;16.842326335;18.670317638;Non;974111302;97411;2A;249740119;-20.9562169218, 55.412191736;"{""type"": ""Polygon"", ""coordinates"": [[[55.43324382499117, -20.990501758266124], [55.432300918178974, -20.99006761928694], [55.428653608892944, -20.9893249006177], [55.42858637039907, -20.989316150326484], [55.427961682284916, -20.98908274985892], [55.42727411587983, -20.988791857860257], [55.4266519424347, -20.988502470732683], [55.425737922107174, -20.98806856386586], [55.42507757749689, -20.987567443699643], [55.42246894335676, -20.98510526461441], [55.41996247606971, -20.98345381423088], [55.41715733310955, -20.98299779323428], [55.41477018305149, -20.98276331487741], [55.4133519729476, -20.982628614636937], [55.410699379418524, -20.982985079254618], [55.40882622673269, -20.983396208909358], [55.40703198928794, -20.983711401820734], [55.40445001359956, -20.983492526022864], [55.403447628846806, -20.9823237869456], [55.4039824087943, -20.98087357549719], [55.40444766986144, -20.979538333443983], [55.40447333591037, -20.978661013237847], [55.40465584260219, -20.977505137226245], [55.40502187675575, -20.97609308536956], [55.405041627768824, -20.976044491792326], [55.40504755115293, -20.976030094361597], [55.405072858154675, -20.975911094980088], [55.405071739991726, -20.975835206866467], [55.405051215944624, -20.975775396576864], [55.40491603351542, -20.975463393968187], [55.40481853503985, -20.97531614566771], [55.403827251574356, -20.972481323162775], [55.40492105242253, -20.970096450974797], [55.40606722923417, -20.967394095246128], [55.405376561384536, -20.964416659548142], [55.40534146899986, -20.962737987574886], [55.405925369888664, -20.961271058812233], [55.406359770229294, -20.9601170806262], [55.40686309316878, -20.95835672222559], [55.40706829732819, -20.95714098086015], [55.40707196988344, -20.956794144973863], [55.40611097600748, -20.955371487371423], [55.40547872028397, -20.95441710295478], [55.404475810942756, -20.952687824268036], [55.40382516632934, -20.951565247417822], [55.40340289317723, -20.950580302772458], [55.40245916819641, -20.949478264425277], [55.39995735584921, -20.94769762721683], [55.39827774570965, -20.945558365121013], [55.395951984051365, -20.94304185595864], [55.39571430223261, -20.94269771971464], [55.39474134074904, -20.941423487827524], [55.393331757381276, -20.940429229181696], [55.39297072799273, -20.940111478700672], [55.392580158892514, -20.939678729515833], [55.39248357794306, -20.9395387106056], [55.39236533754113, -20.939356032235363], [55.39202359221202, -20.938673526611467], [55.39190686421867, -20.938439373865556], [55.39171717477407, -20.937384332727902], [55.39170995288037, -20.93716024509863], [55.39171028724174, -20.936948874954727], [55.39176884607448, -20.936282336357536], [55.39187363231, -20.935788764565032], [55.39214091534187, -20.934853172037904], [55.39113569530125, -20.93223182049457], [55.39097880041447, -20.932158076905516], [55.390926291041836, -20.932123256233105], [55.390942788903125, -20.932108958906685], [55.39119158783906, -20.931499767044105], [55.39106797663269, -20.930110221826304], [55.39120521608143, -20.92881789719946], [55.391566463797865, -20.927951955570826], [55.39321280609192, -20.9285966144095], [55.395593447844576, -20.929537672070527], [55.39671585293022, -20.928734339688734], [55.39631518631015, -20.9276258310106], [55.396119224363765, -20.927067552583814], [55.398906950639024, -20.926297909939464], [55.40030704819058, -20.92591358099218], [55.40297819219348, -20.925345118126888], [55.4038741846746, -20.925170126375672], [55.40448745748221, -20.92522734819075], [55.40529367084571, -20.924182596855758], [55.40580862726373, -20.9229863833057], [55.40590442303441, -20.921519397755976], [55.40698553255216, -20.919745900443715], [55.407966093482266, -20.9181597976253], [55.40800962864438, -20.9181340074835], [55.4080740548612, -20.918132801521534], [55.4082420154225, -20.918159660081443], [55.408646959754996, -20.918232086248874], [55.408731373130436, -20.918250035869494], [55.40880031035737, -20.918276874351644], [55.408943781101684, -20.91834686300221], [55.409008758808625, -20.918384504255815], [55.409264643656606, -20.918552194465338], [55.40941126436739, -20.91868815389187], [55.409590212369146, -20.918858288531663], [55.410029286536755, -20.91931832467166], [55.41023770212149, -20.91963439224298], [55.41057877354346, -20.920157423984065], [55.41122610538777, -20.92145112110592], [55.41188259466617, -20.92292601558502], [55.41207402399399, -20.923189756946485], [55.41404099008008, -20.924434289110785], [55.414470893020294, -20.92467224070085], [55.41584877365185, -20.924819174922213], [55.41594810570697, -20.92479028732958], [55.41608008553679, -20.924765315859485], [55.41616860537614, -20.924758910660444], [55.41623691794615, -20.92475412456874], [55.416489647723566, -20.92476640556763], [55.4164276754125, -20.924808286451036], [55.41529936880677, -20.927053389863392], [55.41521485784099, -20.92914648547223], [55.415617624947394, -20.929977659740498], [55.41584220960366, -20.930930030006596], [55.415867179968195, -20.9314812828408], [55.41585065790508, -20.931589527059092], [55.41581625134578, -20.931752707361216], [55.415599373647545, -20.932535673053735], [55.41555944517146, -20.932675315856866], [55.41550573399954, -20.932845543314915], [55.415418620779846, -20.932991974463114], [55.41530290295996, -20.933115557110888], [55.41494559115129, -20.933446464398713], [55.414801925384396, -20.933576110255252], [55.41391674118166, -20.93579626569645], [55.412847317226614, -20.93901665502678], [55.41231858886931, -20.940487746156727], [55.41300136563106, -20.941848162536033], [55.414204497037986, -20.943377817458533], [55.414311944940884, -20.943675102459316], [55.41463150624027, -20.944791198215004], [55.41449055314426, -20.94561526902293], [55.415241034946206, -20.948035894574513], [55.41642521057757, -20.94973066368945], [55.4165346528629, -20.949839173965405], [55.41668045204308, -20.949965184644785], [55.416808562431015, -20.950035928987504], [55.41695022907935, -20.950097765960376], [55.41707019916298, -20.950119655720364], [55.41815690917174, -20.95029323846387], [55.41831155099199, -20.950310029091266], [55.418757388325616, -20.95034306949546], [55.41886981870375, -20.950350435106472], [55.41913793803606, -20.950366470425685], [55.4207706993433, -20.952157511106762], [55.421852840009144, -20.953777233102137], [55.42231671263407, -20.955163594624366], [55.42234664632185, -20.956619108691335], [55.42275381569565, -20.9582325794214], [55.42336051593833, -20.959710591286903], [55.424464916319934, -20.961461937742644], [55.42519102106925, -20.963432901803177], [55.42535653297805, -20.96388247420033], [55.42544866431778, -20.964268136690723], [55.42546961832462, -20.96465494825865], [55.425450049088404, -20.964870659299244], [55.42541974438499, -20.965009489546826], [55.42538676286705, -20.96512842216842], [55.425332540757076, -20.965255288359], [55.426260986154524, -20.967514016648334], [55.42726899556148, -20.969156512247963], [55.428435229382856, -20.970945795885036], [55.429427557832746, -20.97298027372976], [55.429589396411004, -20.973323217938376], [55.431324551912205, -20.97634994700647], [55.43177593281367, -20.977149922119345], [55.4320480937224, -20.97779739336625], [55.43210662639436, -20.978086992536745], [55.4321529870348, -20.978344863679467], [55.4321626708879, -20.9785229056393], [55.4323535244397, -20.98217903855351], [55.433552297257386, -20.98494967047595], [55.4338145157597, -20.98632195729813], [55.4337482463641, -20.986866045933667], [55.43349608189632, -20.98867983814526], [55.433244088843736, -20.990476467928502], [55.43324382499117, -20.990501758266124]]]}";9741113;97411;974;4;974111302;La Montagne-Plaine d'Affouches;Saint-Denis;LA REUNION;La Montagne-Plaine d'Affouches;LA REUNION;;4;;;;;;Iris divers;24040;0;0;;0;;0;0;0;0;112.021905831;;112.021905831;101.053958010;;101.053958010;112.021905831;112;112.021905831;0;0;0;0;0;0;0;0;0;0;0;0;0;0;0;0;0;0;0;112.021905831;101.053958010;112.021905831;0;;0;0;;0;0;0;0;0;;0;0;;0;0;0;0;;;;112.021905831;;37.340635277;101.053958010;;33.684652670;112.021905831;37;37.340635277;0;;0;0;;0;0;0;0;Polygon;15972.083333333;1;0;0;0;0;0;0;0;0;0;0;15972.083333333;15972.083333333;112.021905831;;101.053958010;;112.021905831;18;0.313710150;0.332772656;0.313710150;0.269945611;0.328662661;0.269945611;0.463995141;0.417309122;0.463995141;0.202770319;0.216447592;0.202770319;0.106221542;0.109334871;0.106221542;14258;15805.5;14258
Saint-Joseph;LA REUNION;CA du Sud;LA REUNION;0;14.739613368;15.707949728;14.739613368;Non;974120502;97412;2A;249740085;-21.2870866095, 55.6519084426;"{""type"": ""Polygon"", ""coordinates"": [[[55.64650334681805, -21.311870044666314], [55.646067546310825, -21.31166689811182], [55.64405345555204, -21.310330888002287], [55.643694908600395, -21.310009116891315], [55.64357735837218, -21.309477905982966], [55.64349219725751, -21.3087789341429], [55.64359209885299, -21.307977569892106], [55.64391952151994, -21.306648679661684], [55.644012423224645, -21.306294414017415], [55.6441344156415, -21.305921412494747], [55.64426431995073, -21.30563158232165], [55.64504148519832, -21.3039802047755], [55.6460191086832, -21.30180559186743], [55.64576454845708, -21.301182944844694], [55.644937992601754, -21.300023621826615], [55.64364613495973, -21.300043476230044], [55.64243562367164, -21.29999151603002], [55.641093258506785, -21.29971709803986], [55.640799321375596, -21.29939584355208], [55.64021518151926, -21.29887170146665], [55.64016732112654, -21.298835180960758], [55.6402712599469, -21.29864360844352], [55.6408199837081, -21.298406848137027], [55.64100267531445, -21.298351412832577], [55.64104415287074, -21.29803377044021], [55.6410804097848, -21.297235506437627], [55.64108963142541, -21.29696638414056], [55.641094855343574, -21.296503010405832], [55.641057137668525, -21.29588752797626], [55.64086963868419, -21.294159721699057], [55.64071841072032, -21.29157990174801], [55.64087820254994, -21.289453361827366], [55.640996677281514, -21.28872802841121], [55.64123100933056, -21.288086286048678], [55.641568271798214, -21.287361362595146], [55.64190452138355, -21.286641398489802], [55.642923828224866, -21.283853760081705], [55.64297250026643, -21.283591278459536], [55.64368157364103, -21.28173248330003], [55.64494042366003, -21.280142789405218], [55.64558394728229, -21.277754094296526], [55.64553837362539, -21.27536256527876], [55.645523926311654, -21.275361545752915], [55.64557539489904, -21.27521381051327], [55.645509498072336, -21.273726369248593], [55.64534561224206, -21.27278376229769], [55.645227366000185, -21.27222499367216], [55.64462978985349, -21.269914841500878], [55.64423496289453, -21.26835564675837], [55.644182905108536, -21.268041765873882], [55.64443992032623, -21.26786406754885], [55.64452788598274, -21.26783496475913], [55.64462883432931, -21.267966762441166], [55.645073863864255, -21.26841117616372], [55.64530930753501, -21.26848443401393], [55.64765993370373, -21.26889717864995], [55.649978074030976, -21.269175031559666], [55.65269025621135, -21.270874542399355], [55.65288773364331, -21.271172143553866], [55.653138631679845, -21.271348496371775], [55.65346592430417, -21.27149655226529], [55.65391681569473, -21.27161849468682], [55.65395635961619, -21.27161519725513], [55.65540215809155, -21.270642090374608], [55.65602590457688, -21.26913395350215], [55.65605858317452, -21.26903755554293], [55.6561320391979, -21.268908058825463], [55.65614376721975, -21.268890085337606], [55.65621022322154, -21.268788536649588], [55.65627930774153, -21.26871591615456], [55.65629584586174, -21.268698884369538], [55.656345345411104, -21.268660435014624], [55.65640842644402, -21.26861215708307], [55.65719675406316, -21.268081850818135], [55.65732837750514, -21.268020568498187], [55.6574568149413, -21.267991781364927], [55.65771029907139, -21.267989284277494], [55.657885570964, -21.26800332749398], [55.6580865752019, -21.268049192817028], [55.66025741444745, -21.268950851470386], [55.66083173392672, -21.269491105897416], [55.66133590523813, -21.270009120662742], [55.662854883184025, -21.270732092429206], [55.66439900359378, -21.271202823792333], [55.66565072057115, -21.27117164033281], [55.66791146441997, -21.27119675870558], [55.66829425960354, -21.27192608246865], [55.66814290656113, -21.272787589712255], [55.667645866615196, -21.27340065033945], [55.666880274225555, -21.27397544992227], [55.66489076681501, -21.27539512163716], [55.66266857576803, -21.277709046476414], [55.66106268269959, -21.27932954818672], [55.65995874576572, -21.28086098252925], [55.65953664698022, -21.281386987167558], [55.65923353125885, -21.281758561539178], [55.658758256876155, -21.282302207563653], [55.658449990787894, -21.28270987333327], [55.658095570753005, -21.28331771454349], [55.65797041262403, -21.28383343376435], [55.657933210568885, -21.284321850028725], [55.658137937960156, -21.285128367227752], [55.65870775422707, -21.28585197471867], [55.659615534438664, -21.28672100086506], [55.65994392736912, -21.286964809693256], [55.66043608362343, -21.28721895449924], [55.661643096805975, -21.288467951942273], [55.663460908892155, -21.290711865319174], [55.66400184949061, -21.29143613063296], [55.6640904109214, -21.29208905340505], [55.66354318324283, -21.29291308285996], [55.66314823480473, -21.293311937921718], [55.66278823559154, -21.293629767998294], [55.66122538845872, -21.29478763552115], [55.65995513281125, -21.295459556386707], [55.65853190679358, -21.296310466174525], [55.65683602210782, -21.29878928066436], [55.65487980977425, -21.300950725479186], [55.65222114474835, -21.30291726789551], [55.65148474848572, -21.303385173223855], [55.651282832927386, -21.3035398338571], [55.651080595350216, -21.303729722174143], [55.65060078380011, -21.30433653718424], [55.65053343347675, -21.304428138373282], [55.65042742674946, -21.30463596117996], [55.650275334591804, -21.305351094961427], [55.650160481613355, -21.305893988098685], [55.65001770837051, -21.30685490639739], [55.64991337599836, -21.307723088235043], [55.649877418918216, -21.308809525050172], [55.6498870046572, -21.30902640503734], [55.64996403865103, -21.30935222786021], [55.65004705369607, -21.31050036933137], [55.650036724667274, -21.31136682098735], [55.64921767338377, -21.311591050378233], [55.64858250633679, -21.311683509718513], [55.647966700197784, -21.31176708879499], [55.64715800541625, -21.311859954446057], [55.64682131588758, -21.311887056523737], [55.64652262569431, -21.311870199798825], [55.64650334681805, -21.311870044666314]]]}";9741205;97412;974;4;974120502;Forêt des Hauts de Langevin;Saint-Joseph;LA REUNION;Foret des Hauts de Langevin;LA REUNION;;4;;;;;;Iris divers;8510;0;0;;0;;0;0;0;0;88.437680211;;88.437680211;94.247698368;;94.247698368;88.437680211;88;88.437680211;0;0;0;0;0;0;0;0;0;0;0;0;0;0;0;0;0;0;0;88.437680211;94.247698368;88.437680211;0;;0;0;;0;0;0;0;0;;0;0;;0;0;0;0;;;;88.437680211;;29.479226737;94.247698368;;31.415899456;88.437680211;29;29.479226737;0;;0;0;;0;0;0;0;Polygon;12609.444444444;1;0;0;0;0;0;0;0;0;0;0;12609.444444444;12609.444444444;88.437680211;;94.247698368;;88.437680211;14;0.313710150;0.277854799;0.313710150;0.269945611;0.272035020;0.269945611;0.463995141;0.500285372;0.463995141;0.202770319;0.196080739;0.202770319;0.106221542;0.119705354;0.106221542;14258;13379.047619048;14258
Saint-Joseph;LA REUNION;CA du Sud;LA REUNION;175.693232404;93.501114243;91.326901378;93.501114243;Non;974120603;97412;2A;249740085;-21.2947156794, 55.6722749698;"{""type"": ""Polygon"", ""coordinates"": [[[55.64650334681805, -21.311870044666314], [55.64652262569431, -21.311870199798825], [55.64682131588758, -21.311887056523737], [55.64715800541625, -21.311859954446057], [55.647966700197784, -21.31176708879499], [55.64858250633679, -21.311683509718513], [55.64921767338377, -21.311591050378233], [55.650036724667274, -21.31136682098735], [55.65004705369607, -21.31050036933137], [55.64996403865103, -21.30935222786021], [55.6498870046572, -21.30902640503734], [55.649877418918216, -21.308809525050172], [55.64991337599836, -21.307723088235043], [55.65001770837051, -21.30685490639739], [55.650160481613355, -21.305893988098685], [55.650275334591804, -21.305351094961427], [55.65042742674946, -21.30463596117996], [55.65053343347675, -21.304428138373282], [55.65060078380011, -21.30433653718424], [55.651080595350216, -21.303729722174143], [55.651282832927386, -21.3035398338571], [55.65148474848572, -21.303385173223855], [55.65222114474835, -21.30291726789551], [55.65487980977425, -21.300950725479186], [55.65683602210782, -21.29878928066436], [55.65853190679358, -21.296310466174525], [55.65995513281125, -21.295459556386707], [55.66122538845872, -21.29478763552115], [55.66278823559154, -21.293629767998294], [55.66314823480473, -21.293311937921718], [55.66354318324283, -21.29291308285996], [55.6640904109214, -21.29208905340505], [55.66400184949061, -21.29143613063296], [55.663460908892155, -21.290711865319174], [55.661643096805975, -21.288467951942273], [55.66043608362343, -21.28721895449924], [55.65994392736912, -21.286964809693256], [55.659615534438664, -21.28672100086506], [55.65870775422707, -21.28585197471867], [55.658137937960156, -21.285128367227752], [55.657933210568885, -21.284321850028725], [55.65797041262403, -21.28383343376435], [55.658095570753005, -21.28331771454349], [55.658449990787894, -21.28270987333327], [55.658758256876155, -21.282302207563653], [55.65923353125885, -21.281758561539178], [55.65953664698022, -21.281386987167558], [55.65995874576572, -21.28086098252925], [55.66106268269959, -21.27932954818672], [55.66266857576803, -21.277709046476414], [55.66489076681501, -21.27539512163716], [55.666880274225555, -21.27397544992227], [55.667645866615196, -21.27340065033945], [55.66814290656113, -21.272787589712255], [55.66829425960354, -21.27192608246865], [55.66791146441997, -21.27119675870558], [55.66565072057115, -21.27117164033281], [55.66439900359378, -21.271202823792333], [55.662854883184025, -21.270732092429206], [55.66133590523813, -21.270009120662742], [55.66083173392672, -21.269491105897416], [55.66025741444745, -21.268950851470386], [55.6580865752019, -21.268049192817028], [55.657885570964, -21.26800332749398], [55.65771029907139, -21.267989284277494], [55.6574568149413, -21.267991781364927], [55.65732837750514, -21.268020568498187], [55.65719675406316, -21.268081850818135], [55.65640842644402, -21.26861215708307], [55.656345345411104, -21.268660435014624], [55.65629584586174, -21.268698884369538], [55.65627930774153, -21.26871591615456], [55.65621022322154, -21.268788536649588], [55.65614376721975, -21.268890085337606], [55.6561320391979, -21.268908058825463], [55.65605858317452, -21.26903755554293], [55.65602590457688, -21.26913395350215], [55.65540215809155, -21.270642090374608], [55.65395635961619, -21.27161519725513], [55.65391681569473, -21.27161849468682], [55.65346592430417, -21.27149655226529], [55.653138631679845, -21.271348496371775], [55.65288773364331, -21.271172143553866], [55.65269025621135, -21.270874542399355], [55.649978074030976, -21.269175031559666], [55.64765993370373, -21.26889717864995], [55.64530930753501, -21.26848443401393], [55.645073863864255, -21.26841117616372], [55.64462883432931, -21.267966762441166], [55.64452788598274, -21.26783496475913], [55.644700909692425, -21.26777854234544], [55.64686473076614, -21.26511479301881], [55.647210480944416, -21.264611693307078], [55.64796329593035, -21.262694503002198], [55.64826491656654, -21.261323830136668], [55.6509899226665, -21.259346548873253], [55.65147926485971, -21.259051455587947], [55.652612439752495, -21.258427268844393], [55.65304984268586, -21.258226607429332], [55.65329925825092, -21.258245764167206], [55.65471126561337, -21.258060787047167], [55.65601633409649, -21.257553803274437], [55.656338984097694, -21.257387448693283], [55.65646397905815, -21.257073174854163], [55.65652639764189, -21.25688487157418], [55.65671259082885, -21.255161854106202], [55.656739409369344, -21.25480795328565], [55.65670124235117, -21.254500508975998], [55.65660374614109, -21.254200270357128], [55.6564408063185, -21.253997072275272], [55.6562251287193, -21.253764998032942], [55.65605014768424, -21.2536145497943], [55.65602720233375, -21.253594493089476], [55.65597942549113, -21.25354984786663], [55.65594602843107, -21.253513447461792], [55.65590410680053, -21.253460718722895], [55.65556391065403, -21.252986455518343], [55.65524009511703, -21.252512548204873], [55.654948298392405, -21.251749371092988], [55.654424091902854, -21.250369381091424], [55.65391231183114, -21.249243460455386], [55.653176611902815, -21.24781093649763], [55.65272513613532, -21.247306996934828], [55.652626788468716, -21.246889765321242], [55.65253492206132, -21.245627272737345], [55.652387946542035, -21.24323430524517], [55.65242651027499, -21.241998313520543], [55.65150766313425, -21.240219639465323], [55.65038364184215, -21.238359983390712], [55.64929584832413, -21.23724512016271], [55.649283504392365, -21.237225147549015], [55.649326118757195, -21.23720109824576], [55.64948917366721, -21.237177109908064], [55.64952193948962, -21.237176468885764], [55.65239850642936, -21.23744699354936], [55.65460998048888, -21.23764080102023], [55.65754525241654, -21.23792164379754], [55.66194665379789, -21.238343697363895], [55.6641725261609, -21.23855602062702], [55.666349218106625, -21.23876475708997], [55.667663323728625, -21.23889077219704], [55.66831219615849, -21.23895280800106], [55.670304066844565, -21.239142870620796], [55.67237296162188, -21.239340743375205], [55.67515235575396, -21.23960650503009], [55.67582435979758, -21.239668693881104], [55.67832752236471, -21.23990152052919], [55.67881274993242, -21.2399468767353], [55.67881164154128, -21.23996312854976], [55.678412474507034, -21.242153361105814], [55.67821074941215, -21.24327194721755], [55.678132128584735, -21.244308388676746], [55.678262347684814, -21.245076588098627], [55.678586111234225, -21.246616870488452], [55.6787364344529, -21.247211104417897], [55.679066064134396, -21.248661773418952], [55.67920404866743, -21.24945148776219], [55.679336964689426, -21.250918915001932], [55.679559919197985, -21.252662106583404], [55.67968349173489, -21.25360979553672], [55.67970672782703, -21.25370573366104], [55.67973380215976, -21.253803508562843], [55.67993382299091, -21.25423886649674], [55.68046068414486, -21.25685374830292], [55.68091122200769, -21.25923152978], [55.68129295999643, -21.261274302885763], [55.6819873198049, -21.263708416765564], [55.68330461244941, -21.266645599858986], [55.68335775015622, -21.266739061120195], [55.68376730697467, -21.267446881423954], [55.68401464899369, -21.267864358866802], [55.68515451921303, -21.269735082548767], [55.686027833749236, -21.270911746976576], [55.68660844268149, -21.271406798919863], [55.68827958613404, -21.272714108778057], [55.68961132435738, -21.27371568575236], [55.691451751137286, -21.274413836890364], [55.69323231678326, -21.274907796251565], [55.694586308261535, -21.275250280503997], [55.69470854982103, -21.27526839171333], [55.69469505728794, -21.27537759390825], [55.69466609688621, -21.27560140314931], [55.6945880091685, -21.276040735035895], [55.69422800251809, -21.27740924699703], [55.69385540630445, -21.277801126723208], [55.69292839525865, -21.278545531255634], [55.69235351072839, -21.279313962722576], [55.691415200417765, -21.280726236122035], [55.691193933802964, -21.281278728033307], [55.69084714150638, -21.28218345744763], [55.69067469041239, -21.282738003137673], [55.6905360074715, -21.285749803512786], [55.690603156455886, -21.287424659269952], [55.69066674642419, -21.28922374200197], [55.690373378360704, -21.290623473197], [55.69023272610398, -21.29181187661131], [55.69028048559616, -21.292405077373363], [55.69045106339491, -21.292735227079124], [55.69057990105782, -21.292989621483834], [55.69077571589743, -21.293408948054214], [55.690835093955, -21.293778883606247], [55.69065989272288, -21.294732370873586], [55.69049376805653, -21.29553145408698], [55.69010697871726, -21.29675701151513], [55.69005487736268, -21.296871332489424], [55.690015562326494, -21.29695684550629], [55.6899940691266, -21.296989199102992], [55.689773329379676, -21.297315399749728], [55.689720599995255, -21.297391774666693], [55.689658111769404, -21.297481623952997], [55.688525621479066, -21.299856763332635], [55.68771680344119, -21.30170956700815], [55.687598636920214, -21.30231570132249], [55.68757094298285, -21.3025033835643], [55.68737894159179, -21.30415051204886], [55.68735001201263, -21.304585704279077], [55.687438935895344, -21.305053232316], [55.68770849896158, -21.308505454785138], [55.687706419604375, -21.309499130511202], [55.68833122928802, -21.31143854112133], [55.68951077359629, -21.31311578269588], [55.68954452853613, -21.31311423897814], [55.6896901359218, -21.31310995323345], [55.68987235008631, -21.31310866257509], [55.69003422476663, -21.313118053588713], [55.69019111941034, -21.313145472797217], [55.69031686270516, -21.313206976850935], [55.69037324030492, -21.31326342394251], [55.690401814988526, -21.313302490765516], [55.69043219748383, -21.313355122008797], [55.69072207899097, -21.313986340840184], [55.69103215756821, -21.31473199103913], [55.69143630690821, -21.31601338565955], [55.692599288423516, -21.3188885557396], [55.692945861758034, -21.31984271030027], [55.69324434852864, -21.321655356782948], [55.693443182020005, -21.322854752658692], [55.6944588267014, -21.324384797965262], [55.695074835350624, -21.32515472342565], [55.69547074042686, -21.326066572750836], [55.695517929272334, -21.326181665213714], [55.69556878281083, -21.32631846665994], [55.69562432899628, -21.326469758209303], [55.69565720886656, -21.326567575838403], [55.69634865802362, -21.328731058438755], [55.696523493537896, -21.32940360822443], [55.69828809971433, -21.332383906633353], [55.69913481943649, -21.333699496721085], [55.69942425955231, -21.334966366051418], [55.69926510702856, -21.336625320104883], [55.69864013544443, -21.33827290399512], [55.69842062640073, -21.341513348644913], [55.698570763461426, -21.342747140688378], [55.69850845674805, -21.344125630493977], [55.69807196996708, -21.345400496420687], [55.698004898937974, -21.34546140477465], [55.69775067015542, -21.345751217969028], [55.697711592128606, -21.34580872976851], [55.696062571805534, -21.345825748837978], [55.690125161592306, -21.34588434652723], [55.68934212458121, -21.345891789340982], [55.68670470783058, -21.345913648886643], [55.68641792885314, -21.34584997871555], [55.6863275211456, -21.345823977889236], [55.686238085702314, -21.345797081266983], [55.68615736816778, -21.345765736020613], [55.686129559861975, -21.345748354838687], [55.684775376832775, -21.344601793148225], [55.683244492069655, -21.3441331568607], [55.68216166016984, -21.344078595372086], [55.67938665232338, -21.34261821866635], [55.677843806149525, -21.34155232609233], [55.67768416221509, -21.341505902222345], [55.67708263024169, -21.341382828104194], [55.676553070006406, -21.341298259500867], [55.6758727953383, -21.34124682885213], [55.67508359552662, -21.341299325123853], [55.67499081014652, -21.341323887218056], [55.67485374700039, -21.341339969900762], [55.67464746815562, -21.341332922757626], [55.67440273712737, -21.341312925098837], [55.67359168907709, -21.34122160941271], [55.67267002099815, -21.340726070658], [55.67140224181605, -21.340012793667128], [55.66912298005098, -21.340319961087474], [55.66900585462449, -21.34037052416008], [55.66890922877399, -21.340393245758406], [55.668814743157476, -21.34039249720723], [55.66865882174342, -21.340361451338154], [55.66815960846562, -21.340227412945914], [55.66804052856232, -21.340174074840096], [55.66753339715456, -21.339849365495702], [55.66735512095577, -21.33973141979431], [55.66715767666599, -21.339600675001506], [55.666821339885566, -21.33936855645614], [55.666378342521384, -21.338349678407038], [55.666366527622706, -21.33827009004971], [55.66633975192345, -21.33803229712279], [55.66633839539142, -21.337969052023922], [55.66644418404751, -21.334799592498246], [55.66678811527345, -21.333336638936885], [55.666836335258715, -21.333228619653962], [55.66693682010506, -21.333098431201567], [55.667024502290985, -21.332997951634628], [55.66849149876067, -21.33075120810418], [55.669223741402774, -21.328081286603698], [55.66921193596256, -21.327786701237546], [55.669209092665206, -21.32778125863193], [55.66661614084958, -21.327720964079404], [55.66515380840103, -21.32769400164357], [55.66364048055102, -21.32765578093802], [55.660989569654085, -21.32654615279654], [55.6596218683739, -21.326292253047345], [55.65736488796955, -21.32660938415297], [55.65617487449524, -21.326853715913785], [55.65609854217262, -21.32687207597388], [55.654593580548664, -21.327504123483344], [55.653605237799596, -21.327981426951126], [55.65313109507654, -21.328973898002232], [55.64951197235074, -21.328739801449938], [55.64886693572872, -21.32853317229322], [55.647543282354555, -21.328523431129998], [55.64752378230535, -21.328441973329113], [55.6477804230939, -21.325054692558254], [55.647980317599384, -21.322598301153267], [55.647601481350115, -21.32059344376807], [55.64670399657757, -21.319113772115614], [55.646306424531325, -21.317262329958314], [55.64538804526064, -21.31449070184894], [55.645175852577154, -21.31429206362543], [55.64488591220891, -21.31374139786802], [55.64514541542231, -21.313091273906444], [55.64574193073259, -21.311853075830644], [55.64650334681805, -21.311870044666314]]]}";9741206;97412;974;4;974120603;Forêt des Hauts de Vincendo;Saint-Joseph;LA REUNION;Foret des Hauts de Vincendo;LA REUNION;;4;;;;;;Iris divers;8510;107.684962266;53.842481133;;111.445992868;;55.722996434;107.684962266;53;53.842481133;88.437680211;;88.437680211;94.247698368;;94.247698368;88.437680211;88;88.437680211;47.710377682;5.022629964;62.750307775;12.556574909;33.557512313;37.887890650;33.557512313;74.127449952;73.558102218;74.127449952;125.242587406;116.157607653;125.242587406;91.730993505;94.860529969;91.730993505;147.910462069;131.249579411;147.910462069;88.437680211;94.247698368;88.437680211;91.730993505;;91.730993505;94.860529969;;94.860529969;91.730993505;91;91.730993505;273.153049475;;136.576524737;247.407187064;;123.703593532;273.153049475;136;136.576524737;;;;196.122642476;;65.374214159;205.693691235;;68.564563745;196.122642476;65;65.374214159;364.884042980;;121.628014327;342.267717033;;114.089239011;364.884042980;121;121.628014327;Polygon;12609.444444444;1;107.933645096;62.722347977;2.503052936;32.679508346;27.603651036;0.105273322;0.200103798;0.581119520;0.186003228;0.157112774;12609.444444444;12609.444444444;561.006685456;;547.961408269;;561.006685456;93;0.313710150;0.277854799;0.313710150;0.269945611;0.272035020;0.269945611;0.463995141;0.500285372;0.463995141;0.202770319;0.196080739;0.202770319;0.106221542;0.119705354;0.106221542;14258;13379.047619048;14258
Saint-Joseph;LA REUNION;CA du Sud;LA REUNION;0;14.739613368;15.707949728;14.739613368;Non;974120106;97412;2A;249740085;-21.2576448782, 55.6261562646;"{""type"": ""Polygon"", ""coordinates"": [[[55.60545722445025, -21.29742647438658], [55.60546684490981, -21.297326283943246], [55.6054387038394, -21.297039693621702], [55.60487745417015, -21.294820065086437], [55.603980296185235, -21.29173406117427], [55.6039417187713, -21.291634374389233], [55.60385536122388, -21.291082623837685], [55.60385477244462, -21.289511719304254], [55.60439675940968, -21.287845946279443], [55.60449532648101, -21.28751252920897], [55.60469623449015, -21.28644554837581], [55.60454853497261, -21.28565300220262], [55.604274416047524, -21.285081628582013], [55.60393400512927, -21.284488024880737], [55.60363515721489, -21.283882118566424], [55.603422186732, -21.28295985327567], [55.603394447211095, -21.282631260685452], [55.60339003347772, -21.282180007889558], [55.60339044277897, -21.282034574229744], [55.60339155989777, -21.28181416956923], [55.60345308331588, -21.280452901013042], [55.60350243114806, -21.27936027369128], [55.603366532271544, -21.278033501019223], [55.60307667857193, -21.277803456398267], [55.6027452758819, -21.277482733015184], [55.60248853166994, -21.277114751736402], [55.60201589893036, -21.27613522655048], [55.601970921801275, -21.27599935283505], [55.601710692798854, -21.27355276541046], [55.60165666548264, -21.272640850730923], [55.60165681057034, -21.272625495219874], [55.60165423680449, -21.27238789643006], [55.60162278641882, -21.27224852157478], [55.60156777777033, -21.271491520811086], [55.601576636804324, -21.270502892723652], [55.601584296228154, -21.270304222294854], [55.60159941015463, -21.269928559794202], [55.60162452008475, -21.269310886057816], [55.60212020485355, -21.26815330864713], [55.60221382332559, -21.267934574528024], [55.6022929360672, -21.267312831744217], [55.60242982227848, -21.265471159674565], [55.60217559598056, -21.262777053553418], [55.60117327928791, -21.260766090276046], [55.600925673764934, -21.26025003601293], [55.600250055069836, -21.25852627869137], [55.60019838157924, -21.258385832261954], [55.6001844851107, -21.258122845712183], [55.600187886163965, -21.257457114385144], [55.60034197411632, -21.254280339737992], [55.60047529328581, -21.252025925025535], [55.60080670104938, -21.250796635703274], [55.60150021021211, -21.248899846256776], [55.601498086351754, -21.24851229639483], [55.60135722949882, -21.24791808621914], [55.60104434965217, -21.247275475172334], [55.60128409923708, -21.24637593214643], [55.6020871012865, -21.24490924525852], [55.60305730011097, -21.24363766690509], [55.60415948941883, -21.24247926481476], [55.604844914536685, -21.241009781992727], [55.60511964975762, -21.238129043194455], [55.60471806804008, -21.23605932997694], [55.60453539536003, -21.235300819355245], [55.60452081357428, -21.23521217133217], [55.60450920988332, -21.234909456173277], [55.60450830023661, -21.234698970235968], [55.60453851714861, -21.233842853035636], [55.604910113454984, -21.230700944054355], [55.60497536389981, -21.22990970482972], [55.6049988557253, -21.229768074449545], [55.60500188182823, -21.229753646005335], [55.60500801048958, -21.229716659675404], [55.60572219955549, -21.22774153440044], [55.60691440167265, -21.22477396482339], [55.60733619042405, -21.223511863006223], [55.60757971632251, -21.222919472808922], [55.608114229065485, -21.222015118757717], [55.60881174033499, -21.221193407124957], [55.609117342789666, -21.220709475303593], [55.60938404996544, -21.220266339013953], [55.610377266584834, -21.21841768086906], [55.61189731445961, -21.21612033530918], [55.613512245813396, -21.213015693763307], [55.61357596287988, -21.212824272231828], [55.61393422283909, -21.212010589211072], [55.61423227923193, -21.21145386467101], [55.61502838320451, -21.21007105021851], [55.61548556299948, -21.209469105692698], [55.61581579893443, -21.20910189265144], [55.617684727929976, -21.20733670501033], [55.618066438300254, -21.207001073829012], [55.6184002838996, -21.20673641456731], [55.618523288707756, -21.206665153041353], [55.61863461679693, -21.206606442774444], [55.61924835623968, -21.206284449993653], [55.61978895154383, -21.20605851531472], [55.621021702001705, -21.20557174418276], [55.622094278921146, -21.20511256405374], [55.62223466931157, -21.205036021416486], [55.62230644338037, -21.204983309349075], [55.62236854312022, -21.20493503507825], [55.622424846634026, -21.20488852020169], [55.622491913290816, -21.20482402611442], [55.62292062506074, -21.20440430326393], [55.62333367111042, -21.203907666811947], [55.623525017880695, -21.203633704845007], [55.62379679697692, -21.203256061155276], [55.62396387768255, -21.203053717156994], [55.624413163343114, -21.202595765254316], [55.62565196814433, -21.2016582356704], [55.62677506383184, -21.201044058371878], [55.62823395626694, -21.199600434204445], [55.62848659353714, -21.19908685205744], [55.62863336699562, -21.19883962206605], [55.629458933189866, -21.19799988172599], [55.629688317914486, -21.19779921214676], [55.630390221844394, -21.19728926996229], [55.6311742045765, -21.19677890666587], [55.63209091193318, -21.19618560237661], [55.63285827182603, -21.195753236082354], [55.63376646771736, -21.19529851784706], [55.63391040516461, -21.195253610751084], [55.63414210817051, -21.195196766139432], [55.6347238394437, -21.195073643592483], [55.636929990685516, -21.194646555093602], [55.63703787487268, -21.194646522085826], [55.637083102801014, -21.194651403707965], [55.63712733441652, -21.194659890697583], [55.63718013522656, -21.19467928704638], [55.63796696892596, -21.19500993620818], [55.638139662559894, -21.19508540337842], [55.63831611804961, -21.195170837596656], [55.638530869301405, -21.19528187417058], [55.63871679986696, -21.195384548077875], [55.6388538234568, -21.19546334055801], [55.63895060030526, -21.19551922484596], [55.63908661959999, -21.195602525829255], [55.63924727652978, -21.195730289523766], [55.63945662615711, -21.195905419651467], [55.64117454196724, -21.1974386886631], [55.642867909793985, -21.199026849005033], [55.64394728680518, -21.19971032373268], [55.644011508787614, -21.199745166785377], [55.644247659707716, -21.199834687776217], [55.64599061270441, -21.200428170573318], [55.64675944750921, -21.200625391516034], [55.64792914909095, -21.201125280913306], [55.64901049868481, -21.201702144561807], [55.64964854171582, -21.202724426389196], [55.650456042428864, -21.204075075383432], [55.651396403156696, -21.205648104411765], [55.65222010901942, -21.20755172984994], [55.653246695999506, -21.20992490898153], [55.65328160011167, -21.210006489495225], [55.653285363124056, -21.210016456434403], [55.65352901303281, -21.210662493068945], [55.653722798087756, -21.21117714505325], [55.65386860296573, -21.211564944345795], [55.65406990824209, -21.212100433153765], [55.6541367137676, -21.21227621694484], [55.6542068479449, -21.21282872710906], [55.654230362567795, -21.21299784229423], [55.65425520901598, -21.213126317028312], [55.654334289605174, -21.21343589542207], [55.65435476999656, -21.213514650711637], [55.65439662330251, -21.213573702491182], [55.65470648852673, -21.21485874066302], [55.65483689859729, -21.215486004215666], [55.6548962621393, -21.215951706001984], [55.654967238052166, -21.21662436899072], [55.65497347127397, -21.21678702287624], [55.65496846120433, -21.21702095236027], [55.65480839979994, -21.217567562787874], [55.65438094069589, -21.22064144582381], [55.653894340143395, -21.223492164183575], [55.65370551019464, -21.22386329220083], [55.65331259623133, -21.224534399373347], [55.652671313408135, -21.225448106112076], [55.6517400515249, -21.2263584770921], [55.65086003516488, -21.22783023522537], [55.65045536162521, -21.22915583348229], [55.65015112053373, -21.23008475797189], [55.649089893142325, -21.231782878432547], [55.6473394526518, -21.233859711272345], [55.6470780229737, -21.23426434953196], [55.64699015511991, -21.23444341203916], [55.64697100369117, -21.23469439050921], [55.6469695951863, -21.234743160261345], [55.64716666400474, -21.235954330077202], [55.6471812633259, -21.236043879075527], [55.64719886014895, -21.236121708526415], [55.64723455654161, -21.23622226694149], [55.64727424688054, -21.23630750038278], [55.64737794474493, -21.236452868358143], [55.647444710803114, -21.23652747863995], [55.647588133073924, -21.236648774490867], [55.64770680232109, -21.236737351091705], [55.64780455576861, -21.23679504595572], [55.64820662131378, -21.23697622903564], [55.64852057667867, -21.2370988906867], [55.64885168110059, -21.237187095480564], [55.64923138709116, -21.23723466709257], [55.649283504392365, -21.237225147549015], [55.64929584832413, -21.23724512016271], [55.65038364184215, -21.238359983390712], [55.65150766313425, -21.240219639465323], [55.65242651027499, -21.241998313520543], [55.652387946542035, -21.24323430524517], [55.65253492206132, -21.245627272737345], [55.652626788468716, -21.246889765321242], [55.65272513613532, -21.247306996934828], [55.653176611902815, -21.24781093649763], [55.65391231183114, -21.249243460455386], [55.654424091902854, -21.250369381091424], [55.654948298392405, -21.251749371092988], [55.65524009511703, -21.252512548204873], [55.65556391065403, -21.252986455518343], [55.65590410680053, -21.253460718722895], [55.65594602843107, -21.253513447461792], [55.65597942549113, -21.25354984786663], [55.65602720233375, -21.253594493089476], [55.65605014768424, -21.2536145497943], [55.6562251287193, -21.253764998032942], [55.6564408063185, -21.253997072275272], [55.65660374614109, -21.254200270357128], [55.65670124235117, -21.254500508975998], [55.656739409369344, -21.25480795328565], [55.65671259082885, -21.255161854106202], [55.65652639764189, -21.25688487157418], [55.65646397905815, -21.257073174854163], [55.656338984097694, -21.257387448693283], [55.65601633409649, -21.257553803274437], [55.65471126561337, -21.258060787047167], [55.65329925825092, -21.258245764167206], [55.65304984268586, -21.258226607429332], [55.652612439752495, -21.258427268844393], [55.65147926485971, -21.259051455587947], [55.6509899226665, -21.259346548873253], [55.64826491656654, -21.261323830136668], [55.64796329593035, -21.262694503002198], [55.647210480944416, -21.264611693307078], [55.64686473076614, -21.26511479301881], [55.644700909692425, -21.26777854234544], [55.64452788598274, -21.26783496475913], [55.64443992032623, -21.26786406754885], [55.644182905108536, -21.268041765873882], [55.64423496289453, -21.26835564675837], [55.64462978985349, -21.269914841500878], [55.645227366000185, -21.27222499367216], [55.64534561224206, -21.27278376229769], [55.645509498072336, -21.273726369248593], [55.64557539489904, -21.27521381051327], [55.645523926311654, -21.275361545752915], [55.645132959673134, -21.27532588080404], [55.6446632259678, -21.275261577378025], [55.644305824054655, -21.27524424756511], [55.643283574320755, -21.275209819591662], [55.64116340681199, -21.275194987156663], [55.63870320836817, -21.27518686539519], [55.63664155668821, -21.27517606232784], [55.63430904470986, -21.275169813175328], [55.63065312918537, -21.275127484305877], [55.629803393805346, -21.275531164107054], [55.629175257706, -21.276108237787813], [55.62674937270811, -21.278606996226515], [55.62671816479351, -21.27864648883187], [55.626592192591694, -21.278927304482224], [55.62655245302382, -21.27905525504896], [55.62654162144718, -21.27978077662296], [55.62654173222072, -21.280158148856575], [55.62658645459915, -21.28131027520192], [55.62665500972545, -21.283269280416423], [55.62662957336362, -21.283517492054624], [55.62631546462516, -21.284544739724133], [55.62625795587995, -21.284717712187618], [55.62617002506814, -21.284949153622005], [55.6261200174589, -21.285040886452617], [55.62592307068089, -21.28538706589347], [55.62588796399915, -21.285431043129908], [55.62567689689064, -21.285637089016653], [55.62424395939321, -21.286849413828968], [55.62248281629453, -21.28813830816817], [55.621073304857724, -21.289494651897996], [55.6209212556709, -21.289778861799725], [55.62068753242248, -21.290449031786803], [55.62035462038098, -21.291419200484103], [55.62042664757473, -21.29186062053018], [55.62193113716437, -21.29321801731342], [55.62437137445043, -21.295371142434483], [55.62460171790959, -21.29563822966045], [55.62499357498939, -21.29610123177605], [55.625435782682, -21.2968510032462], [55.62626393285764, -21.29869773341], [55.626749203963065, -21.29990146690588], [55.62684784926204, -21.300177790753157], [55.62685737744939, -21.30029349609335], [55.62687391863507, -21.300588120081617], [55.62687036138139, -21.300867223267492], [55.62685685554837, -21.301127726781107], [55.62699673499363, -21.303035368090978], [55.62841816742311, -21.30411651644256], [55.63110516801908, -21.30614923696678], [55.63183762492452, -21.30668726313904], [55.631934201342865, -21.306772059255245], [55.63206181727847, -21.306940215112302], [55.632172888179106, -21.307125399847894], [55.63226202052823, -21.30733750639754], [55.6328974949862, -21.309137611085873], [55.632958870262435, -21.309588877186012], [55.632997277084435, -21.312001110278334], [55.63279339925949, -21.313093399099376], [55.63266816424084, -21.313604575306716], [55.63240684959038, -21.31444436424172], [55.63204011864721, -21.315424216256595], [55.63183707058513, -21.31569718003167], [55.63103621964935, -21.31670872731145], [55.630560324192, -21.31761975079785], [55.63028078808204, -21.319889558542457], [55.63045311115874, -21.320955096096974], [55.63048132513203, -21.3232136742639], [55.63029735069268, -21.324026987483634], [55.630336088177074, -21.32483940489317], [55.63069772269627, -21.327335679289227], [55.63109327521399, -21.330619714502788], [55.63100721467869, -21.330854784961737], [55.63064955647851, -21.331785923482165], [55.62915530256644, -21.333511071987928], [55.62708862112162, -21.3351407752832], [55.627029643622215, -21.335158360198882], [55.62695305189856, -21.335203804628772], [55.62685701020012, -21.33526715683894], [55.6268179421654, -21.335321037832816], [55.62678947067603, -21.335375908741113], [55.62676075531663, -21.33545697442215], [55.62661540357229, -21.33605289229299], [55.626567110524235, -21.336631536502033], [55.62655621816615, -21.337128282691232], [55.626661834971394, -21.33821134325896], [55.626827470455346, -21.33960541614657], [55.62704678926211, -21.341292156823233], [55.62827307966896, -21.344601835955785], [55.62904757783305, -21.346366277023293], [55.629393877310186, -21.348218232705374], [55.62937326410009, -21.350124104084856], [55.629151429332765, -21.35085580256973], [55.62883229963625, -21.351836027001877], [55.62810727307994, -21.354569922815198], [55.62809724975545, -21.354714374591666], [55.628040018970154, -21.354957807578547], [55.62799095318105, -21.354945663348513], [55.62511657178773, -21.354204003474536], [55.62523235051152, -21.35388697753297], [55.625522546642394, -21.353065511599105], [55.62551654721877, -21.351737282686628], [55.6244546884437, -21.351352176083438], [55.62086383449085, -21.3513444080159], [55.62046811830219, -21.35128063475536], [55.62012150010744, -21.351225393971475], [55.620165345047056, -21.351073994162505], [55.62022076860288, -21.350921786123493], [55.62028460762095, -21.350797650531238], [55.620331488897634, -21.35073389896091], [55.62041533048148, -21.35063612429363], [55.62050953284966, -21.350564631352505], [55.62073265734284, -21.349287343161578], [55.62029342626467, -21.347898021690593], [55.620053160765195, -21.34740102106329], [55.61991392288803, -21.34713339366236], [55.619491120714194, -21.346359375721036], [55.61880317608596, -21.344734495001887], [55.61849808313405, -21.343979509319066], [55.618301770783454, -21.343320719554637], [55.61822388956025, -21.342988555519764], [55.61703669125826, -21.341370853289977], [55.61685459032683, -21.34135670760325], [55.61668970493984, -21.341049120060394], [55.61657507569353, -21.339058696856085], [55.61634424313858, -21.336556707009056], [55.61688784086695, -21.33390357281881], [55.617331226206694, -21.33072748333911], [55.61736028387881, -21.32844951173456], [55.61701397088722, -21.325949844766324], [55.61725898040937, -21.32408376269549], [55.61674115264117, -21.322398395865683], [55.616606582973695, -21.322252755024202], [55.61653906173407, -21.32215373589418], [55.616462078382, -21.3220356688361], [55.616336196101635, -21.32168323547666], [55.61602435919086, -21.32049639629397], [55.615897017846585, -21.318757330621935], [55.6150260311599, -21.316955231769324], [55.61375769498751, -21.31373568269504], [55.61281768353571, -21.311385132126485], [55.612198263204434, -21.309800089056477], [55.612149327697814, -21.309673218359627], [55.61201417347752, -21.30928366898678], [55.61095701392963, -21.30606990920738], [55.61079745937937, -21.302944857321524], [55.610086298102246, -21.301668846613367], [55.60914478465381, -21.300434610855365], [55.6076677149963, -21.299446567948536], [55.606451351555975, -21.298413021019165], [55.60617128776395, -21.2980602076873], [55.60592980537247, -21.29780708037555], [55.60545722445025, -21.29742647438658]]]}";9741201;97412;974;4;974120106;Zone Forestiere des Hauts de St-Joseph;Saint-Joseph;LA REUNION;Zone Forestiere des Hauts de St-Joseph;LA REUNION;;4;;;;;;Iris divers;8510;0;0;;0;;0;0;0;0;88.437680211;;88.437680211;94.247698368;;94.247698368;88.437680211;88;88.437680211;0;0;0;0;0;0;0;0;0;0;0;0;0;0;0;0;0;0;0;88.437680211;94.247698368;88.437680211;0;;0;0;;0;0;0;0;0;;0;0;;0;0;0;0;;;;88.437680211;;29.479226737;94.247698368;;31.415899456;88.437680211;29;29.479226737;0;;0;0;;0;0;0;0;Polygon;12609.444444444;1;0;0;0;0;0;0;0;0;0;0;12609.444444444;12609.444444444;88.437680211;;94.247698368;;88.437680211;14;0.313710150;0.277854799;0.313710150;0.269945611;0.272035020;0.269945611;0.463995141;0.500285372;0.463995141;0.202770319;0.196080739;0.202770319;0.106221542;0.119705354;0.106221542;14258;13379.047619048;14258
Saint-Leu;LA REUNION;CA Territoire de la Côte Ouest (Tco);LA REUNION;50.401779647;55.463064075;56.710143327;55.463064075;Non;974130203;97413;2A;249740101;-21.1406002171, 55.3607952828;"{""type"": ""Polygon"", ""coordinates"": [[[55.332102451445174, -21.175049342259893], [55.33247064873789, -21.174075645290312], [55.33287018631764, -21.17279695365941], [55.33327898151657, -21.171035106515543], [55.33308018730366, -21.16969722210362], [55.33304718408121, -21.166325469832035], [55.333062229818374, -21.1660568975111], [55.33309385560439, -21.16572661510307], [55.333308640698455, -21.164798371266706], [55.33389518254992, -21.163628101811806], [55.33410663061931, -21.16256704372422], [55.33392521771451, -21.161654767514058], [55.332488369301174, -21.160292940683927], [55.331073989647, -21.159334179700362], [55.32971993671811, -21.15973721948941], [55.3285740996876, -21.16003391405453], [55.3280374452956, -21.160146937931327], [55.32788170245148, -21.16012462349697], [55.32779842449974, -21.160080443741183], [55.3277023470309, -21.15997561890201], [55.32768353720338, -21.159935689450236], [55.328125761944115, -21.159056670877263], [55.32828988578227, -21.15901854931875], [55.32867955018197, -21.158960977732804], [55.32944227412689, -21.158127333833093], [55.32972645509956, -21.156796262052644], [55.32921875010024, -21.1541591424835], [55.32788997833496, -21.152614986869573], [55.32676434365223, -21.15116135051943], [55.32495848240627, -21.148979270144274], [55.32379996518419, -21.14788569242838], [55.32420533262275, -21.147713570875855], [55.324734323558694, -21.147379181706665], [55.32533345126126, -21.14697232054303], [55.32530828706131, -21.143815170977202], [55.32529991003683, -21.142676074498006], [55.325288549089045, -21.137519236633846], [55.3255872226617, -21.13732889248563], [55.32661872029143, -21.136867587218134], [55.32702333417344, -21.136759581076344], [55.32711926558792, -21.13687614667214], [55.328747931554254, -21.13647763277644], [55.32985613965626, -21.135699114906146], [55.330040535977325, -21.134450815481404], [55.33009591333256, -21.129077838528605], [55.33021071482046, -21.116675323916116], [55.33028464817165, -21.11669231128304], [55.33176712629359, -21.11736448826184], [55.3333106281316, -21.11745468500473], [55.33420243394276, -21.117397484294145], [55.335196605143466, -21.11716066322556], [55.338282556681406, -21.116409627926302], [55.341465471529915, -21.11533340301761], [55.34187440985252, -21.11517662291968], [55.342419063967164, -21.115064526396225], [55.343006248917106, -21.115023299099168], [55.345316325435014, -21.114872444170953], [55.34819726087318, -21.11437213676954], [55.35172658916218, -21.114344176478138], [55.35487144603191, -21.114263633601727], [55.35672250533166, -21.114708843187298], [55.3604290092632, -21.1149407570232], [55.364004401267934, -21.11492834275408], [55.36530534308857, -21.115330210655774], [55.36661212994779, -21.115286808777807], [55.3688835556168, -21.11519329424857], [55.37028004980885, -21.114912938897344], [55.37165907690477, -21.115306477055384], [55.37298203783517, -21.11572204806535], [55.3739570325282, -21.116179434417948], [55.376336592550565, -21.11749552630991], [55.37873579469287, -21.118558404044734], [55.37985838591011, -21.11899097532562], [55.38150993089841, -21.11902843868628], [55.382682000845165, -21.118894202218176], [55.383109166160644, -21.118829629645443], [55.38364084720166, -21.11871456587365], [55.383833045564145, -21.118656782549657], [55.383954877980635, -21.118607360707667], [55.38471042911318, -21.118265445951323], [55.385601342952775, -21.117868813743204], [55.38604038270238, -21.117685113035034], [55.386174551218076, -21.117652066144966], [55.38706940306942, -21.117513802935115], [55.38769793547781, -21.117433069465633], [55.38815260482578, -21.11740623188019], [55.38833631893636, -21.117420625412606], [55.38854984348295, -21.117438012118185], [55.38879402400912, -21.1174692393586], [55.39008111974722, -21.11783519012366], [55.393670047678846, -21.118264360768947], [55.39435625848652, -21.118280801164293], [55.3951434055443, -21.11848969193845], [55.3969952497371, -21.11905958327326], [55.399519215705425, -21.120063964744496], [55.40067343513332, -21.120157966927145], [55.40072059249834, -21.120159315367637], [55.400777646935346, -21.120135465102486], [55.400875575662745, -21.120070449287788], [55.40098467093751, -21.11999650590236], [55.401261529333006, -21.119719098761195], [55.40139652534846, -21.119518938881715], [55.40147415724897, -21.11937153177594], [55.40157487615551, -21.119315574733406], [55.401655158061004, -21.119280200504317], [55.402158451229035, -21.119208168002977], [55.40368224073359, -21.119426644580738], [55.40420213639049, -21.11957700268674], [55.40448854055308, -21.11971158051205], [55.40478729475822, -21.119861630108733], [55.4049642927311, -21.119964465137155], [55.405108350286994, -21.120086862313883], [55.40561235393329, -21.120636494889183], [55.405800778688956, -21.120873822899306], [55.40583877797094, -21.121011480745157], [55.405923327006164, -21.121207387231927], [55.40597332172853, -21.121303606518843], [55.406036908787875, -21.1213891141825], [55.40609896644505, -21.121437572489867], [55.40615071540024, -21.121459738342438], [55.40644499959228, -21.121578128007894], [55.40680863047817, -21.12169355617983], [55.40714444284663, -21.121799689129304], [55.40752072381759, -21.12190258868024], [55.40824294668659, -21.122064742277846], [55.40945193092195, -21.122035900839908], [55.41197523721024, -21.1223472714083], [55.41275935443714, -21.12248379077165], [55.41589811059112, -21.12272544380717], [55.41603184714636, -21.122733017364727], [55.41600743639268, -21.122765307722467], [55.41326593453293, -21.125134734573], [55.410878011796, -21.126839896369603], [55.41060455193911, -21.126934208658273], [55.4104216523006, -21.127022595701085], [55.41036080353249, -21.127086158388558], [55.410152582951326, -21.127337125885468], [55.40990264977425, -21.127662674726082], [55.40982401021227, -21.12781459278183], [55.40976698221547, -21.127926065563642], [55.40905658976412, -21.130193656674525], [55.4082963416324, -21.13338619607858], [55.40765749084805, -21.134657281713228], [55.40679159218465, -21.13563117448362], [55.40669837485987, -21.135614941417334], [55.406588308929955, -21.135643714255657], [55.4062035334978, -21.135791845618176], [55.405887897655674, -21.13595688622417], [55.40555711529368, -21.136187723722436], [55.40524830489341, -21.13643457502951], [55.404499010644265, -21.137266220159635], [55.40423586053846, -21.13774429003309], [55.40406298559042, -21.138153657110838], [55.40385442648064, -21.138658436156494], [55.403830702187264, -21.138716022981065], [55.40376809687646, -21.13889789709375], [55.403716197382714, -21.139069032647203], [55.40368317955634, -21.1395447545446], [55.40368574355681, -21.13966491613181], [55.40404090754461, -21.14102410119296], [55.40406313269001, -21.14110650999802], [55.40009574300483, -21.14124700906985], [55.39507613586289, -21.14186407149983], [55.390532467612175, -21.142784534586408], [55.38918349934387, -21.1435245831536], [55.387722608727174, -21.144939329859575], [55.38461119085715, -21.14599213442661], [55.38130457611821, -21.14724952499607], [55.38103652073796, -21.147771767074797], [55.38072890186966, -21.14834602032263], [55.38040917223391, -21.148926931546608], [55.3801175568297, -21.149445784779207], [55.379788170132954, -21.149896078113034], [55.37904522040868, -21.15087760297716], [55.37794576789787, -21.151614531461597], [55.37739345558479, -21.152021131512807], [55.37627747062285, -21.15299229036825], [55.374615347764696, -21.154727788207367], [55.37294586646462, -21.156560298757004], [55.37068434745784, -21.159165939042357], [55.37017356664645, -21.159600688271222], [55.36896560341306, -21.161574444878532], [55.36840581134377, -21.16256987485763], [55.36663443580953, -21.165335766492056], [55.365012318816454, -21.168183469529847], [55.36324922447056, -21.169265245466995], [55.36047159961703, -21.169428024985635], [55.35814848734192, -21.1706831616715], [55.3578339458901, -21.17091224779308], [55.35715191122935, -21.171543331521903], [55.35681902654822, -21.17186346760105], [55.356383927216875, -21.172457203411867], [55.3557990626803, -21.173269879330213], [55.35487117820661, -21.17444684599142], [55.354615415789546, -21.174758694734653], [55.353425481134856, -21.176117368379565], [55.35325799681304, -21.17628374498359], [55.35270105440688, -21.17674621197809], [55.352104603076164, -21.177210549964645], [55.35144027986286, -21.177629060353635], [55.351376275219465, -21.177669083213278], [55.351279450440245, -21.177716012096322], [55.35103556673871, -21.177780475122848], [55.349823316970834, -21.178064014281972], [55.34971523686916, -21.17808373433988], [55.349584116280816, -21.178096906510927], [55.34928263501138, -21.178101188963527], [55.34576493169868, -21.177900601233983], [55.34361303002992, -21.177682617881036], [55.34070053918597, -21.17774787362549], [55.33856832744212, -21.17736394031344], [55.33520210859193, -21.176195422568625], [55.33286476901394, -21.175299386935478], [55.3323733452614, -21.17510982328046], [55.332102451445174, -21.175049342259893]]]}";9741302;97413;974;4;974130203;Forêt des Hauts de la Chaloupe;Saint-Leu;LA REUNION;Foret des Hauts de la Chaloupe;LA REUNION;;4;;;;;;Iris divers;7585;52.460625748;26.230312874;;58.939315008;;29.469657504;52.460625748;26;26.230312874;101.423762098;;101.423762098;96.451677449;;96.451677449;101.423762098;101;101.423762098;15.161931373;0;17.663326065;2.501394692;0;0;0;52.460625748;58.939315008;52.460625748;61.006662199;61.487034980;61.006662199;24.442833939;25.332857177;24.442833939;93.444500464;98.049975347;93.444500464;101.423762098;96.451677449;101.423762098;24.442833939;;24.442833939;25.332857177;;25.332857177;24.442833939;24;24.442833939;154.451162663;;77.225581332;159.537010327;;79.768505164;154.451162663;77;77.225581332;;;;153.884387846;;51.294795949;155.390992458;;51.796997486;153.884387846;51;51.294795949;178.893996602;;59.631332201;184.869867504;;61.623289168;178.893996602;59;59.631332201;Polygon;14461;1;35.323311381;9.998897271;0;2.498053943;5.002789384;0;0.141615157;0.283067948;0.049562812;0.099258189;14461;14461;332.778384448;;340.260859962;;332.778384448;55;0.313710150;0.313932729;0.313710150;0.269945611;0.240272824;0.269945611;0.463995141;0.460370138;0.463995141;0.202770319;0.195646357;0.202770319;0.106221542;0.101232243;0.106221542;14258;14993;14258
Saint-Leu;LA REUNION;CA Territoire de la Côte Ouest (Tco);LA REUNION;40.022315073;89.634354919;92.155542593;89.634354919;Non;974130402;97413;2A;249740101;-21.1725738966, 55.3641174222;"{""type"": ""Polygon"", ""coordinates"": [[[55.34799442311963, -21.200252028224686], [55.347968446253965, -21.200509204474944], [55.34793057942864, -21.20088278549737], [55.34791201825349, -21.20099280217759], [55.34780639573713, -21.201223004616487], [55.34778580913611, -21.20125532074021], [55.34745824737704, -21.201262051966427], [55.34721776588975, -21.2012335041716], [55.34651312964145, -21.201000791322066], [55.34560988785181, -21.200589761702894], [55.343206466457204, -21.199081019549638], [55.34085716359695, -21.197485141114083], [55.337391221368115, -21.196503329241168], [55.33582348021599, -21.19686748831678], [55.334349895987216, -21.197503988038253], [55.33358123827091, -21.19763544258921], [55.333011765149344, -21.19649991216078], [55.33233262959597, -21.19367774903712], [55.33177119695636, -21.190667964650103], [55.33148019862218, -21.1891358725439], [55.331152733352496, -21.18750677107691], [55.33057032470901, -21.184653040175423], [55.33001416611508, -21.181950411427025], [55.33000840079084, -21.181692022097245], [55.33075763304944, -21.181351667933015], [55.33148097369941, -21.18091530902878], [55.331514421020835, -21.179651074238716], [55.331391668494916, -21.17831755290407], [55.33041495897288, -21.17533166521166], [55.33032060539069, -21.174729161701936], [55.33026471656623, -21.17456060322866], [55.33017633228619, -21.174370045538545], [55.32991883278964, -21.17388877391992], [55.32999648340042, -21.17392025180036], [55.33064814783082, -21.17420398850904], [55.33103875470028, -21.174495081856858], [55.331383996414516, -21.17481093802252], [55.332059221576806, -21.175039883156355], [55.332102451445174, -21.175049342259893], [55.3323733452614, -21.17510982328046], [55.33286476901394, -21.175299386935478], [55.33520210859193, -21.176195422568625], [55.33856832744212, -21.17736394031344], [55.34070053918597, -21.17774787362549], [55.34361303002992, -21.177682617881036], [55.34576493169868, -21.177900601233983], [55.34928263501138, -21.178101188963527], [55.349584116280816, -21.178096906510927], [55.34971523686916, -21.17808373433988], [55.349823316970834, -21.178064014281972], [55.35103556673871, -21.177780475122848], [55.351279450440245, -21.177716012096322], [55.351376275219465, -21.177669083213278], [55.35144027986286, -21.177629060353635], [55.352104603076164, -21.177210549964645], [55.35270105440688, -21.17674621197809], [55.35325799681304, -21.17628374498359], [55.353425481134856, -21.176117368379565], [55.354615415789546, -21.174758694734653], [55.35487117820661, -21.17444684599142], [55.3557990626803, -21.173269879330213], [55.356383927216875, -21.172457203411867], [55.35681902654822, -21.17186346760105], [55.35715191122935, -21.171543331521903], [55.3578339458901, -21.17091224779308], [55.35814848734192, -21.1706831616715], [55.36047159961703, -21.169428024985635], [55.36324922447056, -21.169265245466995], [55.365012318816454, -21.168183469529847], [55.36663443580953, -21.165335766492056], [55.36840581134377, -21.16256987485763], [55.36896560341306, -21.161574444878532], [55.37017356664645, -21.159600688271222], [55.37068434745784, -21.159165939042357], [55.37294586646462, -21.156560298757004], [55.374615347764696, -21.154727788207367], [55.37627747062285, -21.15299229036825], [55.37739345558479, -21.152021131512807], [55.37794576789787, -21.151614531461597], [55.37904522040868, -21.15087760297716], [55.379788170132954, -21.149896078113034], [55.3801175568297, -21.149445784779207], [55.38040917223391, -21.148926931546608], [55.38072890186966, -21.14834602032263], [55.38103652073796, -21.147771767074797], [55.38130457611821, -21.14724952499607], [55.38461119085715, -21.14599213442661], [55.387722608727174, -21.144939329859575], [55.38918349934387, -21.1435245831536], [55.390532467612175, -21.142784534586408], [55.39507613586289, -21.14186407149983], [55.40009574300483, -21.14124700906985], [55.40406313269001, -21.14110650999802], [55.40407423075949, -21.141149069196125], [55.4041172490488, -21.141267805569434], [55.40481206162152, -21.14309899783965], [55.40549740732854, -21.144916549297413], [55.405477398157544, -21.14498681733588], [55.405379802141766, -21.145019319599214], [55.40515656436768, -21.14509580244891], [55.404660262141064, -21.145316044241362], [55.4039639078006, -21.145695183525465], [55.40374450924358, -21.145952358255595], [55.40286182232108, -21.147006297849273], [55.40252548631819, -21.14793170335104], [55.40245707276609, -21.148205657008074], [55.402353068894996, -21.148565990240808], [55.40200599203031, -21.14905590831058], [55.40140185799574, -21.149685015502474], [55.39879804629452, -21.151664311835027], [55.39615252473872, -21.153986218735696], [55.39525648634393, -21.154839908128704], [55.39399194283703, -21.1553084570966], [55.39267054911346, -21.155690644134946], [55.39202001176768, -21.15592157465979], [55.38914487198514, -21.15733315385916], [55.38841607431812, -21.157676234857455], [55.387392719500305, -21.15907650597622], [55.3856575682669, -21.16189117535692], [55.38414710783731, -21.165155323221935], [55.383876734668725, -21.166154477111053], [55.38358061752735, -21.1666863886995], [55.38326849157837, -21.167140464555715], [55.38144899644301, -21.168701905733666], [55.37976092781131, -21.169915188137868], [55.379065000786554, -21.170371448451586], [55.376946133655075, -21.17273351672259], [55.375086760911074, -21.17504927145589], [55.37307182691587, -21.17696606392623], [55.37164874016294, -21.178477203753673], [55.37086777257992, -21.179130761853173], [55.37034366170031, -21.179501020180815], [55.368369857543904, -21.181827328168467], [55.3659018277381, -21.18376810211039], [55.36435358810563, -21.184693882744362], [55.3635891470101, -21.185239284505016], [55.36328877842345, -21.185527674007204], [55.363042377103795, -21.18582698659529], [55.36262357776103, -21.186425410944636], [55.36228542643474, -21.187133911355716], [55.36205697630346, -21.187457326168616], [55.36129318456775, -21.188308082266648], [55.35911029323643, -21.190205402410378], [55.35652188282065, -21.191515713662675], [55.35598430120068, -21.192225871835134], [55.35504562034553, -21.19327897786982], [55.35417681518665, -21.193935321084385], [55.3529375028182, -21.194780443287744], [55.35231706446864, -21.19522963938061], [55.35131346068328, -21.196856339803553], [55.35011699852753, -21.198674447848855], [55.348307326548436, -21.199311177013136], [55.34812183055518, -21.19953517912501], [55.34802901857209, -21.1999127391952], [55.34799442311963, -21.200252028224686]]]}";9741304;97413;974;4;974130402;Forêt des Hauts du Plate;Saint-Leu;LA REUNION;Foret des Hauts du Plate;LA REUNION;;4;;;;;;Iris divers;7585;92.611248146;46.305624073;;104.048387719;;52.024193860;92.611248146;46;46.305624073;101.423762098;;101.423762098;96.451677449;;96.451677449;101.423762098;101;101.423762098;7.504184076;0;10.005578768;2.501394692;0;0;0;92.611248146;104.048387719;92.611248146;161.639623864;162.912391016;161.639623864;123.292206463;127.781576605;123.292206463;58.839288944;61.739222765;58.839288944;101.423762098;96.451677449;101.423762098;123.292206463;;123.292206463;127.781576605;;127.781576605;123.292206463;123;123.292206463;220.478912808;;110.239456404;224.651613781;;112.325806891;220.478912808;110;110.239456404;;;;194.035010244;;64.678336748;200.500065169;;66.833355056;194.035010244;64;64.678336748;343.771119271;;114.590373090;352.433190387;;117.477730129;343.771119271;114;114.590373090;Polygon;14461;1;20.011157537;15.008368152;0;10.005578768;2.501394692;0;0.25;0.75;0.25;0.0625;14461;14461;537.806129516;;552.933255555;;537.806129516;89;0.313710150;0.313932729;0.313710150;0.269945611;0.240272824;0.269945611;0.463995141;0.460370138;0.463995141;0.202770319;0.195646357;0.202770319;0.106221542;0.101232243;0.106221542;14258;14993;14258
Saint-Louis;LA REUNION;CA Civis (Communauté Intercommunale des Villes Solidaires);LA REUNION;72.376982886;45.925607957;47.072331530;45.925607957;Non;974140502;97414;2A;249740077;-21.1918429034, 55.4087589854;"{""type"": ""Polygon"", ""coordinates"": [[[55.43759349745538, -21.189562325224394], [55.437582429063816, -21.18960738762428], [55.43772037017332, -21.19291619001206], [55.438571960689316, -21.195988376156073], [55.43864037315316, -21.196260900120063], [55.43881180365468, -21.196995959644575], [55.4389443982965, -21.19757710007728], [55.43910668860737, -21.198540608384203], [55.43919908040043, -21.19964799777313], [55.43919845817166, -21.20016557968023], [55.439158034584715, -21.20052923373497], [55.43894441636436, -21.20124176525131], [55.43874137666082, -21.201864064721473], [55.43863343636906, -21.202236127301536], [55.43857557482606, -21.202517420078358], [55.43855527157841, -21.20270782737789], [55.43853554616526, -21.203026507733878], [55.438543490108685, -21.203461968791252], [55.438580993281846, -21.20383447256083], [55.43865987011765, -21.204119739335187], [55.43867291747768, -21.204161411472068], [55.4386810474608, -21.204487575673525], [55.43863214762524, -21.20474094910798], [55.43856473463269, -21.20492279114313], [55.43834234207705, -21.205186303062714], [55.43825411507961, -21.20524058807342], [55.435765636934825, -21.2066953431977], [55.43419372428636, -21.207550645159696], [55.432821758298196, -21.20830661866904], [55.43197046013696, -21.20901412204287], [55.43083900127989, -21.209615138776808], [55.429197160182824, -21.210109328112626], [55.427177818181384, -21.210774319544107], [55.425456740030434, -21.211743766107634], [55.42225781815181, -21.2132232960973], [55.419125265208756, -21.21515863966989], [55.41824435102635, -21.215742943434794], [55.417599014718284, -21.2161867315755], [55.413685630469715, -21.218566287039938], [55.41209620223387, -21.219460045100643], [55.41015942213276, -21.22067298744732], [55.410148008317435, -21.220659330685617], [55.409786785181424, -21.220386749296427], [55.40962803834386, -21.2202777628504], [55.40925864643174, -21.22004846101535], [55.409101633184086, -21.21995755610196], [55.408901976015706, -21.219890637678944], [55.40808034281598, -21.217995933065847], [55.407730476198296, -21.216300512511786], [55.40737111119924, -21.214874724738287], [55.40688356821643, -21.214525973753723], [55.406201312732094, -21.21329197317188], [55.40597590930662, -21.21284272029713], [55.40624101436056, -21.21224092722411], [55.40686163629098, -21.211543127592012], [55.40738067570489, -21.211289685632874], [55.409026054722055, -21.21057331305517], [55.411167566329354, -21.20888356173938], [55.41304794291417, -21.206578221527554], [55.41373571516126, -21.205765855318234], [55.414172960907145, -21.2052311520345], [55.41479705126124, -21.203525284416138], [55.41423773789219, -21.20277301609461], [55.4134093938436, -21.20231901327918], [55.41259966765385, -21.201655619372563], [55.41135588259233, -21.200599727142116], [55.40999652515839, -21.199004380832598], [55.409774296640315, -21.19879904970796], [55.408761748636415, -21.197920554318333], [55.40862691911321, -21.19782895569621], [55.40840674172246, -21.197702228025587], [55.40824449107693, -21.197652825128344], [55.40805089881088, -21.19765190407968], [55.407878136565195, -21.197684600661997], [55.407796219978536, -21.19777867342714], [55.407680647941305, -21.197957337629344], [55.405576082749796, -21.199320017081025], [55.40414927959733, -21.200046727726225], [55.40322900512594, -21.201518510584936], [55.40294380709535, -21.202153531451], [55.401830259091184, -21.20475528933344], [55.40144748973575, -21.205594428287604], [55.401499266693136, -21.207853573758328], [55.40155207126126, -21.209575068502108], [55.40211654962332, -21.211359631660134], [55.4021977903151, -21.213924815648593], [55.4013211409516, -21.216522932289536], [55.40257558528719, -21.219412209014642], [55.40428419745456, -21.221818001367186], [55.40534706563079, -21.22352466252196], [55.406233893184236, -21.225147854345717], [55.40635722694039, -21.2253251590077], [55.40642404503423, -21.225382696753382], [55.406527525912885, -21.225435161004526], [55.40655635631056, -21.225441756221628], [55.40325206515027, -21.2263291573553], [55.38765279317732, -21.230520153855565], [55.38764846762429, -21.230474948786686], [55.387962642709645, -21.228515134914968], [55.38796462818253, -21.22850973423553], [55.38804678959652, -21.228307282355527], [55.38828492669599, -21.227670038564774], [55.38841353727609, -21.2272711161346], [55.38847040168657, -21.22682544129943], [55.38850515303452, -21.226552984070942], [55.38899899676456, -21.223127059056818], [55.389494634292696, -21.219666371062875], [55.38969192321251, -21.21804190430779], [55.390627881809095, -21.215057371240114], [55.390778301486776, -21.214644201006763], [55.39089089121853, -21.214255058477416], [55.39105768599977, -21.21344189207828], [55.39120416948743, -21.212547236812732], [55.3912215380957, -21.212366746813778], [55.39122098205747, -21.21224028265633], [55.39052694337896, -21.210151613127508], [55.390401008421186, -21.20977284260099], [55.3893689615186, -21.206789411799264], [55.388412502595166, -21.205098835627208], [55.385789388760365, -21.204321804683634], [55.38385191227827, -21.20232464818991], [55.38276398050309, -21.200774600398947], [55.3820845934513, -21.197444038735934], [55.38237381601804, -21.19573871335424], [55.382704067625994, -21.194333667383248], [55.384130430092185, -21.192038539760397], [55.38434160092189, -21.191750607208316], [55.38445209453503, -21.19159810660906], [55.38511730127284, -21.190653314475856], [55.38521318079401, -21.19051602932064], [55.38538542339368, -21.190264757542547], [55.385411847367166, -21.190226169094217], [55.385540056004736, -21.190038609073497], [55.38558900256897, -21.18996591122693], [55.38562706958441, -21.189830783241593], [55.385634762468094, -21.189743238780324], [55.38564581534704, -21.189612369076777], [55.385645947847856, -21.189334160727558], [55.385644355333206, -21.189303434061408], [55.38558858471217, -21.188585698493895], [55.385503143612915, -21.188205505404227], [55.385922646298155, -21.1857607254323], [55.38593238427167, -21.185750882375586], [55.38606828633599, -21.185741340956415], [55.38641046858732, -21.18571570354229], [55.38679313639033, -21.185686838781336], [55.387268341241004, -21.185650726730533], [55.38734063556686, -21.185645093658927], [55.388262867291324, -21.183907852614293], [55.388484110559205, -21.18339960941841], [55.388651453342646, -21.182754908378136], [55.388990206100964, -21.181445220396068], [55.38905352458428, -21.17902322691115], [55.38856316434717, -21.17774921886156], [55.38850626408733, -21.176290104853724], [55.38849707309094, -21.17598290196757], [55.38850459661987, -21.175910711262752], [55.388530817354045, -21.17580166428543], [55.388584303883796, -21.175664875496597], [55.38866643979817, -21.175461516995473], [55.38876412932629, -21.175244757462142], [55.38892421201011, -21.175002397287], [55.389071257478385, -21.174807786573055], [55.38983121950226, -21.17381780393094], [55.3907806608749, -21.17169148616432], [55.39064633413647, -21.171378575644297], [55.39062813101834, -21.171280848000578], [55.3906311121104, -21.171183321981676], [55.390655111269844, -21.171101351787257], [55.390704101727344, -21.170934710979672], [55.39077127998253, -21.170778179334746], [55.39097724743642, -21.170343854339116], [55.39104911267596, -21.17019910980299], [55.39109341068398, -21.17011010640229], [55.391154126949786, -21.17001674278501], [55.391423649929465, -21.169671543367862], [55.39148581313475, -21.169622454180573], [55.393540409084686, -21.16872876651525], [55.395054113046534, -21.167937862402248], [55.397498712288, -21.16641507418692], [55.39771797871783, -21.166174168213644], [55.398364695417676, -21.165407082426132], [55.3992106307929, -21.164381733328003], [55.39967741740426, -21.163420538802544], [55.400040876733456, -21.16206024219974], [55.39996886676419, -21.16076402391352], [55.40088698299119, -21.158733643307084], [55.40158385424417, -21.15779393103739], [55.40177685670072, -21.157521717559476], [55.40190975316037, -21.157305622003133], [55.40200767543936, -21.15688471213223], [55.402021093828296, -21.15680083322083], [55.402024687747236, -21.156107143053188], [55.40199771845074, -21.155151360500557], [55.4022229947952, -21.154205197932434], [55.402517526481155, -21.153431293151595], [55.40297091617294, -21.152277107058595], [55.40403642106002, -21.150070491580674], [55.40514415447792, -21.148143381229733], [55.40554959308537, -21.147417344207884], [55.405644127583926, -21.14785091004478], [55.406068721367966, -21.14875368166844], [55.407361854460355, -21.150645600255178], [55.407744912837245, -21.151202017784733], [55.40821929785138, -21.151682514095647], [55.40890338919144, -21.15236280150966], [55.409209778889625, -21.15252556437412], [55.40929663201397, -21.15259774072367], [55.40961464594186, -21.152889330919304], [55.41003722291088, -21.153328578692776], [55.410312144462225, -21.153712910596738], [55.410904888374105, -21.15474371220955], [55.411008049386844, -21.15518277654707], [55.41118481522789, -21.157206450347843], [55.41163411538934, -21.160040675251903], [55.41265886472871, -21.163275489344755], [55.41291174288515, -21.163943586625653], [55.41302835672487, -21.164205731454935], [55.413088016733205, -21.1643002333177], [55.41318183023351, -21.164442929930004], [55.4134918695465, -21.164808057496828], [55.415572336106095, -21.167210439031773], [55.41593714273575, -21.16758827013615], [55.416320631011075, -21.16793014387719], [55.41662154923572, -21.168158332480193], [55.41703695884238, -21.168396625225434], [55.418116079296574, -21.169002184731095], [55.41986542999868, -21.17010861867701], [55.4221915642905, -21.17179239567746], [55.42321657490193, -21.172941008254387], [55.42349252396575, -21.17325544294408], [55.42376292725978, -21.173638927370313], [55.42403338935682, -21.17419877973662], [55.426305036938736, -21.17685574666947], [55.427051897859016, -21.177083100704962], [55.42795562808834, -21.1775034084667], [55.42841801586562, -21.177766049450216], [55.42845904214389, -21.177802562567898], [55.429507411708265, -21.178799604858767], [55.429927504250955, -21.180104249640195], [55.430439541751454, -21.181959853028285], [55.43054507223313, -21.182272469147623], [55.430572150954646, -21.18235311368929], [55.43095277062647, -21.183064829469096], [55.43131501969651, -21.18369236773582], [55.43143277579283, -21.183850633698476], [55.431907129930835, -21.184442176224522], [55.432310965664584, -21.184871373908273], [55.43263415443347, -21.185093871851866], [55.43295630357562, -21.185232353260414], [55.433519945910035, -21.18546510593755], [55.43420188914749, -21.18557269712983], [55.43496299096933, -21.185642074334663], [55.435551501737976, -21.185729723029187], [55.43647453697193, -21.18601602827063], [55.436848447282955, -21.186132850679268], [55.436977934841295, -21.186183729552567], [55.43713096664087, -21.186285410588685], [55.43723206107068, -21.186380288155867], [55.437615411315775, -21.187294354178857], [55.43767780877985, -21.187497269156896], [55.437706955435665, -21.187656518552537], [55.437715845432805, -21.18772705775591], [55.437725138385865, -21.187850895092765], [55.43773010975179, -21.187927721132684], [55.43775008809015, -21.188592730971045], [55.437744242248684, -21.188782368872545], [55.437740242338315, -21.188888017404018], [55.43772487563073, -21.188975494945296], [55.43767648019044, -21.18908976596199], [55.43765155880819, -21.189169928792435], [55.43760648376761, -21.189334814993543], [55.437594921674915, -21.18942684416465], [55.43759349745538, -21.189562325224394]]]}";9741405;97414;974;4;974140502;Zone Forestiere des Hauts;Saint-Louis;LA REUNION;Zone Forestiere des Hauts;LA REUNION;;4;;;;;;Iris divers;11735;73.055270482;36.527635241;;75.874048824;;37.937024412;73.055270482;36;36.527635241;86.818603529;;86.818603529;90.635098607;;90.635098607;86.818603529;86;86.818603529;24.955417609;2.493749812;22.461667797;2.498229684;31.853669377;32.490069442;31.853669377;41.201601105;43.383979382;41.201601105;64.642309618;63.438091701;64.642309618;51.037464113;52.486750049;51.037464113;0;0;0;86.818603529;90.635098607;86.818603529;51.037464113;;51.037464113;52.486750049;;52.486750049;51.037464113;51;51.037464113;64.642309618;;32.321154809;63.438091701;;31.719045850;64.642309618;32;32.321154809;;;;159.873874012;;53.291291337;166.509147432;;55.503049144;159.873874012;53;53.291291337;115.679773731;;38.559924577;115.924841749;;38.641613916;115.679773731;38;38.559924577;Polygon;12378.596491228;1;49.915315089;14.971458617;0;7.490209180;0;0.099928194;0.111221914;0.299937175;0.103488829;0;12378.596491228;12378.596491228;275.553647743;;282.433989181;;275.553647743;45;0.313710150;0.307565344;0.313710150;0.269945611;0.256366326;0.269945611;0.463995141;0.472802960;0.463995141;0.202770319;0.197171340;0.202770319;0.106221542;0.108163218;0.106221542;14258;13657.619047619;14258
Saint-Paul;LA REUNION;CA Territoire de la Côte Ouest (Tco);LA REUNION;0;18.289439847;17.392838880;18.289439847;Non;974151503;97415;2A;249740101;-21.0906492701, 55.3542303427;"{""type"": ""Polygon"", ""coordinates"": [[[55.394615972401766, -21.091179164840153], [55.394615962695454, -21.091180068038867], [55.39560909336366, -21.09348111391858], [55.39600534341499, -21.094316341151533], [55.396376251004064, -21.09486769467722], [55.39731221073679, -21.0961772816457], [55.39912386300426, -21.098766064587565], [55.399335707694554, -21.09893788330721], [55.39976534752609, -21.099265316932982], [55.399651018343896, -21.099245268779203], [55.39655363742282, -21.0984274339527], [55.396481909454124, -21.098384301006124], [55.39618924271228, -21.098209907924428], [55.396056919485886, -21.09816258850676], [55.395931023029476, -21.098144235076898], [55.39576171940108, -21.09813450379574], [55.3950700005621, -21.09810176273976], [55.39408488719947, -21.09814166517023], [55.39307441963729, -21.098212033409077], [55.39245400058068, -21.098262156669204], [55.39200652058345, -21.098297206865155], [55.3912357456057, -21.09832105928128], [55.38932762025462, -21.098354432433993], [55.386162000531655, -21.09806960610074], [55.38524493323894, -21.097958804069773], [55.38479663014415, -21.097758521157964], [55.38451690177724, -21.097546293911957], [55.38187342863415, -21.097577996035003], [55.380676186578306, -21.09827383943295], [55.379100010181055, -21.098718551716917], [55.378135397582945, -21.09886469280958], [55.376474454528235, -21.099092684211218], [55.37582946879727, -21.099100056507783], [55.37566968324402, -21.099100332446273], [55.37551211736598, -21.099073530995778], [55.375134073819346, -21.098963321232187], [55.37354013931542, -21.098429554948016], [55.37159891148107, -21.097703653450587], [55.36925648873933, -21.096874963619978], [55.36652746387518, -21.09615046128459], [55.36364124541098, -21.09484133248006], [55.36343249856062, -21.094742667180302], [55.36159300226323, -21.093965247580552], [55.36092032761984, -21.093691376991853], [55.360258154661636, -21.093688589068794], [55.35931759964648, -21.093793305644], [55.35918813162213, -21.093838120291863], [55.359176533172665, -21.093842524468577], [55.359032490097384, -21.093899843874855], [55.358522216474675, -21.09417582525237], [55.3580077660835, -21.09448073753477], [55.356439811435756, -21.09465878226155], [55.353830916235886, -21.09446124930926], [55.351510471550455, -21.094339954878272], [55.3491213360366, -21.094270647374973], [55.348082395958386, -21.094306597544744], [55.347913003406454, -21.094305850726688], [55.34770250739712, -21.094279411585788], [55.34749013664464, -21.09424843754692], [55.3464647894028, -21.094056433502203], [55.345605739824045, -21.093884111218873], [55.344946104394545, -21.093739474191157], [55.34427577395468, -21.09360466625838], [55.34316485914783, -21.09344838986211], [55.343047527354514, -21.093440017372412], [55.34273181239718, -21.0934414488717], [55.342490973676625, -21.093460773779334], [55.33970193953443, -21.093868417915154], [55.33795818824113, -21.0941878061582], [55.33710507510129, -21.09447752256544], [55.33376913927932, -21.094469167302115], [55.33242827389786, -21.094133520500012], [55.32973475950093, -21.093700091245072], [55.32767150773611, -21.09371317913789], [55.32717969400824, -21.09379730054367], [55.32675185778801, -21.093840953060273], [55.32596889894018, -21.09370947865113], [55.325914346609956, -21.09368184214119], [55.32562629848525, -21.093533572483842], [55.32534227263929, -21.093369986545337], [55.32533940574034, -21.093368151701892], [55.325249498638385, -21.093317584198886], [55.3248626302969, -21.09305542907145], [55.3242440985861, -21.092681237360143], [55.32353239191905, -21.092290767028366], [55.323474001231695, -21.09226218857543], [55.323421283448916, -21.092242698847773], [55.32319959315573, -21.092185407942438], [55.322545929909595, -21.092026292096506], [55.320878500389355, -21.092063084803314], [55.32071419747375, -21.092080878271357], [55.32059385907325, -21.092126204889478], [55.32058225982068, -21.09213060635987], [55.32057346646647, -21.09060129063192], [55.32057301422713, -21.089271678991903], [55.32057305546685, -21.088839918337886], [55.3205741042174, -21.087804786008775], [55.320573758518414, -21.083982160330418], [55.32059422770986, -21.083659445240414], [55.32082278047029, -21.083318917882135], [55.32092112529031, -21.077477561661635], [55.32092432660772, -21.07744959205816], [55.32091038950509, -21.077405194069883], [55.320976705590795, -21.077413076366017], [55.32113100361826, -21.0774706055189], [55.32125453924834, -21.07752512041779], [55.32134044462752, -21.07758829566361], [55.32487708818848, -21.078372956582687], [55.32496000680169, -21.07835932280765], [55.325215919005295, -21.078323911475042], [55.325814769385644, -21.078259365864113], [55.326045819355464, -21.07825261256406], [55.32613241505597, -21.078254370047897], [55.32623429611111, -21.078266214213176], [55.326355342032144, -21.07828547349017], [55.32644838054215, -21.078313489155985], [55.32706875890111, -21.078711625166843], [55.327632296960786, -21.079201332349964], [55.32867036781656, -21.080223221910316], [55.33119125141113, -21.081830563195116], [55.33162404447767, -21.081943211892753], [55.33258504308227, -21.08232932267778], [55.33360577877477, -21.082779690993007], [55.334519558778915, -21.083706843259936], [55.33554282654682, -21.084379886585445], [55.33695551425537, -21.084881507357764], [55.338853230955976, -21.08510649750418], [55.34046463556159, -21.085081620994366], [55.342397268609595, -21.085424339019603], [55.34305690476066, -21.085565370809437], [55.34363438760641, -21.086084973085775], [55.34384851948314, -21.086737421026164], [55.34443083128785, -21.08725616480326], [55.34502308305136, -21.087399241632617], [55.34605419312269, -21.087631503783474], [55.34619448730809, -21.087651840391064], [55.34630611074868, -21.087653831888456], [55.34642745772848, -21.08764688534985], [55.34653637401952, -21.08763259135901], [55.34664169072694, -21.087595680340833], [55.34673464665509, -21.087545099660662], [55.34695638534358, -21.087424415215192], [55.34703389341447, -21.08737820019643], [55.34740496316063, -21.087156900097227], [55.350702929649756, -21.086929756709054], [55.353687314737144, -21.087209857289267], [55.355731760100404, -21.08728117319741], [55.358408628924835, -21.0875202727487], [55.35996773091195, -21.087382126660938], [55.361856128994546, -21.087437077042303], [55.364983936160854, -21.087807790160376], [55.36797593507547, -21.088101264125196], [55.3702396243065, -21.08859070278659], [55.37210281816909, -21.088892450725805], [55.37412562876334, -21.089209257875304], [55.376312887284655, -21.089734888779088], [55.37969824994587, -21.090110540597205], [55.38241062277924, -21.09023669412122], [55.38426476714102, -21.090868375916912], [55.38767362250041, -21.091922207648967], [55.3911162445201, -21.09194586635933], [55.3941519302825, -21.09127955370838], [55.39447167988406, -21.09117147600783], [55.39451988739868, -21.091163802713897], [55.39460446238942, -21.09117544273451], [55.394615972401766, -21.091179164840153]]]}";9741515;97415;974;4;974151503;Forêt des Hauts de Saint-Coeur;Saint-Paul;LA REUNION;Foret des Hauts de Saint-Coeur;LA REUNION;;4;;;;;;Iris divers;19950;0;0;;0;;0;0;0;0;109.736639080;;109.736639080;104.357033282;;104.357033282;109.736639080;109;109.736639080;0;0;0;0;0;0;0;0;0;0;0;0;0;0;0;0;0;0;0;109.736639080;104.357033282;109.736639080;0;;0;0;;0;0;0;0;0;;0;0;;0;0;0;0;;;;109.736639080;;36.578879693;104.357033282;;34.785677761;109.736639080;36;36.578879693;0;;0;0;;0;0;0;0;Polygon;15646.25;1;0;0;0;0;0;0;0;0;0;0;15646.25;15646.25;109.736639080;;104.357033282;;109.736639080;18;0.313710150;0.313932729;0.313710150;0.269945611;0.240272824;0.269945611;0.463995141;0.460370138;0.463995141;0.202770319;0.195646357;0.202770319;0.106221542;0.101232243;0.106221542;14258;14993;14258
Saint-Paul;LA REUNION;CA Territoire de la Côte Ouest (Tco);LA REUNION;58.362277274;79.866014055;80.811731346;79.866014055;Non;974150502;97415;2A;249740101;-21.0061336993, 55.3682435066;"{""type"": ""Polygon"", ""coordinates"": [[[55.387006803476574, -21.017482378258038], [55.38703992731648, -21.01780155559787], [55.387705225383826, -21.020167270728777], [55.387838082465265, -21.020516298821384], [55.38791442687755, -21.020663356321908], [55.388000594833244, -21.02079153770436], [55.38849006770517, -21.021482229253444], [55.38914559353226, -21.022119391514057], [55.38931199656451, -21.022391052993303], [55.389418916590664, -21.02282655079289], [55.389186017399396, -21.023729446929178], [55.38770319985903, -21.025722967258186], [55.38615977287404, -21.027980561901387], [55.3861902383229, -21.028933470562503], [55.386024327163895, -21.03144521435989], [55.38584719849662, -21.03154379821208], [55.3857125539941, -21.031628332595663], [55.38567138190808, -21.03160987576093], [55.38498230818555, -21.030467891263527], [55.3849388734625, -21.030391602004364], [55.38490333925679, -21.030296418631604], [55.384876579961904, -21.030190479096355], [55.38477588374463, -21.029758651524972], [55.384727650267955, -21.029368873842355], [55.3839209593584, -21.028161634467086], [55.38288618497062, -21.027229533682355], [55.38178459160261, -21.026517194722032], [55.38098815060362, -21.025789689053898], [55.380207176317555, -21.023943148159077], [55.37892385154733, -21.022024069687436], [55.37818356827538, -21.0211778533454], [55.37814833779294, -21.02114409557279], [55.37809176866835, -21.02112639354887], [55.37798143812786, -21.021098242560196], [55.37784609707503, -21.02106985294917], [55.37774146989109, -21.02104807925173], [55.3776550219505, -21.02103551182764], [55.37746952310817, -21.021019289530933], [55.37638057924817, -21.020655710169162], [55.37473546744485, -21.01988123253898], [55.372548511723295, -21.018685590830625], [55.37083020713903, -21.017147548883024], [55.36918168387593, -21.015167096765886], [55.36703114421693, -21.01229387945069], [55.36564429079638, -21.010718775818013], [55.363991546337644, -21.008608617300894], [55.362470163356996, -21.007026325972486], [55.36188286310859, -21.00672078154109], [55.36187053661956, -21.006704403694084], [55.36175395547233, -21.006545205968486], [55.36163848433909, -21.006372469543294], [55.36154333048209, -21.006189089224314], [55.36148782455978, -21.006074740505316], [55.35902043801594, -21.00352447042301], [55.356192053658624, -21.001446714376538], [55.35472182096357, -20.999906857956134], [55.35360108903327, -20.998865371785307], [55.35353142320512, -20.99881501720512], [55.35362692772105, -20.998789745693085], [55.35380139804025, -20.99875620498587], [55.35394703334011, -20.9986329599348], [55.3539280133251, -20.99843766622102], [55.35381388440067, -20.998143897839284], [55.353642999790246, -20.99776286501575], [55.35339614439329, -20.997292575168704], [55.353167356849845, -20.996929047561068], [55.35300521154838, -20.996716109939758], [55.35255712074633, -20.99617702880494], [55.352136924555325, -20.995725835371566], [55.3517549139759, -20.995301206020933], [55.35126847065513, -20.994664195739183], [55.35099238767451, -20.994228848028655], [55.350840848501235, -20.993838967407235], [55.350813980995056, -20.993482812678657], [55.35138614552294, -20.990429376830253], [55.352196561054704, -20.987574255507724], [55.35251357272989, -20.985421952691667], [55.3522344157122, -20.983597450416944], [55.35212071836273, -20.98238865575909], [55.35363267510805, -20.98185949820206], [55.35392891625365, -20.98203398605082], [55.35419670335824, -20.98217206696833], [55.35441766520579, -20.982282596460337], [55.35472305790265, -20.98241200704182], [55.35500242388838, -20.98245896653116], [55.355202850163835, -20.98242477063678], [55.35534709578559, -20.98251468577883], [55.35686751534796, -20.984378577793244], [55.35890927026549, -20.986415122622002], [55.35990310180725, -20.987534839334657], [55.36195823870973, -20.989764970356465], [55.36206545697533, -20.989899688626554], [55.362557440559975, -20.990649182907937], [55.36348062337479, -20.992210813891926], [55.36395879544469, -20.993213996467684], [55.3643467556147, -20.994331480720895], [55.36449334403999, -20.99531160369848], [55.36455200861106, -20.99597473042813], [55.364660684972186, -20.996859191935936], [55.36480642419322, -20.997608515932143], [55.36568614890254, -20.999324182557285], [55.36582145405577, -20.999530528475354], [55.36601395641549, -20.99978439447668], [55.36719710872726, -21.001374925771074], [55.36794499142243, -21.0023926551267], [55.36828355863184, -21.002926132986673], [55.37017689383368, -21.005381354211654], [55.371739420233894, -21.00712340504176], [55.372945573770274, -21.008466394104286], [55.37485531949677, -21.009863971987798], [55.376342860834335, -21.01117917895331], [55.37886828460822, -21.013077595804393], [55.382182035474464, -21.014738418090865], [55.385493404884976, -21.016065203118643], [55.38609671974816, -21.016321141066268], [55.38649724169212, -21.016604058925232], [55.386870219517945, -21.01721190099882], [55.387006803476574, -21.017482378258038]]]}";9741505;97415;974;4;974150502;Forêt des Hauts de Sans Souci;Saint-Paul;LA REUNION;Foret des Hauts de Sans Souci;LA REUNION;;4;;;;;;Iris divers;19950;0;0;;0;;0;0;0;0;109.736639080;;109.736639080;104.357033282;;104.357033282;109.736639080;109;109.736639080;12.687451581;0;15.224941897;0;0;0;0;0;0;0;139.453793138;140.551866759;139.453793138;107.210614316;111.114414439;107.210614316;122.795037795;128.847073597;122.795037795;109.736639080;104.357033282;109.736639080;107.210614316;;107.210614316;111.114414439;;111.114414439;107.210614316;107;107.210614316;262.248830933;;131.124415467;269.398940356;;134.699470178;262.248830933;131;131.124415467;;;;109.736639080;;36.578879693;104.357033282;;34.785677761;109.736639080;36;36.578879693;369.459445249;;123.153148416;380.513354795;;126.837784932;369.459445249;123;123.153148416;Polygon;15646.25;1;43.137335376;27.912393479;0;12.687451581;7.612470949;0;0;0.647058824;0.217391304;0.130434783;15646.25;15646.25;479.196084329;;484.870388077;;479.196084329;79;0.313710150;0.313932729;0.313710150;0.269945611;0.240272824;0.269945611;0.463995141;0.460370138;0.463995141;0.202770319;0.195646357;0.202770319;0.106221542;0.101232243;0.106221542;14258;14993;14258
Saint-Paul;LA REUNION;CA Territoire de la Côte Ouest (Tco);LA REUNION;17.509552991;47.991512955;47.663889622;47.991512955;Non;974151602;97415;2A;249740101;-21.0807464953, 55.3559649489;"{""type"": ""Polygon"", ""coordinates"": [[[55.394615972401766, -21.091179164840153], [55.39460446238942, -21.09117544273451], [55.39451988739868, -21.091163802713897], [55.39447167988406, -21.09117147600783], [55.3941519302825, -21.09127955370838], [55.3911162445201, -21.09194586635933], [55.38767362250041, -21.091922207648967], [55.38426476714102, -21.090868375916912], [55.38241062277924, -21.09023669412122], [55.37969824994587, -21.090110540597205], [55.376312887284655, -21.089734888779088], [55.37412562876334, -21.089209257875304], [55.37210281816909, -21.088892450725805], [55.3702396243065, -21.08859070278659], [55.36797593507547, -21.088101264125196], [55.364983936160854, -21.087807790160376], [55.361856128994546, -21.087437077042303], [55.35996773091195, -21.087382126660938], [55.358408628924835, -21.0875202727487], [55.355731760100404, -21.08728117319741], [55.353687314737144, -21.087209857289267], [55.350702929649756, -21.086929756709054], [55.34740496316063, -21.087156900097227], [55.34703389341447, -21.08737820019643], [55.34695638534358, -21.087424415215192], [55.34673464665509, -21.087545099660662], [55.34664169072694, -21.087595680340833], [55.34653637401952, -21.08763259135901], [55.34642745772848, -21.08764688534985], [55.34630611074868, -21.087653831888456], [55.34619448730809, -21.087651840391064], [55.34605419312269, -21.087631503783474], [55.34502308305136, -21.087399241632617], [55.34443083128785, -21.08725616480326], [55.34384851948314, -21.086737421026164], [55.34363438760641, -21.086084973085775], [55.34305690476066, -21.085565370809437], [55.342397268609595, -21.085424339019603], [55.34046463556159, -21.085081620994366], [55.338853230955976, -21.08510649750418], [55.33695551425537, -21.084881507357764], [55.33554282654682, -21.084379886585445], [55.334519558778915, -21.083706843259936], [55.33360577877477, -21.082779690993007], [55.33258504308227, -21.08232932267778], [55.33162404447767, -21.081943211892753], [55.33119125141113, -21.081830563195116], [55.32867036781656, -21.080223221910316], [55.327632296960786, -21.079201332349964], [55.32706875890111, -21.078711625166843], [55.32644838054215, -21.078313489155985], [55.326355342032144, -21.07828547349017], [55.32623429611111, -21.078266214213176], [55.32613241505597, -21.078254370047897], [55.326045819355464, -21.07825261256406], [55.325814769385644, -21.078259365864113], [55.325215919005295, -21.078323911475042], [55.32496000680169, -21.07835932280765], [55.32487708818848, -21.078372956582687], [55.32134044462752, -21.07758829566361], [55.32125453924834, -21.07752512041779], [55.32113100361826, -21.0774706055189], [55.320976705590795, -21.077413076366017], [55.32091038950509, -21.077405194069883], [55.32090497089255, -21.07737352610727], [55.32077703933155, -21.074968666353158], [55.32065074745718, -21.068733064291433], [55.31995279808183, -21.066443149055264], [55.31956993106365, -21.06566029133769], [55.31949045733567, -21.065453559641828], [55.31942101523736, -21.065039175635892], [55.319487428958546, -21.064952216056444], [55.31955910679405, -21.064996282382264], [55.31965298626113, -21.06503424554323], [55.319722000786406, -21.06505841355226], [55.31978440168119, -21.065071676867795], [55.31984497963554, -21.065075889441804], [55.320004937972065, -21.065056697183486], [55.3222584489195, -21.06559023137595], [55.32232612719004, -21.065647806099214], [55.322417647904956, -21.065724585036858], [55.32255970979559, -21.06584251040276], [55.322641760614545, -21.065905646631922], [55.32271356144829, -21.065938873688552], [55.32376664320903, -21.066297484732583], [55.32666356726005, -21.06725507623475], [55.32808657536797, -21.068139849385528], [55.32959399682588, -21.068878208982312], [55.330159442615646, -21.06908700812383], [55.33055893098908, -21.069205652835635], [55.3317654205636, -21.069532755701722], [55.33276360503518, -21.069597662147036], [55.33494466888496, -21.07051240666358], [55.33578371536538, -21.07143113400486], [55.33690525703492, -21.072217134964358], [55.33916656339025, -21.073364756107622], [55.340604373740405, -21.073804492990483], [55.34294886336288, -21.074410683620513], [55.34388844292967, -21.07453547388043], [55.34684792964742, -21.074388639692483], [55.34812524807649, -21.074540632920886], [55.34988585188419, -21.074644700324583], [55.35185868386074, -21.074746971760028], [55.35409608253758, -21.07578645389532], [55.355051155229056, -21.076320067208655], [55.356021929644854, -21.076826729227474], [55.35794500069672, -21.0771409886866], [55.35989435343189, -21.077376358663937], [55.36251558237402, -21.077320376636646], [55.36457102039391, -21.07787290071092], [55.36633940020153, -21.078358970904564], [55.36824814945437, -21.078772973896676], [55.37033438212447, -21.079416288068412], [55.37116177930958, -21.079353776185826], [55.37398240169133, -21.078754851588275], [55.3753012022535, -21.078373651032354], [55.375628279261335, -21.078209674418282], [55.375902851159914, -21.078094875343876], [55.376127137290936, -21.078002176753117], [55.37633202982972, -21.077922841579152], [55.376396710544434, -21.077904491431667], [55.3764806276146, -21.0778872285826], [55.37654417924168, -21.077884223434936], [55.37834326680396, -21.077941169964515], [55.379787638137536, -21.07810576862472], [55.3810161661396, -21.078314683090365], [55.38234763167493, -21.07858459198959], [55.383488827027946, -21.07869482864667], [55.38361671759494, -21.078705079781425], [55.38387939126586, -21.078711194795794], [55.383951623688034, -21.078706462979813], [55.38428996348318, -21.07865729406069], [55.3852817726894, -21.078430976201414], [55.38965325362513, -21.078324376936106], [55.38965960066044, -21.078360568775157], [55.389672679257934, -21.07884395313241], [55.38966518119585, -21.079182615779626], [55.389599700231386, -21.079543310393184], [55.38956577503253, -21.07961028353476], [55.38955752122809, -21.07970640558999], [55.389541873188925, -21.079952855253065], [55.38952924720967, -21.080276113235605], [55.38952528156372, -21.08064416625204], [55.38953184041507, -21.081040321131326], [55.38964196247639, -21.08142707109542], [55.38979003206043, -21.08179792191497], [55.390699459066454, -21.083481024102507], [55.392168102764614, -21.085521254602945], [55.39352000891704, -21.088642736492396], [55.39392738322864, -21.089246830668223], [55.39408905036049, -21.089607870973467], [55.39424162951449, -21.09000856990413], [55.394399019328276, -21.090431896527228], [55.39462419576446, -21.091130464982932], [55.394615972401766, -21.091179164840153]]]}";9741516;97415;974;4;974151602;Forêt des Hauts de Tan Rouge;Saint-Paul;LA REUNION;Foret des Hauts de Tan Rouge;LA REUNION;;4;;;;;;Iris divers;19950;0;0;;0;;0;0;0;0;109.736639080;;109.736639080;104.357033282;;104.357033282;109.736639080;109;109.736639080;5.002729426;0;5.002729426;0;0;0;0;0;0;0;107.759749243;108.608260678;107.759749243;70.452689408;73.018043774;70.452689408;0;0;0;109.736639080;104.357033282;109.736639080;70.452689408;;70.452689408;73.018043774;;73.018043774;70.452689408;70;70.452689408;107.759749243;;53.879874621;108.608260678;;54.304130339;107.759749243;53;53.879874621;;;;109.736639080;;36.578879693;104.357033282;;34.785677761;109.736639080;36;36.578879693;178.212438651;;59.404146217;181.626304452;;60.542101484;178.212438651;59;59.404146217;Polygon;15646.25;1;10.005458852;5.002729426;0;2.501364713;0;0;0;0.5;0.142857143;0;15646.25;15646.25;287.949077730;;285.983337734;;287.949077730;47;0.313710150;0.313932729;0.313710150;0.269945611;0.240272824;0.269945611;0.463995141;0.460370138;0.463995141;0.202770319;0.195646357;0.202770319;0.106221542;0.101232243;0.106221542;14258;14993;14258
Saint-Paul;LA REUNION;CA Territoire de la Côte Ouest (Tco);LA REUNION;145.084113025;110.386014443;114.340480372;110.386014443;Non;974151703;97415;2A;249740101;-21.0614163625, 55.355241701;"{""type"": ""Polygon"", ""coordinates"": [[[55.387489116565625, -21.068923160155347], [55.38745611559266, -21.069038467846937], [55.38747391578771, -21.069351175403103], [55.387478045395, -21.069414444956067], [55.387951418449546, -21.07263826778323], [55.38799181775396, -21.072997257680623], [55.38850645908248, -21.074849373268915], [55.38908825404616, -21.07636519784181], [55.38962847849017, -21.07812270811176], [55.38965325362513, -21.078324376936106], [55.3852817726894, -21.078430976201414], [55.38428996348318, -21.07865729406069], [55.383951623688034, -21.078706462979813], [55.38387939126586, -21.078711194795794], [55.38361671759494, -21.078705079781425], [55.383488827027946, -21.07869482864667], [55.38234763167493, -21.07858459198959], [55.3810161661396, -21.078314683090365], [55.379787638137536, -21.07810576862472], [55.37834326680396, -21.077941169964515], [55.37654417924168, -21.077884223434936], [55.3764806276146, -21.0778872285826], [55.376396710544434, -21.077904491431667], [55.37633202982972, -21.077922841579152], [55.376127137290936, -21.078002176753117], [55.375902851159914, -21.078094875343876], [55.375628279261335, -21.078209674418282], [55.3753012022535, -21.078373651032354], [55.37398240169133, -21.078754851588275], [55.37116177930958, -21.079353776185826], [55.37033438212447, -21.079416288068412], [55.36824814945437, -21.078772973896676], [55.36633940020153, -21.078358970904564], [55.36457102039391, -21.07787290071092], [55.36251558237402, -21.077320376636646], [55.35989435343189, -21.077376358663937], [55.35794500069672, -21.0771409886866], [55.356021929644854, -21.076826729227474], [55.355051155229056, -21.076320067208655], [55.35409608253758, -21.07578645389532], [55.35185868386074, -21.074746971760028], [55.34988585188419, -21.074644700324583], [55.34812524807649, -21.074540632920886], [55.34684792964742, -21.074388639692483], [55.34388844292967, -21.07453547388043], [55.34294886336288, -21.074410683620513], [55.340604373740405, -21.073804492990483], [55.33916656339025, -21.073364756107622], [55.33690525703492, -21.072217134964358], [55.33578371536538, -21.07143113400486], [55.33494466888496, -21.07051240666358], [55.33276360503518, -21.069597662147036], [55.3317654205636, -21.069532755701722], [55.33055893098908, -21.069205652835635], [55.330159442615646, -21.06908700812383], [55.32959399682588, -21.068878208982312], [55.32808657536797, -21.068139849385528], [55.32666356726005, -21.06725507623475], [55.32376664320903, -21.066297484732583], [55.32271356144829, -21.065938873688552], [55.322641760614545, -21.065905646631922], [55.32255970979559, -21.06584251040276], [55.322417647904956, -21.065724585036858], [55.32232612719004, -21.065647806099214], [55.32333876264439, -21.064162899342357], [55.323423890728264, -21.064037282291284], [55.32362894555414, -21.063557412838396], [55.32381213174641, -21.063053842144576], [55.32506894893411, -21.060211911549622], [55.32658656610926, -21.05693264508171], [55.327520190311205, -21.05493115966141], [55.327926163419555, -21.05283884282721], [55.326613579962505, -21.050901768677374], [55.32745306495022, -21.04836551902801], [55.32764803174075, -21.047794763768927], [55.32756016110055, -21.046143677455923], [55.32722811349259, -21.0448161541415], [55.32733653055971, -21.04449926956537], [55.32810858738257, -21.044722750308406], [55.32895802498357, -21.045082479660035], [55.3325104324817, -21.04680740601521], [55.33202288505772, -21.04747284939404], [55.33302098110479, -21.048655998575864], [55.333235730983525, -21.048899279820702], [55.33423792123899, -21.049543208141618], [55.33480826717591, -21.049651773014112], [55.33494560630865, -21.049328843599366], [55.33612246077552, -21.046465249334993], [55.33779834441215, -21.042414201259035], [55.337619631810995, -21.0423049631562], [55.33457513870406, -21.04050608742997], [55.33220555897396, -21.038781305205006], [55.33087305442651, -21.0375454159775], [55.331672115515616, -21.036389873850077], [55.33255057291742, -21.03622368031329], [55.33383292663341, -21.03751393900976], [55.3339224030533, -21.037600627318728], [55.334068317927276, -21.037716773620453], [55.334214373639306, -21.03782027533169], [55.33435579012493, -21.037908375777292], [55.33452899401121, -21.037993174512675], [55.334720567092106, -21.0380700235894], [55.3358436272963, -21.038307746269997], [55.33664003877401, -21.038112757185488], [55.338036977986754, -21.038424053040057], [55.33867408918882, -21.038928890982614], [55.34014234590389, -21.04018569539388], [55.341386099746785, -21.041560433168144], [55.34143555667663, -21.041612402703123], [55.341470802791804, -21.041644361422087], [55.34155226873972, -21.04171651543696], [55.34188478669731, -21.041969064965002], [55.34255143909176, -21.042111060286068], [55.34311084010037, -21.041859081355543], [55.34448183710452, -21.039255645057786], [55.3445576190717, -21.039276255391666], [55.34466881708322, -21.03931346967712], [55.344780837472214, -21.0393633378076], [55.34520850727924, -21.039581579739284], [55.345319456268086, -21.03964137317207], [55.34541019235424, -21.039701873024285], [55.34548352184603, -21.039770332881332], [55.346054747404715, -21.040319667293858], [55.34611056107285, -21.040406022021966], [55.34613570875415, -21.040481238943297], [55.34615392261876, -21.040574453968265], [55.34615593116102, -21.040653962093177], [55.3461453631696, -21.04073967077723], [55.346112538220126, -21.040836905479694], [55.346076856974456, -21.040931402535662], [55.346157562476336, -21.04155183754057], [55.34677262827058, -21.042052819538668], [55.34685469783916, -21.042114137682002], [55.34693692698115, -21.04216100487083], [55.34701351337652, -21.042196074500115], [55.348291699304134, -21.04268091861027], [55.34941176287756, -21.043021499383197], [55.35201084006052, -21.04501045892827], [55.35312570741102, -21.045738473786376], [55.35480049515572, -21.046649851128603], [55.3555686902862, -21.047011374566367], [55.35613047327245, -21.04724353488731], [55.35809714219044, -21.04804027878235], [55.359781130868484, -21.048468442335604], [55.36189228629429, -21.048814897178723], [55.363270931630716, -21.04909826697447], [55.36495498548548, -21.04961129002109], [55.367121996588295, -21.049691749693526], [55.369289551360204, -21.049369321379572], [55.37129792793626, -21.04996849809645], [55.3726337727077, -21.050385972816713], [55.37354670930974, -21.050849069641334], [55.37450336090306, -21.051363164275553], [55.37710063531466, -21.05285403519649], [55.379568552246994, -21.05462050424168], [55.38081261897519, -21.0553789261938], [55.38098187696354, -21.05547719168681], [55.38121567378446, -21.055480323455324], [55.38147666527884, -21.055460228522215], [55.38164624109393, -21.055440165448278], [55.38163044598859, -21.05547704982555], [55.38163525292658, -21.056100365554386], [55.381666689339, -21.05799847662377], [55.38179633700255, -21.0597132522054], [55.38218366389763, -21.0612258877172], [55.382537963581065, -21.063657756449032], [55.38317186395493, -21.064417137338587], [55.384007442842474, -21.065415549390405], [55.38541997788298, -21.067010145615388], [55.387222150861575, -21.068602665850655], [55.387294668626836, -21.06866026207768], [55.387481749610714, -21.06889237830298], [55.387489116565625, -21.068923160155347]]]}";9741517;97415;974;4;974151703;Forêt des Hauts de la Petite France;Saint-Paul;LA REUNION;Foret des Hauts de la Petite France;LA REUNION;;4;;;;;;Iris divers;19950;211.774655078;105.887327539;;230.016446335;;115.008223168;211.774655078;105;105.887327539;109.736639080;;109.736639080;104.357033282;;104.357033282;109.736639080;109;109.736639080;37.529395028;7.499346994;62.520588032;24.991193004;63.697635995;63.652474331;63.697635995;148.077019083;166.363972005;148.077019083;127.390628522;128.393715534;127.390628522;51.015720722;52.873327621;51.015720722;162.398443255;170.402359459;162.398443255;109.736639080;104.357033282;109.736639080;51.015720722;;51.015720722;52.873327621;;52.873327621;51.015720722;51;51.015720722;289.789071777;;144.894535889;298.796074993;;149.398037497;289.789071777;144;144.894535889;;;;321.511294158;;107.170431386;334.373479618;;111.457826539;321.511294158;107;107.170431386;340.804792499;;113.601597500;351.669402614;;117.223134205;340.804792499;113;113.601597500;Polygon;15646.25;1;110.096314659;65.076426128;0;15.008188278;25.027318607;0.199825949;0.399727414;0.591086326;0.103444740;0.172502131;15646.25;15646.25;662.316086657;;686.042882232;;662.316086657;110;0.313710150;0.313932729;0.313710150;0.269945611;0.240272824;0.269945611;0.463995141;0.460370138;0.463995141;0.202770319;0.195646357;0.202770319;0.106221542;0.101232243;0.106221542;14258;14993;14258
Saint-Paul;LA REUNION;CA Territoire de la Côte Ouest (Tco);LA REUNION;0;18.289439847;17.392838880;18.289439847;Non;974150604;97415;2A;249740101;-21.0325572235, 55.365374965;"{""type"": ""Polygon"", ""coordinates"": [[[55.38164624109393, -21.055440165448278], [55.38147666527884, -21.055460228522215], [55.38121567378446, -21.055480323455324], [55.38098187696354, -21.05547719168681], [55.38081261897519, -21.0553789261938], [55.379568552246994, -21.05462050424168], [55.37710063531466, -21.05285403519649], [55.37450336090306, -21.051363164275553], [55.37354670930974, -21.050849069641334], [55.3726337727077, -21.050385972816713], [55.37129792793626, -21.04996849809645], [55.369289551360204, -21.049369321379572], [55.367121996588295, -21.049691749693526], [55.36495498548548, -21.04961129002109], [55.363270931630716, -21.04909826697447], [55.36189228629429, -21.048814897178723], [55.359781130868484, -21.048468442335604], [55.35809714219044, -21.04804027878235], [55.35613047327245, -21.04724353488731], [55.3555686902862, -21.047011374566367], [55.35480049515572, -21.046649851128603], [55.35312570741102, -21.045738473786376], [55.35201084006052, -21.04501045892827], [55.34941176287756, -21.043021499383197], [55.348291699304134, -21.04268091861027], [55.34701351337652, -21.042196074500115], [55.34693692698115, -21.04216100487083], [55.34685469783916, -21.042114137682002], [55.34677262827058, -21.042052819538668], [55.346157562476336, -21.04155183754057], [55.346076856974456, -21.040931402535662], [55.346112538220126, -21.040836905479694], [55.3461453631696, -21.04073967077723], [55.34615593116102, -21.040653962093177], [55.34615392261876, -21.040574453968265], [55.34613570875415, -21.040481238943297], [55.34611056107285, -21.040406022021966], [55.346054747404715, -21.040319667293858], [55.34548352184603, -21.039770332881332], [55.34541019235424, -21.039701873024285], [55.345319456268086, -21.03964137317207], [55.34520850727924, -21.039581579739284], [55.344780837472214, -21.0393633378076], [55.34466881708322, -21.03931346967712], [55.3445576190717, -21.039276255391666], [55.34448183710452, -21.039255645057786], [55.34538984211571, -21.037537417863906], [55.34774516634509, -21.033087287079937], [55.34951180325988, -21.029749662368722], [55.35083424706772, -21.027253178116304], [55.35149958748146, -21.025978775682084], [55.3534966672371, -21.02231543931264], [55.355056037725774, -21.019343368853313], [55.356161658386874, -21.017301795200307], [55.35718763203425, -21.015414808141276], [55.35793350796024, -21.014067081175455], [55.360006406971, -21.010301402871413], [55.36096988716423, -21.008402041065874], [55.36187053661956, -21.006704403694084], [55.36188286310859, -21.00672078154109], [55.362470163356996, -21.007026325972486], [55.363991546337644, -21.008608617300894], [55.36564429079638, -21.010718775818013], [55.36703114421693, -21.01229387945069], [55.36918168387593, -21.015167096765886], [55.37083020713903, -21.017147548883024], [55.372548511723295, -21.018685590830625], [55.37473546744485, -21.01988123253898], [55.37638057924817, -21.020655710169162], [55.37746952310817, -21.021019289530933], [55.3776550219505, -21.02103551182764], [55.37774146989109, -21.02104807925173], [55.37784609707503, -21.02106985294917], [55.37798143812786, -21.021098242560196], [55.37809176866835, -21.02112639354887], [55.37814833779294, -21.02114409557279], [55.37818356827538, -21.0211778533454], [55.37892385154733, -21.022024069687436], [55.380207176317555, -21.023943148159077], [55.38098815060362, -21.025789689053898], [55.38178459160261, -21.026517194722032], [55.38288618497062, -21.027229533682355], [55.3839209593584, -21.028161634467086], [55.384727650267955, -21.029368873842355], [55.38477588374463, -21.029758651524972], [55.384876579961904, -21.030190479096355], [55.38490333925679, -21.030296418631604], [55.3849388734625, -21.030391602004364], [55.38498230818555, -21.030467891263527], [55.38567138190808, -21.03160987576093], [55.3857125539941, -21.031628332595663], [55.38560213490909, -21.031696837639043], [55.38508186084696, -21.032121863664276], [55.38492453407236, -21.032257669598323], [55.384155601243734, -21.03312384668459], [55.38353397934706, -21.033890251867273], [55.38298061303406, -21.034616655534663], [55.38226667420608, -21.03568929628227], [55.38050705468053, -21.037190069241202], [55.37924275034011, -21.03826106324274], [55.37818287179297, -21.040177670661432], [55.37698062950307, -21.04280694192533], [55.376831109205064, -21.044253956543486], [55.37696313479232, -21.045300323374164], [55.37743185593379, -21.046531466980007], [55.3785904676514, -21.047942626600314], [55.37931134400265, -21.04854861179477], [55.37975548515135, -21.048897227415683], [55.38021157477641, -21.049164433984828], [55.38090956089036, -21.051198522092168], [55.38120367236487, -21.05247507687957], [55.38145119796682, -21.05372205624914], [55.381639462931275, -21.054687660442962], [55.38164919596077, -21.055433870575044], [55.38164624109393, -21.055440165448278]]]}";9741506;97415;974;4;974150604;Forêt des Hauts du Bois de Nèfles;Saint-Paul;LA REUNION;Foret des Hauts du Bois de Nefles;LA REUNION;;4;;;;;;Iris divers;19950;0;0;;0;;0;0;0;0;109.736639080;;109.736639080;104.357033282;;104.357033282;109.736639080;109;109.736639080;0;0;0;0;0;0;0;0;0;0;0;0;0;0;0;0;0;0;0;109.736639080;104.357033282;109.736639080;0;;0;0;;0;0;0;0;0;;0;0;;0;0;0;0;;;;109.736639080;;36.578879693;104.357033282;;34.785677761;109.736639080;36;36.578879693;0;;0;0;;0;0;0;0;Polygon;15646.25;1;0;0;0;0;0;0;0;0;0;0;15646.25;15646.25;109.736639080;;104.357033282;;109.736639080;18;0.313710150;0.313932729;0.313710150;0.269945611;0.240272824;0.269945611;0.463995141;0.460370138;0.463995141;0.202770319;0.195646357;0.202770319;0.106221542;0.101232243;0.106221542;14258;14993;14258
Saint-Paul;LA REUNION;CA Territoire de la Côte Ouest (Tco);LA REUNION;88.667658656;98.651938493;98.850874764;98.651938493;Non;974150504;97415;2A;249740101;-21.0377374718, 55.391958308;"{""type"": ""Polygon"", ""coordinates"": [[[55.387489116565625, -21.068923160155347], [55.387481749610714, -21.06889237830298], [55.387294668626836, -21.06866026207768], [55.387222150861575, -21.068602665850655], [55.38541997788298, -21.067010145615388], [55.384007442842474, -21.065415549390405], [55.38317186395493, -21.064417137338587], [55.382537963581065, -21.063657756449032], [55.38218366389763, -21.0612258877172], [55.38179633700255, -21.0597132522054], [55.381666689339, -21.05799847662377], [55.38163525292658, -21.056100365554386], [55.38163044598859, -21.05547704982555], [55.38164624109393, -21.055440165448278], [55.38164919596077, -21.055433870575044], [55.381639462931275, -21.054687660442962], [55.38145119796682, -21.05372205624914], [55.38120367236487, -21.05247507687957], [55.38090956089036, -21.051198522092168], [55.38021157477641, -21.049164433984828], [55.37975548515135, -21.048897227415683], [55.37931134400265, -21.04854861179477], [55.3785904676514, -21.047942626600314], [55.37743185593379, -21.046531466980007], [55.37696313479232, -21.045300323374164], [55.376831109205064, -21.044253956543486], [55.37698062950307, -21.04280694192533], [55.37818287179297, -21.040177670661432], [55.37924275034011, -21.03826106324274], [55.38050705468053, -21.037190069241202], [55.38226667420608, -21.03568929628227], [55.38298061303406, -21.034616655534663], [55.38353397934706, -21.033890251867273], [55.384155601243734, -21.03312384668459], [55.38492453407236, -21.032257669598323], [55.38508186084696, -21.032121863664276], [55.38560213490909, -21.031696837639043], [55.3857125539941, -21.031628332595663], [55.38584719849662, -21.03154379821208], [55.386024327163895, -21.03144521435989], [55.3861902383229, -21.028933470562503], [55.38615977287404, -21.027980561901387], [55.38770319985903, -21.025722967258186], [55.389186017399396, -21.023729446929178], [55.389418916590664, -21.02282655079289], [55.38931199656451, -21.022391052993303], [55.38914559353226, -21.022119391514057], [55.38849006770517, -21.021482229253444], [55.388000594833244, -21.02079153770436], [55.38791442687755, -21.020663356321908], [55.387838082465265, -21.020516298821384], [55.387705225383826, -21.020167270728777], [55.38703992731648, -21.01780155559787], [55.387006803476574, -21.017482378258038], [55.3868808392913, -21.01694010983569], [55.386730555488036, -21.015618066820103], [55.38643197538381, -21.012700300564195], [55.38640413871883, -21.01224748546445], [55.38644364324068, -21.010810716733538], [55.38645689542228, -21.010473009799966], [55.38658910870991, -21.009807631271322], [55.386803651987165, -21.008910886046195], [55.38687222556931, -21.00870648797056], [55.38753971567707, -21.00732986808043], [55.38871462448104, -21.006535256788432], [55.39015356214728, -21.004486647723155], [55.390183522047735, -21.00438395520564], [55.390244551537265, -21.00425445764337], [55.39024844735182, -21.004249978005962], [55.39038313712004, -21.004337968569327], [55.39057854914554, -21.004414790435852], [55.39082034299796, -21.00447217811942], [55.39228341328005, -21.004655826382542], [55.392511128957864, -21.004680559975398], [55.39277571414417, -21.004675832632174], [55.39296360310252, -21.004646894870476], [55.39311421211673, -21.004595925725503], [55.394489629224616, -21.005164299817363], [55.39586836859804, -21.005935306455733], [55.398595277904505, -21.008119877501304], [55.398813948404424, -21.008181553162256], [55.39917786963856, -21.008334021854626], [55.399407620704004, -21.008439159439547], [55.39973757896695, -21.008619309821295], [55.400009777307055, -21.008803432978695], [55.40020433391102, -21.00896153333035], [55.40069514473279, -21.009574068651215], [55.40089892542381, -21.009949950439577], [55.40120096924183, -21.010854282993172], [55.40125837251753, -21.01115471821155], [55.401240536469736, -21.011474319014308], [55.401174422579146, -21.01181062882226], [55.40168837373927, -21.014947200869905], [55.40325755615482, -21.017283420178757], [55.403835641967284, -21.01941611912635], [55.40402811830436, -21.02103664007018], [55.402783076901926, -21.02416572592577], [55.40174011072282, -21.025977881459347], [55.40168244816391, -21.02606224958981], [55.40160259238468, -21.026152732170498], [55.40150827777694, -21.026245788680438], [55.40142174566167, -21.026330788604596], [55.401319081183566, -21.02639486092233], [55.401187422036365, -21.026471306730816], [55.4010791203109, -21.02652267969898], [55.40104818245351, -21.026536841557178], [55.40092153535999, -21.02659436499716], [55.40077563871272, -21.02665261058901], [55.399657395197764, -21.027089757662356], [55.39880520223994, -21.02740322505897], [55.39759850067153, -21.027852990573233], [55.39751423713497, -21.027905490981777], [55.39746674192727, -21.027938465350246], [55.39742088096854, -21.02799855403867], [55.39741636660026, -21.02806083902871], [55.3974474000593, -21.028307731802066], [55.397470725759156, -21.028375698982465], [55.397511348185326, -21.02844563578115], [55.397558733630575, -21.028512926419662], [55.39762822585299, -21.02858223198968], [55.398416398707816, -21.029282487836227], [55.398522341801005, -21.029362072722662], [55.399025441100626, -21.02972993677434], [55.39918108137517, -21.029840701395198], [55.400624545716, -21.03229138592585], [55.402168296887396, -21.034995926446406], [55.402740258052795, -21.036002239226267], [55.40318414548089, -21.0369981496994], [55.40275648401859, -21.03767341182698], [55.40238115549296, -21.03831303262855], [55.40231440555483, -21.038437060323425], [55.40224423943554, -21.03861073727233], [55.40219042832736, -21.03878456794069], [55.402180191033246, -21.03884228278045], [55.402171954946, -21.03889279004771], [55.40216669039729, -21.039025525385522], [55.40217452872901, -21.039192709239725], [55.402226535736595, -21.039368438027388], [55.40229490775659, -21.039543417353315], [55.40257585549015, -21.040085327369077], [55.402654248725455, -21.040222913896407], [55.40277151912462, -21.040414160382515], [55.4028434140905, -21.040529554954844], [55.402961200187285, -21.04067247971885], [55.40297575486641, -21.042962025702533], [55.402856465486586, -21.045440908916873], [55.40271884306465, -21.046525830681556], [55.40182640568336, -21.04783128433177], [55.401694238459044, -21.04948578454984], [55.40169957525045, -21.049616812823018], [55.401739339053236, -21.04967770782313], [55.401700745273885, -21.04977761069278], [55.40169613578924, -21.051118264806288], [55.40194312611831, -21.05240125856443], [55.40246008478088, -21.052830670774757], [55.40256404452981, -21.05291746168354], [55.40266782126887, -21.053021413455824], [55.402775369697, -21.053132627013024], [55.402971059928234, -21.053370227533176], [55.403046895941294, -21.053477529584857], [55.40310807794948, -21.05360546967284], [55.40314924728322, -21.053715155660303], [55.4031417508757, -21.053786445652456], [55.403118580335644, -21.05388378389947], [55.403081717772146, -21.054001769244827], [55.40268653326917, -21.05514524036193], [55.40257840744545, -21.055448634462756], [55.40218946655548, -21.056276912079415], [55.40212675861759, -21.056382007814733], [55.40204033354229, -21.056455265000416], [55.40073892605585, -21.057371152081085], [55.398932889575505, -21.05850177224117], [55.39741098531952, -21.05897384315847], [55.39653020401855, -21.059474985414543], [55.395561121289994, -21.06093796530092], [55.39479873073524, -21.062149087641327], [55.394518302977744, -21.062634214829323], [55.39417097584283, -21.063165679988725], [55.39314642366801, -21.064659066377878], [55.392701805311816, -21.065288065952842], [55.392430790069504, -21.06561249190008], [55.39215102609936, -21.065944964114955], [55.390267242282505, -21.067957712813083], [55.38976448828175, -21.068353102853017], [55.38939780924044, -21.068623321577455], [55.388713660851806, -21.068972725854405], [55.3881916779733, -21.069097844363906], [55.38780762024309, -21.06910503683085], [55.387489116565625, -21.068923160155347]]]}";9741505;97415;974;4;974150504;Mafate-Les Orangers-Les Lataniers;Saint-Paul;LA REUNION;Mafate-Les Orangers-Les Lataniers;LA REUNION;;4;;;;;;Iris divers;19950;144.442212541;72.221106271;;144.339802921;;72.169901461;144.442212541;72;72.221106271;109.736639080;;109.736639080;104.357033282;;104.357033282;109.736639080;109;109.736639080;27.840142272;12.615200375;25.302651956;0;144.442212541;144.339802921;144.442212541;0;0;0;196.999626513;198.550821991;196.999626513;140.733152824;145.857590389;140.733152824;0;0;0;109.736639080;104.357033282;109.736639080;140.733152824;;140.733152824;145.857590389;;145.857590389;140.733152824;140;140.733152824;196.999626513;;98.499813257;198.550821991;;99.275410995;196.999626513;98;98.499813257;;;;254.178851621;;84.726283874;248.696836204;;82.898945401;254.178851621;84;84.726283874;337.732779337;;112.577593112;344.408412380;;114.802804127;337.732779337;112;112.577593112;Polygon;15646.25;1;58.217774861;53.215045435;2.537490316;25.302651956;0;0.453129882;0;0.914068694;0.285365063;0;15646.25;15646.25;591.911630958;;593.105248583;;591.911630958;98;0.313710150;0.313932729;0.313710150;0.269945611;0.240272824;0.269945611;0.463995141;0.460370138;0.463995141;0.202770319;0.195646357;0.202770319;0.106221542;0.101232243;0.106221542;14258;14993;14258
Saint-Paul;LA REUNION;CA Territoire de la Côte Ouest (Tco);LA REUNION;94.871467594;121.003693336;125.678737516;121.003693336;Non;974151704;97415;2A;249740101;-21.0892030148, 55.4183664829;"{""type"": ""Polygon"", ""coordinates"": [[[55.394615972401766, -21.091179164840153], [55.39462419576446, -21.091130464982932], [55.394399019328276, -21.090431896527228], [55.39424162951449, -21.09000856990413], [55.39408905036049, -21.089607870973467], [55.39392738322864, -21.089246830668223], [55.39352000891704, -21.088642736492396], [55.392168102764614, -21.085521254602945], [55.390699459066454, -21.083481024102507], [55.38979003206043, -21.08179792191497], [55.38964196247639, -21.08142707109542], [55.38953184041507, -21.081040321131326], [55.38952528156372, -21.08064416625204], [55.38952924720967, -21.080276113235605], [55.389541873188925, -21.079952855253065], [55.38955752122809, -21.07970640558999], [55.38956577503253, -21.07961028353476], [55.389599700231386, -21.079543310393184], [55.38966518119585, -21.079182615779626], [55.389672679257934, -21.07884395313241], [55.38965960066044, -21.078360568775157], [55.38965325362513, -21.078324376936106], [55.38962847849017, -21.07812270811176], [55.38908825404616, -21.07636519784181], [55.38850645908248, -21.074849373268915], [55.38799181775396, -21.072997257680623], [55.387951418449546, -21.07263826778323], [55.387478045395, -21.069414444956067], [55.38747391578771, -21.069351175403103], [55.38745611559266, -21.069038467846937], [55.387489116565625, -21.068923160155347], [55.38780762024309, -21.06910503683085], [55.3881916779733, -21.069097844363906], [55.388713660851806, -21.068972725854405], [55.38939780924044, -21.068623321577455], [55.38976448828175, -21.068353102853017], [55.390267242282505, -21.067957712813083], [55.39215102609936, -21.065944964114955], [55.392430790069504, -21.06561249190008], [55.392701805311816, -21.065288065952842], [55.39314642366801, -21.064659066377878], [55.39417097584283, -21.063165679988725], [55.394518302977744, -21.062634214829323], [55.39479873073524, -21.062149087641327], [55.395561121289994, -21.06093796530092], [55.39653020401855, -21.059474985414543], [55.39741098531952, -21.05897384315847], [55.398932889575505, -21.05850177224117], [55.40073892605585, -21.057371152081085], [55.40204033354229, -21.056455265000416], [55.40212675861759, -21.056382007814733], [55.40218946655548, -21.056276912079415], [55.40257840744545, -21.055448634462756], [55.40268653326917, -21.05514524036193], [55.403081717772146, -21.054001769244827], [55.403118580335644, -21.05388378389947], [55.4031417508757, -21.053786445652456], [55.40314924728322, -21.053715155660303], [55.40310807794948, -21.05360546967284], [55.403046895941294, -21.053477529584857], [55.402971059928234, -21.053370227533176], [55.402775369697, -21.053132627013024], [55.40266782126887, -21.053021413455824], [55.40256404452981, -21.05291746168354], [55.40246008478088, -21.052830670774757], [55.40194312611831, -21.05240125856443], [55.40169613578924, -21.051118264806288], [55.401700745273885, -21.04977761069278], [55.401739339053236, -21.04967770782313], [55.401770568977135, -21.049726779669218], [55.40190801799854, -21.049831048572802], [55.402039742569926, -21.049930747043064], [55.402231769889895, -21.050015204891466], [55.40240138949985, -21.050080482566838], [55.403015187007604, -21.050496802404446], [55.4036483460508, -21.050947627438962], [55.40373414968138, -21.051022504128774], [55.403891574463785, -21.051238968153008], [55.40398149579608, -21.051378920845227], [55.40457594615807, -21.052392585148226], [55.40546070817517, -21.05451822291262], [55.406308031437995, -21.055643554903543], [55.40736801161218, -21.056861207334563], [55.40784009187805, -21.056989385448233], [55.408033618239955, -21.057069786546037], [55.40892257440251, -21.057450275959805], [55.41198712850981, -21.059023600732875], [55.41238880118845, -21.059258600987764], [55.412516903160615, -21.05933838559308], [55.41262279785327, -21.05942518892614], [55.413800682832225, -21.060602806867177], [55.41473481835848, -21.06180885425735], [55.41508003496625, -21.062287212662675], [55.41583014222756, -21.06278922106325], [55.41587985304594, -21.06282039705525], [55.41594008148201, -21.06285799425628], [55.41608922370475, -21.06295061889235], [55.416294315549635, -21.06312144909955], [55.41640865532988, -21.063229104975104], [55.41650283615596, -21.063332056278497], [55.41650948575445, -21.06334024799655], [55.41658915671601, -21.06345029034331], [55.4167497352168, -21.063735424107943], [55.416815849198564, -21.063853469654074], [55.41689575646337, -21.064032164922175], [55.41697833079889, -21.064231660938397], [55.41703462204177, -21.064368584143274], [55.41734486187957, -21.065334394729906], [55.417474528423575, -21.065903779453897], [55.417500096453594, -21.06630688981285], [55.41750182698292, -21.066416205304805], [55.417391046777915, -21.06779089917487], [55.417327649052666, -21.06787070187651], [55.417245005972696, -21.067950325122215], [55.41716345888843, -21.068017312337716], [55.4168912970221, -21.068227050084676], [55.41653368019821, -21.068471918098847], [55.41510673977365, -21.070120877301125], [55.41309309841758, -21.072603298530375], [55.41215470296457, -21.074331564706892], [55.411463885866056, -21.07549170931967], [55.41027178656755, -21.07672186225438], [55.40927318801742, -21.077144547607524], [55.4081418980507, -21.077638882322226], [55.4072904979631, -21.079052229984942], [55.406032666415065, -21.08040033073092], [55.40467288028677, -21.08174023577827], [55.4038009361831, -21.083810064063176], [55.40389437006189, -21.084253557305498], [55.404436289840966, -21.084969547457884], [55.40458369219055, -21.08513623658148], [55.404784852604074, -21.08531607720751], [55.40492896537738, -21.085430344049374], [55.405019792910416, -21.08548720226142], [55.40531926092552, -21.085654417110355], [55.405508250804715, -21.085712197766924], [55.406603449488244, -21.085901340237516], [55.40691908919841, -21.085906111161144], [55.40707620666729, -21.085884100837607], [55.40725583418446, -21.085827073189762], [55.4095007549303, -21.087413546735487], [55.41009531087729, -21.088342288682924], [55.410795042752454, -21.08915639237021], [55.41158625428908, -21.089786174459146], [55.41265736976895, -21.090433928884813], [55.4142119180138, -21.09142132068877], [55.41566456444695, -21.092943402675303], [55.41705924009716, -21.09439808844312], [55.41796088064612, -21.09517136926698], [55.41880226831338, -21.095681675855566], [55.42092513445554, -21.09672986172785], [55.42212496462927, -21.09668276733592], [55.42426304281245, -21.095745602049455], [55.42604349284606, -21.09375997077303], [55.426325336757, -21.093319968876187], [55.42716898278942, -21.09208665913421], [55.427513486276794, -21.091819766418496], [55.42832211736786, -21.091351221587434], [55.42841272738614, -21.09133851165839], [55.428504948681386, -21.0913556255622], [55.42899636212307, -21.091579680230208], [55.42908920414351, -21.091629318440496], [55.429220087255736, -21.091722667397015], [55.42930604053158, -21.09178669452793], [55.431526958757935, -21.09211617658552], [55.43155195339549, -21.092119117633157], [55.43160771723364, -21.092125053116074], [55.43528783144395, -21.092362738882386], [55.43752731593487, -21.092484103043255], [55.43854768312462, -21.09238329682101], [55.44023866169954, -21.091478387984218], [55.442066098766716, -21.090223328456023], [55.44212544680246, -21.090162448731625], [55.442184964317875, -21.09008531102958], [55.442283362779406, -21.08987935758519], [55.44231209218242, -21.089801033777533], [55.44233799080749, -21.08971726413029], [55.442361265828566, -21.089608177809954], [55.44237699216203, -21.089484569265835], [55.44235309941354, -21.089375953113173], [55.44213007008284, -21.08842678833972], [55.441606824104724, -21.087654623565218], [55.44323182963272, -21.086053979907646], [55.44630763012165, -21.085018531980772], [55.44707591086644, -21.08457937044063], [55.448461709487866, -21.08385491091219], [55.44867127751289, -21.08378636916444], [55.44889484046128, -21.083760410611067], [55.44913947262076, -21.083744580748547], [55.44927030953132, -21.083750293200183], [55.44940295876227, -21.08376686182337], [55.450633522550234, -21.084080156609666], [55.45170102339362, -21.084355127439537], [55.45211656703659, -21.084471832886027], [55.45383338053719, -21.085053863188115], [55.45465930982359, -21.085414582807804], [55.454965221373065, -21.085616097381095], [55.455229339863514, -21.085856976564987], [55.45550441983587, -21.086154863748884], [55.455683540832986, -21.086424777705613], [55.455863959866804, -21.08656914310843], [55.456053740836296, -21.08664584522272], [55.45646763131478, -21.086737232730588], [55.45806038615812, -21.08694050928703], [55.45878514269438, -21.086940772110754], [55.460136543412446, -21.086374924487995], [55.460788091192576, -21.08619385159371], [55.46298648958825, -21.08590665692037], [55.46393910597674, -21.085743655316996], [55.46362233020837, -21.085942225735423], [55.46315498868368, -21.0866023796002], [55.46284442136134, -21.087085999894573], [55.46188604987155, -21.088742118363005], [55.46014728228899, -21.08981573753626], [55.45901954046576, -21.090577375773645], [55.458642934709395, -21.091022447973018], [55.45853376300098, -21.091155145922357], [55.4555790634973, -21.093179685292927], [55.45585849406903, -21.09640975631674], [55.45608705120614, -21.098090929018365], [55.45542424407253, -21.099773339685314], [55.45532692094437, -21.099922854112737], [55.45523955889075, -21.10003994008779], [55.45506989913459, -21.100249768671954], [55.45468631320187, -21.100575077656803], [55.45442002436006, -21.100774088393567], [55.45369774612952, -21.100992878351043], [55.45124842463122, -21.102201731535352], [55.451002573985114, -21.10242486082623], [55.45067716466885, -21.102708235959653], [55.45035668852542, -21.102979912488316], [55.44926254320945, -21.103689843780757], [55.447076734973706, -21.104960660564657], [55.44539821310419, -21.105782753490665], [55.443233622206435, -21.106957713688477], [55.441620134236636, -21.107410031010087], [55.44062534607717, -21.10777078543684], [55.43965034939452, -21.10844787217599], [55.43946319110673, -21.108671071741778], [55.43919773089156, -21.10897168578998], [55.43899635515153, -21.10917352620918], [55.43830618420591, -21.109860001968862], [55.437549062514485, -21.110550373857873], [55.43710098970774, -21.110916561116507], [55.43599538669512, -21.11174195219893], [55.43561027301736, -21.111930801135674], [55.435072345046024, -21.112187792376787], [55.43487115735275, -21.112278974583628], [55.43214432812858, -21.11343573908485], [55.42935560599968, -21.113426627069014], [55.42851553474135, -21.11419625908321], [55.42777729402283, -21.115028897285395], [55.42714678731662, -21.115710005056766], [55.425993241292915, -21.116602140740383], [55.425685939378994, -21.116758718058257], [55.425342239809325, -21.116897793878486], [55.425045839984335, -21.1169790458927], [55.4240031129288, -21.11708406958337], [55.42379576737996, -21.1170279430905], [55.42266949536388, -21.116202688468597], [55.42256913139773, -21.116134910202256], [55.42255327372581, -21.116086887826512], [55.42213014828516, -21.114952020288577], [55.422109392044355, -21.114912081942602], [55.42201468263773, -21.114764865894916], [55.421880716032526, -21.11468864469691], [55.421515181834636, -21.114571424786423], [55.42143356435164, -21.11455169528239], [55.42136433602304, -21.114543824014643], [55.42116912622217, -21.114523939460607], [55.41907646016306, -21.11387302551289], [55.41726545007026, -21.113261752476323], [55.416044599768426, -21.11273727428834], [55.41557875436372, -21.11214080956948], [55.41489919262285, -21.111636287737575], [55.41457210390739, -21.11143540660994], [55.41424497909595, -21.111283302487582], [55.412816502065134, -21.110687757563117], [55.41100730403978, -21.10975441343951], [55.41047300642882, -21.10946441427954], [55.41011914609484, -21.109157136978343], [55.40882325050507, -21.107672535478052], [55.407067473310576, -21.10637615066461], [55.40494430352292, -21.104723484432828], [55.4030401977185, -21.10311305398054], [55.40187660311549, -21.10219834580561], [55.40141334507965, -21.101593289376897], [55.3997928619565, -21.099302611552428], [55.39976534752609, -21.099265316932982], [55.399335707694554, -21.09893788330721], [55.39912386300426, -21.098766064587565], [55.39731221073679, -21.0961772816457], [55.396376251004064, -21.09486769467722], [55.39600534341499, -21.094316341151533], [55.39560909336366, -21.09348111391858], [55.394615962695454, -21.091180068038867], [55.394615972401766, -21.091179164840153]]]}";9741517;97415;974;4;974151704;Mafate-Roche Plate-Marla;Saint-Paul;LA REUNION;Mafate-Roche Plate-Marla;LA REUNION;;4;;;;;;Iris divers;19950;255.188502809;127.594251405;;280.104594377;;140.052297189;255.188502809;127;127.594251405;109.736639080;;109.736639080;104.357033282;;104.357033282;109.736639080;109;109.736639080;14.979705410;2.496617568;27.462793251;14.979705410;53.127597763;53.089930263;53.127597763;202.060905046;227.014664114;202.060905046;195.926816805;197.469564868;195.926816805;90.846888973;94.154845920;90.846888973;74.323312350;77.986386651;74.323312350;109.736639080;104.357033282;109.736639080;90.846888973;;90.846888973;94.154845920;;94.154845920;90.846888973;90;90.846888973;270.250129155;;135.125064578;275.455951519;;137.727975759;270.250129155;135;135.125064578;;;;364.925141889;;121.641713963;384.461627659;;128.153875886;364.925141889;121;121.641713963;361.097018128;;120.365672709;369.610797439;;123.203599146;361.097018128;120;120.365672709;Polygon;15646.25;1;54.925586502;49.932351365;0;17.476322978;7.489852705;0.166666667;0.545454545;0.909090909;0.184210526;0.078947368;15646.25;15646.25;726.022160017;;754.072425098;;726.022160017;121;0.313710150;0.313932729;0.313710150;0.269945611;0.240272824;0.269945611;0.463995141;0.460370138;0.463995141;0.202770319;0.195646357;0.202770319;0.106221542;0.101232243;0.106221542;14258;14993;14258
Saint-Paul;LA REUNION;CA Territoire de la Côte Ouest (Tco);LA REUNION;0;18.289439847;17.392838880;18.289439847;Non;974150503;97415;2A;249740101;-20.9973773742, 55.3722280727;"{""type"": ""Polygon"", ""coordinates"": [[[55.387006803476574, -21.017482378258038], [55.386870219517945, -21.01721190099882], [55.38649724169212, -21.016604058925232], [55.38609671974816, -21.016321141066268], [55.385493404884976, -21.016065203118643], [55.382182035474464, -21.014738418090865], [55.37886828460822, -21.013077595804393], [55.376342860834335, -21.01117917895331], [55.37485531949677, -21.009863971987798], [55.372945573770274, -21.008466394104286], [55.371739420233894, -21.00712340504176], [55.37017689383368, -21.005381354211654], [55.36828355863184, -21.002926132986673], [55.36794499142243, -21.0023926551267], [55.36719710872726, -21.001374925771074], [55.36601395641549, -20.99978439447668], [55.36582145405577, -20.999530528475354], [55.36568614890254, -20.999324182557285], [55.36480642419322, -20.997608515932143], [55.364660684972186, -20.996859191935936], [55.36455200861106, -20.99597473042813], [55.36449334403999, -20.99531160369848], [55.3643467556147, -20.994331480720895], [55.36395879544469, -20.993213996467684], [55.36348062337479, -20.992210813891926], [55.362557440559975, -20.990649182907937], [55.36206545697533, -20.989899688626554], [55.36195823870973, -20.989764970356465], [55.35990310180725, -20.987534839334657], [55.35890927026549, -20.986415122622002], [55.35686751534796, -20.984378577793244], [55.35534709578559, -20.98251468577883], [55.355202850163835, -20.98242477063678], [55.355174197353435, -20.982406428175377], [55.35502094823694, -20.982260422087528], [55.35488684408536, -20.982122730383967], [55.353574111819206, -20.981323282602204], [55.35215497684279, -20.980668225323555], [55.35167554672644, -20.9804477009538], [55.34993472853652, -20.979082233535895], [55.34989454563295, -20.97762665556448], [55.35045442606581, -20.977351155607348], [55.35091705898016, -20.977085551789195], [55.35133159799176, -20.9768203844743], [55.35143869708906, -20.976701283690808], [55.35168326307377, -20.975535699494436], [55.35178215594791, -20.974761635521855], [55.35330585091151, -20.975172912669706], [55.3551162656832, -20.975661918077105], [55.355432859606616, -20.97582124342782], [55.3560597066433, -20.97619222203915], [55.35633838361609, -20.976389118064034], [55.3581104580508, -20.97766087501956], [55.359733370383, -20.979824532478784], [55.36158208102544, -20.981218938870967], [55.36323889639708, -20.982088477579502], [55.364506770643985, -20.982729347297486], [55.365887176102284, -20.98403430381779], [55.36623655196225, -20.98463111820257], [55.366578266265044, -20.985225148628956], [55.36805609905859, -20.98658026570059], [55.3698497978272, -20.987579763508545], [55.37120972039852, -20.98865324219295], [55.372628601670876, -20.990678442136588], [55.372714721080065, -20.990808436128404], [55.37280848831862, -20.991031542362933], [55.37286105975159, -20.991328324909155], [55.37287165222037, -20.991771039750407], [55.372872949362325, -20.99182886290297], [55.372847090856226, -20.99252866787257], [55.37284442348447, -20.9925972926471], [55.3728264122193, -20.992839203024896], [55.37277929374398, -20.993459314919452], [55.37280822526566, -20.993807359191724], [55.372883043007505, -20.99435908290079], [55.373046295475774, -20.994916168210064], [55.37318182829728, -20.995279683841627], [55.373321431189616, -20.99553393984404], [55.37365647351459, -20.996126991251824], [55.37391174270831, -20.996536814933602], [55.374031196179125, -20.99669783880082], [55.375460650046826, -20.99811159114613], [55.375599772386565, -20.99823305685325], [55.37592494067383, -20.998495404832262], [55.3761560838689, -20.998646653475976], [55.37642109573397, -20.998779255718315], [55.37670179971568, -20.99888400512066], [55.377030877452405, -20.99896301980367], [55.37707117550242, -20.998972436971407], [55.37918508269747, -20.99924037370512], [55.380715869353914, -20.999235682241462], [55.381528434670365, -20.99907991401049], [55.38221933893699, -20.998743681381693], [55.38273265726792, -20.99837323994641], [55.38301873206458, -20.998247689721964], [55.383186853930006, -20.99817792631449], [55.383466709802974, -20.998093867838424], [55.38385268424287, -20.997981007673772], [55.38407043011474, -20.99794784634086], [55.38430582792918, -20.997972663233337], [55.38455814944805, -20.9980337722692], [55.38482736572243, -20.99813388299828], [55.3850799791167, -20.998257321514487], [55.385382247228556, -20.998414652658873], [55.385744254913114, -20.998652039956117], [55.38612913348489, -20.998909515916964], [55.38617395967525, -20.99894516949825], [55.38641329540145, -20.99914074402142], [55.38676184199418, -20.999467428109636], [55.38741571628856, -21.000114965117326], [55.38762243264507, -21.0003924290988], [55.388291618910216, -21.001451108420603], [55.388697482348654, -21.002308567283144], [55.38879958546213, -21.002474837324733], [55.389071209906504, -21.00288931217504], [55.38920884350774, -21.003061338101293], [55.389387312906244, -21.003282528457692], [55.389517368832365, -21.003443642882882], [55.39000746558871, -21.004027293765475], [55.390116837062266, -21.004143950522856], [55.39022266169085, -21.004232571440735], [55.39024844735182, -21.004249978005962], [55.390244551537265, -21.00425445764337], [55.390183522047735, -21.00438395520564], [55.39015356214728, -21.004486647723155], [55.38871462448104, -21.006535256788432], [55.38753971567707, -21.00732986808043], [55.38687222556931, -21.00870648797056], [55.386803651987165, -21.008910886046195], [55.38658910870991, -21.009807631271322], [55.38645689542228, -21.010473009799966], [55.38644364324068, -21.010810716733538], [55.38640413871883, -21.01224748546445], [55.38643197538381, -21.012700300564195], [55.386730555488036, -21.015618066820103], [55.3868808392913, -21.01694010983569], [55.387006803476574, -21.017482378258038]]]}";9741505;97415;974;4;974150503;Riviere des Galets-Canalisation;Saint-Paul;LA REUNION;Riviere des Galets-Canalisation;LA REUNION;;4;;;;;;Iris divers;19950;0;0;;0;;0;0;0;0;109.736639080;;109.736639080;104.357033282;;104.357033282;109.736639080;109;109.736639080;0;0;0;0;0;0;0;0;0;0;0;0;0;0;0;0;0;0;0;109.736639080;104.357033282;109.736639080;0;;0;0;;0;0;0;0;0;;0;0;;0;0;0;0;;;;109.736639080;;36.578879693;104.357033282;;34.785677761;109.736639080;36;36.578879693;0;;0;0;;0;0;0;0;Polygon;15646.25;1;0;0;0;0;0;0;0;0;0;0;15646.25;15646.25;109.736639080;;104.357033282;;109.736639080;18;0.313710150;0.313932729;0.313710150;0.269945611;0.240272824;0.269945611;0.463995141;0.460370138;0.463995141;0.202770319;0.195646357;0.202770319;0.106221542;0.101232243;0.106221542;14258;14993;14258
Saint-Philippe;LA REUNION;CA du Sud;LA REUNION;0;14.318667103;15.259348899;14.318667103;Non;974170102;97417;2A;249740085;-21.3150795925, 55.7557066872;"{""type"": ""Polygon"", ""coordinates"": [[[55.71695396557729, -21.287813629738064], [55.71696932391073, -21.28782097371112], [55.717715920373756, -21.28799321989209], [55.71845960946559, -21.28791724073133], [55.718626584378825, -21.287891410656417], [55.7192316303529, -21.287795353897437], [55.720277341384175, -21.28748841755458], [55.720464396861914, -21.287369691433437], [55.7207763647557, -21.287296179217726], [55.72091789736169, -21.28727263136308], [55.72102249629299, -21.28725649425297], [55.721160027013525, -21.287235858138413], [55.72206342567296, -21.28715147755226], [55.72286178195699, -21.287120497367354], [55.72358898314195, -21.287237126304046], [55.72412620190467, -21.287337406965886], [55.724519742970436, -21.28744472784136], [55.725960600666106, -21.287572849431292], [55.72683066049438, -21.28761037156613], [55.727594543650454, -21.287553362277134], [55.72841641780392, -21.28736579895248], [55.728804811282146, -21.287259424211552], [55.72888211060152, -21.287237423593044], [55.728996151319386, -21.287202149767474], [55.729316051110736, -21.28710248368313], [55.73234278390353, -21.286071970096142], [55.73355373714743, -21.285639334659457], [55.73494909296546, -21.28483227333539], [55.736186514533486, -21.2839508413173], [55.73711436714531, -21.283286960782153], [55.73768508724058, -21.283045991243842], [55.74005564993376, -21.283021358316333], [55.740496620516026, -21.28307705281771], [55.74104769361476, -21.28330475855342], [55.74265339796276, -21.284022742090354], [55.74342064653402, -21.284474735948276], [55.743496334185075, -21.28452859979621], [55.74359606326214, -21.284588966617076], [55.74368244495004, -21.284632069699413], [55.744175528959026, -21.2848512025589], [55.74455731128359, -21.285010784903225], [55.74517342807446, -21.28511485934741], [55.745595956266925, -21.285172099482974], [55.74626895361455, -21.28526022235145], [55.746424019632954, -21.285274024136054], [55.74659931419441, -21.285289331423176], [55.74687874611493, -21.285299993344964], [55.74729505050944, -21.285310318115968], [55.74855024214596, -21.28556762827104], [55.74950293865186, -21.285806422153474], [55.75068276532476, -21.286371659563137], [55.752056111871255, -21.28707834671488], [55.752664181335234, -21.287437879261553], [55.753407561632905, -21.287525592211377], [55.75467317212122, -21.287522311032713], [55.75525203834363, -21.28745883852031], [55.75626622890949, -21.287207967960025], [55.756777367018366, -21.2872894334113], [55.758501521168576, -21.28760478722112], [55.759809907053594, -21.28784569470372], [55.76086260201309, -21.287945590339504], [55.762339158587615, -21.28761497452473], [55.76350687925516, -21.287215227627858], [55.76541730951425, -21.286406269158437], [55.76765731652086, -21.285834579213304], [55.769034890521695, -21.285811682781766], [55.77046957941525, -21.285991097595648], [55.77186133352611, -21.28617605911995], [55.77341895022549, -21.286439682565227], [55.77508562298059, -21.286803908871025], [55.776401501160976, -21.2864896486365], [55.77776121636848, -21.286006695879337], [55.77928167256885, -21.286190272169375], [55.78069835884217, -21.286568214073704], [55.78266027486493, -21.287137872189806], [55.78458306721587, -21.287594540328985], [55.7864465447705, -21.287679349791148], [55.787668221062, -21.28756935611553], [55.79050206991695, -21.287393251631354], [55.79056946475085, -21.287402769617145], [55.79064918266665, -21.287437670872077], [55.790702670137016, -21.28749767846959], [55.79047044842829, -21.29078794445618], [55.790207402469626, -21.292778016974975], [55.790237230351046, -21.295140581080535], [55.79047674330477, -21.298383644163234], [55.7905091880171, -21.298895192572804], [55.79049062516888, -21.301163455534816], [55.79051587437934, -21.30373195607419], [55.79051043432519, -21.30416102402062], [55.79043260621097, -21.306484869277252], [55.79005013432288, -21.310457002925293], [55.789773226101076, -21.31295557313708], [55.79005466334064, -21.31519979226728], [55.790294995756405, -21.31575439085087], [55.790442418572454, -21.316235147007344], [55.79061730949457, -21.31748216846126], [55.79081358501601, -21.320003111720712], [55.790764640349096, -21.31997565831169], [55.79146926662489, -21.328000040952404], [55.791721554200436, -21.330865572085553], [55.79181136143119, -21.331672936666546], [55.79179891731977, -21.33378133760774], [55.78870666305119, -21.336490899895786], [55.78797772869718, -21.337603158388877], [55.78675075143462, -21.338894232513063], [55.784169684809676, -21.340393252169978], [55.7820915743231, -21.342749567797565], [55.77930731173297, -21.344668911002856], [55.77775159355045, -21.34529357655179], [55.77432962299936, -21.346426772001053], [55.77331418034216, -21.346781613341868], [55.772067787463726, -21.34719438298515], [55.76951528701794, -21.34743135999701], [55.76837671766055, -21.346534332777654], [55.766314341249455, -21.34546777869196], [55.764873384846375, -21.345456849339985], [55.764594516708115, -21.345480093250863], [55.7645442794721, -21.345491467649335], [55.76401342975317, -21.345666430596086], [55.763068712396475, -21.34632435919055], [55.76211864891037, -21.346928943742558], [55.76192431452257, -21.34704766002059], [55.76173208276226, -21.347145614010266], [55.76139803870305, -21.347308468317237], [55.75902769243564, -21.347326205572404], [55.756463047860365, -21.3472864621386], [55.75440803696241, -21.347074302174633], [55.75282668217961, -21.346725612267058], [55.750359867106, -21.347091211598784], [55.74691795612475, -21.347594041964147], [55.74668466129255, -21.34656607561641], [55.741827259315976, -21.34796611817195], [55.737115687266176, -21.349330074615636], [55.734995049962556, -21.343281446069536], [55.73738237484406, -21.339244194167325], [55.73673345925884, -21.33800531870974], [55.73358752175385, -21.338421578232502], [55.730056382986945, -21.33889177924895], [55.72543449048093, -21.339497269651012], [55.72394780121384, -21.339704599856244], [55.722954449494004, -21.33983978445623], [55.722252093299126, -21.337716060129246], [55.72182616100957, -21.336074121366895], [55.72172926495299, -21.335684035102688], [55.721621996159406, -21.33504454180545], [55.72126904818336, -21.33193609574897], [55.721383257226904, -21.33043918883792], [55.721585070343934, -21.329012958416595], [55.72232717476055, -21.327097598133218], [55.722782096152066, -21.325794461027193], [55.7230348928798, -21.32469686568435], [55.723483509457445, -21.32176343512544], [55.72368540517383, -21.319654256337948], [55.723190500716875, -21.318597081361037], [55.722904161596446, -21.317909347985758], [55.722871163924275, -21.317265901709682], [55.7228226051828, -21.31619233555867], [55.72294972631816, -21.314758757335763], [55.72253426921808, -21.31296964962169], [55.72193145361702, -21.3106489467972], [55.72134525434298, -21.308332675836493], [55.7207633452269, -21.30528571767751], [55.71909873214135, -21.302815899800542], [55.71879855879403, -21.301969871368215], [55.718307689632056, -21.299993183520236], [55.71816470249691, -21.299252238216887], [55.71809633500463, -21.298354675614494], [55.71809186788372, -21.298202876193155], [55.7181425137475, -21.29780939460955], [55.71820460517285, -21.29654063888171], [55.718019961868066, -21.295379311033308], [55.71763190039469, -21.29444408145788], [55.717107880585615, -21.29229278801902], [55.717124850059236, -21.29160625250541], [55.71712597641554, -21.290984852154498], [55.71701712301567, -21.289580505446267], [55.71690841407548, -21.288619988569657], [55.71690143307694, -21.288202580209013], [55.71695396557729, -21.287813629738064]]]}";9741701;97417;974;4;974170102;Forêt des Hauts de St-Philippe;Saint-Philippe;LA REUNION;Foret des Hauts de St-Philippe;LA REUNION;;4;;;;;;Iris divers;1280;0;0;;0;;0;0;0;0;85.912002618;;85.912002618;91.556093394;;91.556093394;85.912002618;85;85.912002618;0;0;0;0;0;0;0;0;0;0;0;0;0;0;0;0;0;0;0;85.912002618;91.556093394;85.912002618;0;;0;0;;0;0;0;0;0;;0;0;;0;0;0;0;;;;85.912002618;;28.637334206;91.556093394;;30.518697798;85.912002618;28;28.637334206;0;;0;0;;0;0;0;0;Polygon;12249.333333333;1;0;0;0;0;0;0;0;0;0;0;12249.333333333;12249.333333333;85.912002618;;91.556093394;;85.912002618;14;0.313710150;0.277854799;0.313710150;0.269945611;0.272035020;0.269945611;0.463995141;0.500285372;0.463995141;0.202770319;0.196080739;0.202770319;0.106221542;0.119705354;0.106221542;14258;13379.047619048;14258
Saint-Philippe;LA REUNION;CA du Sud;LA REUNION;0;14.318667103;15.259348899;14.318667103;Non;974170103;97417;2A;249740085;-21.2655349789, 55.7426268613;"{""type"": ""Polygon"", ""coordinates"": [[[55.69469505728794, -21.27537759390825], [55.69470854982103, -21.27526839171333], [55.694586308261535, -21.275250280503997], [55.69323231678326, -21.274907796251565], [55.691451751137286, -21.274413836890364], [55.68961132435738, -21.27371568575236], [55.68827958613404, -21.272714108778057], [55.68660844268149, -21.271406798919863], [55.686027833749236, -21.270911746976576], [55.68515451921303, -21.269735082548767], [55.68401464899369, -21.267864358866802], [55.68376730697467, -21.267446881423954], [55.68335775015622, -21.266739061120195], [55.68330461244941, -21.266645599858986], [55.6819873198049, -21.263708416765564], [55.68129295999643, -21.261274302885763], [55.68091122200769, -21.25923152978], [55.68046068414486, -21.25685374830292], [55.67993382299091, -21.25423886649674], [55.67973380215976, -21.253803508562843], [55.67970672782703, -21.25370573366104], [55.67968349173489, -21.25360979553672], [55.679559919197985, -21.252662106583404], [55.679336964689426, -21.250918915001932], [55.67920404866743, -21.24945148776219], [55.679066064134396, -21.248661773418952], [55.6787364344529, -21.247211104417897], [55.678586111234225, -21.246616870488452], [55.678262347684814, -21.245076588098627], [55.678132128584735, -21.244308388676746], [55.67821074941215, -21.24327194721755], [55.678412474507034, -21.242153361105814], [55.67881164154128, -21.23996312854976], [55.67881274993242, -21.2399468767353], [55.679622416149435, -21.240023679283222], [55.68158640833629, -21.240210681629392], [55.69024249323411, -21.241034238723447], [55.693127889960365, -21.241307756787787], [55.69889870809803, -21.24185645301105], [55.701785100985646, -21.242130735280426], [55.70467054389247, -21.242404961274392], [55.706038633441025, -21.242537418160833], [55.70756750739104, -21.242685550187165], [55.70983193961173, -21.242905243118006], [55.71304327075398, -21.24321659957005], [55.7160793980234, -21.243510300948245], [55.71796741167075, -21.24369359468799], [55.719311458553044, -21.24382395531177], [55.72157112471187, -21.244042552408757], [55.723504410367816, -21.24422974137222], [55.73919814492457, -21.24574803699483], [55.74215640843065, -21.246034367057355], [55.74468526220492, -21.246279507659853], [55.74547574408747, -21.246355853911254], [55.74789004364557, -21.246588802346178], [55.749991424308625, -21.24679229574591], [55.75175341537497, -21.246962536243906], [55.75489227515792, -21.247265790678714], [55.75679389893126, -21.247448753890154], [55.75797531708898, -21.247562252365462], [55.761057418448274, -21.24785774785474], [55.76414049877485, -21.248153194645496], [55.76658520932554, -21.24838790728157], [55.770304770931894, -21.248744810102483], [55.772756295784845, -21.248979939731832], [55.77647006820629, -21.24933620947971], [55.77955226182349, -21.2496313703297], [55.78263542694604, -21.249927385693198], [55.78571765124485, -21.25022243496978], [55.78831924016991, -21.25049139016242], [55.79092083332624, -21.250761208980297], [55.79252686045626, -21.250927198202966], [55.79612503280293, -21.251298927687508], [55.798900337325556, -21.25154185963343], [55.80194480732909, -21.25180834057278], [55.80428342162169, -21.25201284851707], [55.80430267930631, -21.252014791882505], [55.804290583757606, -21.252080653710685], [55.80409504070414, -21.252808716169934], [55.803923203579956, -21.253411833506696], [55.80381873091231, -21.25358958432685], [55.80374957694601, -21.25368033618576], [55.80293752472713, -21.255547753925743], [55.80237641024198, -21.256889369342108], [55.802057953985944, -21.257658150528076], [55.80185572238315, -21.2581761628183], [55.80148214361379, -21.259652583059946], [55.80141284212964, -21.259969406139927], [55.80139712099647, -21.26024482841888], [55.80141634769405, -21.260488880562942], [55.80142179339456, -21.260530475249055], [55.80172679674804, -21.262497518097696], [55.80214879119424, -21.263823081507006], [55.80222377540047, -21.26396544676314], [55.80227600381767, -21.264061577350997], [55.80327323110836, -21.26743108096331], [55.80361664049221, -21.27004634967021], [55.80387160555181, -21.271442316565505], [55.80345888384834, -21.273317081160517], [55.80331115061291, -21.27382735021369], [55.80326749628989, -21.273981519686995], [55.80324740302341, -21.27408255655591], [55.80309331441145, -21.2755571482518], [55.80305556791426, -21.27599366872244], [55.803050076838026, -21.276076741508774], [55.803048557743715, -21.276145388292612], [55.80305115452392, -21.276539284424736], [55.80305413276717, -21.276647712286596], [55.803061944113544, -21.276813991396985], [55.80307939322044, -21.27698033899318], [55.80349235942302, -21.278117026516924], [55.804897567550164, -21.28134713446339], [55.80615782550347, -21.284570332279788], [55.80650454757139, -21.285380871759873], [55.80676599372542, -21.285829902348272], [55.8072913366696, -21.286332177506345], [55.807949600087504, -21.286912416009613], [55.80800500053807, -21.28697514209629], [55.808100503854185, -21.287085128307968], [55.80823642914382, -21.287442025877642], [55.80829854361791, -21.287927585586544], [55.808286799902376, -21.288128958264604], [55.80764238456586, -21.29022658180383], [55.80730531126688, -21.291145650589108], [55.8070999025165, -21.291455864227977], [55.80670254805688, -21.291841053360596], [55.806524273655306, -21.29201369179946], [55.80636725088004, -21.2921209850659], [55.80603606642995, -21.292309251306172], [55.80593752578566, -21.292455804629085], [55.80588558585689, -21.292441885365445], [55.805384157309575, -21.292226031411616], [55.80504081272861, -21.29189114766059], [55.80489788190673, -21.29168596729287], [55.80480586135543, -21.291502829593238], [55.80467345344771, -21.291307661032917], [55.80452057094142, -21.291141255395523], [55.80439330414291, -21.291025621287734], [55.804100749327766, -21.29084738259663], [55.80331226051442, -21.290371114362323], [55.80302102915013, -21.29026786447438], [55.80231503263055, -21.29008035894525], [55.80199271027818, -21.29000760130687], [55.80163065408432, -21.289961210157685], [55.80038709372313, -21.289910331027503], [55.79840323078961, -21.289871806363315], [55.79628798589935, -21.28956806362835], [55.79390096737641, -21.288550479961927], [55.79199634445791, -21.288013312918466], [55.79083385938639, -21.28760341336308], [55.79072941388833, -21.28752768226259], [55.790702670137016, -21.28749767846959], [55.79064918266665, -21.287437670872077], [55.79056946475085, -21.287402769617145], [55.79050206991695, -21.287393251631354], [55.787668221062, -21.28756935611553], [55.7864465447705, -21.287679349791148], [55.78458306721587, -21.287594540328985], [55.78266027486493, -21.287137872189806], [55.78069835884217, -21.286568214073704], [55.77928167256885, -21.286190272169375], [55.77776121636848, -21.286006695879337], [55.776401501160976, -21.2864896486365], [55.77508562298059, -21.286803908871025], [55.77341895022549, -21.286439682565227], [55.77186133352611, -21.28617605911995], [55.77046957941525, -21.285991097595648], [55.769034890521695, -21.285811682781766], [55.76765731652086, -21.285834579213304], [55.76541730951425, -21.286406269158437], [55.76350687925516, -21.287215227627858], [55.762339158587615, -21.28761497452473], [55.76086260201309, -21.287945590339504], [55.759809907053594, -21.28784569470372], [55.758501521168576, -21.28760478722112], [55.756777367018366, -21.2872894334113], [55.75626622890949, -21.287207967960025], [55.75525203834363, -21.28745883852031], [55.75467317212122, -21.287522311032713], [55.753407561632905, -21.287525592211377], [55.752664181335234, -21.287437879261553], [55.752056111871255, -21.28707834671488], [55.75068276532476, -21.286371659563137], [55.74950293865186, -21.285806422153474], [55.74855024214596, -21.28556762827104], [55.74729505050944, -21.285310318115968], [55.74687874611493, -21.285299993344964], [55.74659931419441, -21.285289331423176], [55.746424019632954, -21.285274024136054], [55.74626895361455, -21.28526022235145], [55.745595956266925, -21.285172099482974], [55.74517342807446, -21.28511485934741], [55.74455731128359, -21.285010784903225], [55.744175528959026, -21.2848512025589], [55.74368244495004, -21.284632069699413], [55.74359606326214, -21.284588966617076], [55.743496334185075, -21.28452859979621], [55.74342064653402, -21.284474735948276], [55.74265339796276, -21.284022742090354], [55.74104769361476, -21.28330475855342], [55.740496620516026, -21.28307705281771], [55.74005564993376, -21.283021358316333], [55.73768508724058, -21.283045991243842], [55.73711436714531, -21.283286960782153], [55.736186514533486, -21.2839508413173], [55.73494909296546, -21.28483227333539], [55.73355373714743, -21.285639334659457], [55.73234278390353, -21.286071970096142], [55.729316051110736, -21.28710248368313], [55.728996151319386, -21.287202149767474], [55.72888211060152, -21.287237423593044], [55.728804811282146, -21.287259424211552], [55.72841641780392, -21.28736579895248], [55.727594543650454, -21.287553362277134], [55.72683066049438, -21.28761037156613], [55.725960600666106, -21.287572849431292], [55.724519742970436, -21.28744472784136], [55.72412620190467, -21.287337406965886], [55.72358898314195, -21.287237126304046], [55.72286178195699, -21.287120497367354], [55.72206342567296, -21.28715147755226], [55.721160027013525, -21.287235858138413], [55.72102249629299, -21.28725649425297], [55.72091789736169, -21.28727263136308], [55.7207763647557, -21.287296179217726], [55.720464396861914, -21.287369691433437], [55.720277341384175, -21.28748841755458], [55.7192316303529, -21.287795353897437], [55.718626584378825, -21.287891410656417], [55.71845960946559, -21.28791724073133], [55.717715920373756, -21.28799321989209], [55.71696932391073, -21.28782097371112], [55.71695396557729, -21.287813629738064], [55.71692997994034, -21.287800799817784], [55.716602197297256, -21.287697124454596], [55.7163502976039, -21.28762383813113], [55.7159160577225, -21.287514381246176], [55.71434095308338, -21.287363242319532], [55.71291151654074, -21.28736451610985], [55.71072180560518, -21.286953443368045], [55.70899099329923, -21.286311890668333], [55.70729305589574, -21.285494868891305], [55.706473748896315, -21.28513965234636], [55.70541943575328, -21.284709904518422], [55.70353434846426, -21.28309479902638], [55.70261316044387, -21.282129078002804], [55.7021323553455, -21.281617683030102], [55.7016722031438, -21.281114576293504], [55.70134389112898, -21.280635069217293], [55.70113508949608, -21.280320895381546], [55.70083697067901, -21.27969617888076], [55.69955116594675, -21.27838812299168], [55.69851112801437, -21.277411684656617], [55.69812720382919, -21.277120544897965], [55.69712453384731, -21.276390101982496], [55.695984586831365, -21.275708275640202], [55.6947471223331, -21.27537528729245], [55.69469505728794, -21.27537759390825]]]}";9741701;97417;974;4;974170103;Le Volcan-St Philippe;Saint-Philippe;LA REUNION;Le Volcan-St Philippe;LA REUNION;;4;;;;;;Iris divers;1280;0;0;;0;;0;0;0;0;85.912002618;;85.912002618;91.556093394;;91.556093394;85.912002618;85;85.912002618;0;0;0;0;0;0;0;0;0;0;0;0;0;0;0;0;0;0;0;85.912002618;91.556093394;85.912002618;0;;0;0;;0;0;0;0;0;;0;0;;0;0;0;0;;;;85.912002618;;28.637334206;91.556093394;;30.518697798;85.912002618;28;28.637334206;0;;0;0;;0;0;0;0;Polygon;12249.333333333;1;0;0;0;0;0;0;0;0;0;0;12249.333333333;12249.333333333;85.912002618;;91.556093394;;85.912002618;14;0.313710150;0.277854799;0.313710150;0.269945611;0.272035020;0.269945611;0.463995141;0.500285372;0.463995141;0.202770319;0.196080739;0.202770319;0.106221542;0.119705354;0.106221542;14258;13379.047619048;14258
Saint-Pierre;LA REUNION;CA Civis (Communauté Intercommunale des Villes Solidaires);LA REUNION;22.483619738;97.215900087;99.205617982;97.215900087;Non;974161102;97416;2A;249740077;-21.2923616036, 55.5857162205;"{""type"": ""Polygon"", ""coordinates"": [[[55.60165681057034, -21.272625495219874], [55.60165666548264, -21.272640850730923], [55.601710692798854, -21.27355276541046], [55.601970921801275, -21.27599935283505], [55.60201589893036, -21.27613522655048], [55.60248853166994, -21.277114751736402], [55.6027452758819, -21.277482733015184], [55.60307667857193, -21.277803456398267], [55.603366532271544, -21.278033501019223], [55.60350243114806, -21.27936027369128], [55.60345308331588, -21.280452901013042], [55.60339155989777, -21.28181416956923], [55.60339044277897, -21.282034574229744], [55.60339003347772, -21.282180007889558], [55.603394447211095, -21.282631260685452], [55.603422186732, -21.28295985327567], [55.60363515721489, -21.283882118566424], [55.60393400512927, -21.284488024880737], [55.604274416047524, -21.285081628582013], [55.60454853497261, -21.28565300220262], [55.60469623449015, -21.28644554837581], [55.60449532648101, -21.28751252920897], [55.60439675940968, -21.287845946279443], [55.604139970280606, -21.287888984147], [55.600975478314915, -21.288418267523774], [55.60024758848893, -21.288539587153803], [55.599715668694955, -21.28862820703206], [55.598027375203415, -21.288894189135906], [55.59778817932477, -21.288911166973616], [55.597111112856005, -21.288957919445814], [55.59605524648873, -21.289208373789123], [55.59433889116552, -21.289991693660056], [55.593891640685335, -21.290196628201414], [55.593151560223454, -21.292408124562293], [55.592613610569046, -21.294377661804287], [55.591608472860734, -21.29614404466522], [55.59071977756826, -21.29654671755683], [55.590012827304825, -21.296943681632523], [55.588708185181886, -21.29795350909101], [55.58799866591089, -21.29937481833727], [55.58758768832599, -21.300369548414604], [55.58700649530712, -21.301473053995714], [55.585536453304975, -21.302737106403583], [55.584468443979276, -21.304243006100002], [55.58447071253017, -21.304308064807984], [55.58400726728868, -21.304084656346895], [55.58337495387453, -21.30377942875426], [55.58324253807511, -21.303715984183718], [55.582752284042165, -21.30377553989903], [55.58234124186851, -21.303917964415845], [55.58160858979626, -21.305078436694004], [55.58074730280531, -21.307285678991153], [55.580667890932965, -21.308828794181114], [55.5799928078096, -21.309912960022803], [55.579313748570875, -21.310407217128677], [55.57864599146548, -21.31087853194671], [55.577896928098895, -21.31098330966277], [55.57734105665653, -21.310946992697637], [55.576688149480596, -21.311026833450626], [55.575026755312976, -21.311456964168165], [55.5730380426372, -21.312120997521003], [55.572965417349884, -21.312154707674036], [55.57066544103233, -21.307660113612883], [55.570269589320006, -21.306828401985225], [55.56845805804392, -21.30317350691585], [55.56735940014093, -21.300962756757286], [55.56640829147342, -21.2990459342511], [55.56651690595333, -21.298978206931082], [55.56671176515165, -21.2988633379785], [55.56692658412581, -21.298777545113687], [55.56717690677704, -21.298708314082184], [55.568255257144514, -21.29841497809614], [55.56889027411074, -21.298257681687996], [55.56909400808243, -21.298221474510868], [55.56925000750879, -21.298237254062943], [55.571578430800066, -21.29717801227041], [55.57393277294453, -21.295416213596145], [55.575189599172404, -21.293235343367108], [55.5761256213504, -21.291523329836814], [55.57751250727395, -21.2901321881372], [55.57759302185442, -21.290078668830347], [55.577751073260174, -21.289880368847836], [55.577917433809205, -21.28961980927676], [55.578044721824384, -21.289413119136476], [55.57816330950297, -21.289209065378486], [55.57814669994037, -21.289132142232223], [55.57814115184221, -21.289107705522387], [55.57816556146688, -21.288072697987154], [55.57890004829357, -21.286914961269847], [55.579960886838975, -21.285846241380348], [55.581121896601324, -21.28483300953082], [55.58161075551877, -21.28440985373025], [55.58174874964114, -21.284291776669313], [55.58305465229328, -21.283594560917415], [55.58338292728237, -21.283534089996543], [55.58521465626414, -21.282600651816185], [55.58752609704325, -21.281340378356397], [55.59010206886229, -21.280255383821682], [55.592695019636636, -21.27819218015431], [55.59276502477892, -21.278127725131924], [55.59283040035073, -21.278043358066697], [55.592913371581076, -21.27793294131925], [55.592918250216506, -21.27792665874702], [55.592985810702466, -21.27781520986971], [55.59316097031177, -21.277486504811517], [55.59355010865183, -21.276731217151617], [55.594903422765285, -21.275614438028885], [55.59798752850261, -21.273573307775717], [55.601280442551406, -21.27257720369232], [55.60165681057034, -21.272625495219874]]]}";9741611;97416;974;4;974161102;Forêt des Hauts de Montvert;Saint-Pierre;LA REUNION;Foret des Hauts de Montvert;LA REUNION;;4;;;;;;Iris divers;17110;123.481664195;61.740832097;;130.022276558;;65.011138279;123.481664195;61;61.740832097;98.455448014;;98.455448014;102.783491975;;102.783491975;98.455448014;98;98.455448014;4.996359942;0;7.494539913;2.498179971;0;0;0;123.481664195;130.022276558;123.481664195;92.365499351;90.644827706;92.365499351;164.389608618;169.057700026;164.389608618;104.603180344;102.725411625;104.603180344;98.455448014;102.783491975;98.455448014;164.389608618;;164.389608618;169.057700026;;169.057700026;164.389608618;164;164.389608618;196.968679695;;98.484339848;193.370239331;;96.685119666;196.968679695;98;98.484339848;;;;221.937112208;;73.979037403;232.805768533;;77.601922844;221.937112208;73;73.979037403;361.358288313;;120.452762771;362.427939357;;120.809313119;361.358288313;120;120.452762771;Polygon;14037.777777778;1;17.487259796;7.494539913;0;7.494539913;2.498179971;0;0.333333333;0.428571429;0.333333333;0.111111111;14037.777777778;14037.777777778;583.295400521;;595.233707891;;583.295400521;97;0.313710150;0.307565344;0.313710150;0.269945611;0.256366326;0.269945611;0.463995141;0.472802960;0.463995141;0.202770319;0.197171340;0.202770319;0.106221542;0.108163218;0.106221542;14258;13657.619047619;14258
Sainte-Marie;LA REUNION;CA Intercommunale du Nord de la Réunion (Cinor);LA REUNION;116.609194713;95.917674440;91.179583163;95.917674440;Non;974180303;97418;2A;249740119;-20.9778843539, 55.5238856973;"{""type"": ""Polygon"", ""coordinates"": [[[55.51192150075656, -21.001788314903344], [55.51183286069368, -21.001705336270295], [55.51124324372269, -21.00111662459084], [55.511127949625894, -21.00100540905561], [55.51099982872651, -21.00092660135427], [55.51093949934075, -21.000898973484734], [55.50997223686168, -21.000464134052958], [55.509364948018295, -21.00020317270035], [55.50856142215611, -20.999942296625047], [55.5074049496804, -20.999866216133448], [55.50731073152311, -20.999860873247627], [55.507219389996955, -20.999856458873207], [55.50701242668916, -20.99987090373417], [55.50686223153739, -20.99988403965145], [55.50651931228737, -20.999930714648286], [55.506416167710285, -20.99995239300068], [55.50633808561231, -20.999968871206423], [55.50618361139022, -21.00002532905152], [55.5060289752375, -21.000098045359543], [55.50587615478758, -21.000181617476674], [55.5050959895647, -21.000087143992353], [55.504998175861886, -21.00005647487225], [55.50503717586593, -20.999521139888078], [55.50508487782504, -20.99888470776635], [55.505153804115395, -20.998048824921437], [55.505221587600325, -20.99723099859981], [55.505357242286884, -20.99529634232962], [55.505386630021526, -20.994470048475414], [55.50545431987191, -20.993371283425454], [55.505551617764326, -20.992390211678632], [55.50568659543995, -20.991392307009576], [55.50590881698185, -20.99051982793013], [55.50622749433022, -20.989620191088907], [55.50663195601221, -20.988702335617997], [55.50719957569215, -20.987820235942024], [55.507758318653885, -20.987056393295482], [55.50852840558998, -20.986318789564546], [55.50919219002491, -20.98572749542205], [55.50990485848931, -20.985152886163927], [55.51052633761351, -20.98470439513496], [55.511128551982935, -20.98406422552474], [55.511682677945394, -20.983131854964412], [55.51219306722221, -20.981850632282153], [55.513282342510344, -20.980738878415384], [55.51433651599101, -20.98015458170928], [55.51584646505603, -20.97943649014588], [55.516967057355885, -20.978698735169676], [55.517663865513704, -20.97816550536895], [55.51792179214756, -20.977076513628763], [55.51832847836058, -20.975336602575418], [55.519223103797444, -20.973661454778235], [55.519450376061485, -20.973436690958504], [55.51994437498562, -20.97298479497116], [55.521428101847974, -20.971744740229948], [55.522673087201014, -20.97062274623883], [55.5235418077242, -20.969324944006658], [55.5245271294389, -20.96761152175526], [55.52543102037416, -20.965860715995348], [55.525315186964136, -20.964678139372467], [55.52496714613507, -20.96334359820393], [55.52448049078268, -20.961581478093112], [55.52409682298087, -20.96010570532597], [55.524155765387064, -20.959881282808393], [55.524373521915656, -20.956702039108944], [55.52412193225552, -20.95627212770971], [55.52384849284943, -20.954932810174764], [55.52379938530998, -20.954645121342523], [55.523792330702314, -20.954580019430534], [55.52437741369187, -20.95463838102999], [55.52721338095478, -20.95503056140681], [55.52765645483206, -20.954958506755148], [55.52766608840623, -20.95495678324619], [55.52824594766347, -20.95476305298365], [55.52873980796025, -20.954709500717357], [55.52874556865853, -20.95471045376885], [55.5292405096961, -20.955136586403075], [55.53061583313077, -20.956698587047022], [55.5307565846792, -20.95730323567963], [55.53016808006709, -20.958946996628097], [55.53069205316236, -20.96071010308273], [55.53243487875043, -20.960984375942235], [55.53269229605341, -20.96101730558401], [55.53290000255642, -20.960921080074367], [55.53307402534818, -20.960827274495966], [55.533716668337895, -20.960410036603395], [55.53452745536328, -20.959810861972596], [55.53506036104966, -20.958514620995164], [55.53507519870754, -20.958472291130583], [55.535078540957656, -20.958425345751635], [55.5350799599754, -20.95837838384721], [55.53508037339607, -20.958335930042228], [55.53507705470949, -20.958281700645156], [55.53507370083934, -20.95823108433767], [55.535064178632645, -20.958122600754766], [55.53505507268311, -20.958070128326458], [55.53502810073578, -20.957975948374468], [55.535015060393775, -20.957932475618467], [55.534999135224055, -20.95788897807334], [55.534974467596115, -20.95785443888561], [55.5362611833629, -20.958227959053207], [55.537855911994036, -20.958920735404888], [55.53930996602145, -20.959815771678553], [55.54007003449345, -20.96047630718041], [55.54097087631595, -20.96149667422562], [55.54142461056197, -20.962012756270422], [55.54312666311635, -20.963025512865347], [55.54383046541323, -20.963441647554735], [55.54381303325407, -20.963454145538773], [55.54376939161915, -20.963491713418144], [55.54373540146189, -20.96352575033995], [55.54369845636013, -20.963566988809415], [55.54367313852917, -20.963599293108444], [55.54363400767035, -20.9636676133898], [55.54362220542463, -20.963694613054344], [55.54360839239508, -20.96373062903815], [55.54184941371133, -20.966802335966836], [55.54007656952853, -20.96970949190375], [55.53888613957001, -20.971738145913285], [55.53706086964945, -20.973126738728322], [55.53533413815029, -20.97528151745011], [55.534894329047916, -20.976640659693157], [55.53414380491169, -20.978940445774505], [55.53264651486357, -20.981079323619948], [55.5292434375239, -20.983850657101343], [55.526758636263324, -20.985932751772705], [55.52560776667407, -20.987402015505303], [55.52541963622889, -20.987900386541025], [55.525381221511005, -20.987992194806736], [55.52533405298603, -20.98809386402061], [55.52528232371403, -20.988170200142772], [55.524559265247426, -20.98921904031216], [55.52411123287475, -20.989785166341782], [55.52373151564122, -20.990153148154217], [55.5233139608225, -20.990358199448554], [55.52046854045824, -20.992177894967895], [55.51896712615969, -20.9934821370302], [55.51770452949614, -20.994611163473472], [55.51640775412117, -20.995984686366345], [55.51617437548144, -20.996239200552516], [55.515843659126304, -20.996609396454435], [55.513927221383014, -20.99896845606251], [55.513239672437535, -20.999817912692304], [55.512869204025954, -21.000315125206857], [55.512098597406144, -21.001390588306702], [55.51192150075656, -21.001788314903344]]]}";9741803;97418;974;4;974180303;Plaine des Fougeres-Beaumont;Sainte-Marie;LA REUNION;Plaine des Fougeres-Beaumont;LA REUNION;;4;;;;;;Iris divers;5355;178.198275343;89.099137672;;155.405965415;;77.702982708;178.198275343;89;89.099137672;113.424042643;;113.424042643;102.318813071;;102.318813071;113.424042643;113;113.424042643;33.049102405;7.725319288;45.894878513;12.845776108;74.512339371;70.243984037;74.512339371;103.685935972;85.161981378;103.685935972;125.586961623;139.636870677;125.586961623;117.339385267;109.924736628;117.339385267;40.957381761;39.791113187;40.957381761;113.424042643;102.318813071;113.424042643;117.339385267;;117.339385267;109.924736628;;109.924736628;117.339385267;117;117.339385267;166.544343384;;83.272171692;179.427983864;;89.713991932;166.544343384;83;83.272171692;;;;291.622317986;;97.207439329;257.724778487;;85.908259496;291.622317986;97;97.207439329;283.883728651;;94.627909550;289.352720492;;96.450906831;283.883728651;94;94.627909550;Polygon;16172;1;78.760096369;45.894878513;0;27.744761037;5.073148604;0.233752772;0.279895634;0.582717399;0.237929445;0.043505562;16172;16172;575.506046637;;547.077498979;;575.506046637;95;0.313710150;0.332772656;0.313710150;0.269945611;0.328662661;0.269945611;0.463995141;0.417309122;0.463995141;0.202770319;0.216447592;0.202770319;0.106221542;0.109334871;0.106221542;14258;15805.5;14258
Sainte-Marie;LA REUNION;CA Intercommunale du Nord de la Réunion (Cinor);LA REUNION;25.290217392;85.059382349;83.358434582;85.059382349;Non;974180202;97418;2A;249740119;-20.9726020117, 55.5450709015;"{""type"": ""Polygon"", ""coordinates"": [[[55.5464110213102, -20.93563861509759], [55.54699942042079, -20.93574570524348], [55.5495257795707, -20.936208035301302], [55.55046071308552, -20.93637677707048], [55.552293176347725, -20.936704894640982], [55.55594809991153, -20.937354212020956], [55.55740385841642, -20.93761088387038], [55.55869600353151, -20.937833189022967], [55.560093914785654, -20.937956104461385], [55.562842443658624, -20.938322101279546], [55.5647451282434, -20.938552664468446], [55.56642783632783, -20.938861305903078], [55.56785122923655, -20.939137943749568], [55.57044848724914, -20.939743295619014], [55.572992577366165, -20.94007625251327], [55.57354578477403, -20.94014682397816], [55.574847243895, -20.94030494808525], [55.57517592003687, -20.9403248571156], [55.57577885071215, -20.940323567714923], [55.57625498447171, -20.9402064911389], [55.5770544258285, -20.94006681577879], [55.57721700731097, -20.940059138024473], [55.57733811560265, -20.940064664734006], [55.57726052863717, -20.940134480028707], [55.57695142553586, -20.940587196751057], [55.57690064113469, -20.94066988248275], [55.576869621719034, -20.940797901175575], [55.576835205416145, -20.940980093253856], [55.576805545400056, -20.94116774516702], [55.575880295671745, -20.94230639045563], [55.57470737710522, -20.94370312886391], [55.57411887191377, -20.944312044715886], [55.57304690601369, -20.945402922742375], [55.572299410108315, -20.94604437743931], [55.571170660340485, -20.946732320051037], [55.569878917965426, -20.947975357515315], [55.56905586446927, -20.949076424417232], [55.56764104346929, -20.951122399106737], [55.56688984058929, -20.95234962377144], [55.566689837927235, -20.95333147393044], [55.56659504266096, -20.954474554051078], [55.566281223490485, -20.955264160453943], [55.565572236190526, -20.956699956018102], [55.56547814669053, -20.956885256026844], [55.56528161706674, -20.957122992070623], [55.565018316153406, -20.957303254398667], [55.56406971134014, -20.95774513967993], [55.56350126611218, -20.95865996823339], [55.56329479953242, -20.959031314691916], [55.563243711651, -20.959244979627602], [55.56307739637039, -20.96024540004424], [55.563036031394965, -20.960548579066558], [55.563062275621455, -20.9606201654152], [55.56312331153958, -20.960673977883534], [55.56330061047026, -20.96204767018331], [55.56235502252652, -20.963377568073252], [55.5620618756051, -20.963760828275344], [55.56171634813845, -20.964190620389736], [55.56023847063415, -20.966668693083403], [55.559513510954325, -20.968052829997912], [55.55897272120641, -20.969085308899274], [55.5589570484092, -20.96911498706061], [55.55885223370553, -20.969313741990977], [55.55859457960797, -20.969804794224174], [55.55797760051709, -20.970982967972652], [55.557251369078465, -20.972369791839647], [55.55616580905042, -20.974441018756497], [55.55476080135604, -20.977122000006155], [55.553720026198036, -20.978629895393034], [55.55201364183484, -20.981235118105165], [55.551312957824926, -20.98377660893039], [55.55126510444461, -20.984250460839586], [55.55117893586881, -20.984707726465153], [55.55092393472466, -20.98561613402379], [55.55023058075863, -20.987299694690705], [55.549314846733346, -20.98898909277919], [55.548791650354005, -20.99082295016969], [55.54850573363101, -20.991394139676732], [55.54844724667573, -20.991474039137213], [55.54824332337565, -20.99167284401329], [55.54683951348563, -20.99250730649554], [55.546293722522115, -20.993143121224858], [55.54531891053991, -20.994672293046687], [55.54487009677137, -20.99542705405737], [55.54288050599762, -20.998132035683277], [55.541721638252454, -21.001444618436135], [55.540772821603404, -21.003974887091744], [55.54076195955085, -21.004003701006408], [55.54068783558365, -21.00410785348293], [55.540664714616064, -21.004111268608767], [55.53707853532496, -21.004592676334678], [55.53565735455183, -21.004822550034703], [55.53241267799624, -21.005203363073694], [55.52961833168758, -21.005620073508684], [55.527386550837015, -21.00584110855441], [55.52477717100045, -21.006125600282516], [55.52245166616549, -21.006821321523017], [55.52144361411434, -21.007218161735477], [55.520411641217436, -21.007563304211473], [55.518649864362935, -21.00808546270094], [55.51855936308592, -21.008092804860965], [55.518405178482226, -21.00811946593418], [55.518031210816105, -21.008191186453708], [55.51783520815543, -21.00826355302432], [55.51766622850956, -21.008327121390376], [55.517654640768, -21.008331537133905], [55.517566641352694, -21.008377744073815], [55.517478632960135, -21.0084248542247], [55.51746219094324, -21.008433744350075], [55.51732410869397, -21.00848583816184], [55.51725278322437, -21.008499670059983], [55.51720756369553, -21.008500179355334], [55.517173246743575, -21.00846826349287], [55.516113204009656, -21.007048461335163], [55.51560649958585, -21.006097344553698], [55.515025914026914, -21.004981626109995], [55.51493457585772, -21.0047820948843], [55.51484576605385, -21.004618719173873], [55.51475304625392, -21.004461632661766], [55.51422562008519, -21.003613311982264], [55.513646973766434, -21.002886493097222], [55.513063899032076, -21.002413019806678], [55.512528000144144, -21.00203300067083], [55.51195772094208, -21.00182205502768], [55.51192150075656, -21.001788314903344], [55.512098597406144, -21.001390588306702], [55.512869204025954, -21.000315125206857], [55.513239672437535, -20.999817912692304], [55.513927221383014, -20.99896845606251], [55.515843659126304, -20.996609396454435], [55.51617437548144, -20.996239200552516], [55.51640775412117, -20.995984686366345], [55.51770452949614, -20.994611163473472], [55.51896712615969, -20.9934821370302], [55.52046854045824, -20.992177894967895], [55.5233139608225, -20.990358199448554], [55.52373151564122, -20.990153148154217], [55.52411123287475, -20.989785166341782], [55.524559265247426, -20.98921904031216], [55.52528232371403, -20.988170200142772], [55.52533405298603, -20.98809386402061], [55.525381221511005, -20.987992194806736], [55.52541963622889, -20.987900386541025], [55.52560776667407, -20.987402015505303], [55.526758636263324, -20.985932751772705], [55.5292434375239, -20.983850657101343], [55.53264651486357, -20.981079323619948], [55.53414380491169, -20.978940445774505], [55.534894329047916, -20.976640659693157], [55.53533413815029, -20.97528151745011], [55.53706086964945, -20.973126738728322], [55.53888613957001, -20.971738145913285], [55.54007656952853, -20.96970949190375], [55.54184941371133, -20.966802335966836], [55.54360839239508, -20.96373062903815], [55.54362220542463, -20.963694613054344], [55.54363400767035, -20.9636676133898], [55.54367313852917, -20.963599293108444], [55.54369845636013, -20.963566988809415], [55.54373540146189, -20.96352575033995], [55.54376939161915, -20.963491713418144], [55.54381303325407, -20.963454145538773], [55.54383046541323, -20.963441647554735], [55.54386243602533, -20.963417530211597], [55.5453326431942, -20.960761584988717], [55.545841798905954, -20.959624996420033], [55.54593819510395, -20.95830828084051], [55.546146685726896, -20.955144263453484], [55.54605203441706, -20.95369357689185], [55.545800428785384, -20.950472788688717], [55.545336155264266, -20.94746699044403], [55.54554592731633, -20.946656665652863], [55.545871592851384, -20.94584416670083], [55.546319032619394, -20.945017799358677], [55.546223446954876, -20.943912636011454], [55.5460044682373, -20.9427897088747], [55.5456893094836, -20.941370565223433], [55.545619457748835, -20.941235370181147], [55.5455426033771, -20.941028750537534], [55.545490772875205, -20.940720265328682], [55.545434658572994, -20.94035754240691], [55.545424275628555, -20.94003668734417], [55.54541348510133, -20.939662683468388], [55.545413640478905, -20.93954705561002], [55.545836578746496, -20.937870423865213], [55.546216066232354, -20.936609866098863], [55.54627091182917, -20.936506447704584], [55.54631236638927, -20.936395688379285], [55.54637323732048, -20.93606648286805], [55.54639672002761, -20.93592485638608], [55.54640929517464, -20.935817464421426], [55.546416240935145, -20.935695570842], [55.5464110213102, -20.93563861509759]]]}";9741802;97418;974;4;974180202;Plaine des Fougeres-Charpentier;Sainte-Marie;LA REUNION;Plaine des Fougeres-Charpentier;LA REUNION;;4;;;;;;Iris divers;5355;102.445242252;51.222621126;;96.576782076;;48.288391038;102.445242252;51;51.222621126;113.424042643;;113.424042643;102.318813071;;102.318813071;113.424042643;113;113.424042643;7.533043308;2.420977919;7.533043308;0;102.445242252;96.576782076;102.445242252;0;0;0;144.956189860;161.173010922;144.956189860;149.530819339;140.082001420;149.530819339;0;0;0;113.424042643;102.318813071;113.424042643;149.530819339;;149.530819339;140.082001420;;140.082001420;149.530819339;149;149.530819339;144.956189860;;72.478094930;161.173010922;;80.586505461;144.956189860;72;72.478094930;;;;215.869284894;;71.956428298;198.895595147;;66.298531716;215.869284894;71;71.956428298;294.487009199;;98.162336400;301.255012342;;100.418337447;294.487009199;98;98.162336400;Polygon;16172;1;15.201141390;10.224130777;0;7.668098083;0;0.321381123;0;0.672589677;0.303204119;0;16172;16172;510.356294094;;500.150607489;;510.356294094;85;0.313710150;0.332772656;0.313710150;0.269945611;0.328662661;0.269945611;0.463995141;0.417309122;0.463995141;0.202770319;0.216447592;0.202770319;0.106221542;0.109334871;0.106221542;14258;15805.5;14258
Sainte-Marie;LA REUNION;CA Intercommunale du Nord de la Réunion (Cinor);LA REUNION;0;18.904007107;17.053135512;18.904007107;Non;974180502;97418;2A;249740119;-20.9817570161, 55.4967237948;"{""type"": ""Polygon"", ""coordinates"": [[[55.468917347639746, -21.00978160720271], [55.46905933897343, -21.0097250722063], [55.47105394968854, -21.008932726346124], [55.471295430365046, -21.00883643378451], [55.47139407889147, -21.00878492727446], [55.471487057122395, -21.008723433209152], [55.471713993144455, -21.00854390359875], [55.47183331059663, -21.0084465129508], [55.47365666465939, -21.006707719512537], [55.47377724447796, -21.006580528956963], [55.47409257552816, -21.006127177936136], [55.47415123516545, -21.006034661486947], [55.47490859587987, -21.00482376872256], [55.47730612634023, -21.002187652949456], [55.477748723937474, -21.001988363725577], [55.47817508680994, -21.00139778785989], [55.4783971566273, -21.000937270179975], [55.47846067847435, -21.000459526691365], [55.47835058321216, -20.99865188948901], [55.4782980094671, -20.99648388713791], [55.478314270336206, -20.995923518195074], [55.47845337788805, -20.995200745009353], [55.47890149114871, -20.994644686554782], [55.479018832363266, -20.994550885549362], [55.48052154521518, -20.9934606632452], [55.48168730928537, -20.992634355523784], [55.48451905307643, -20.991498806032794], [55.488131562529155, -20.990139800130446], [55.49121893341672, -20.988500529230393], [55.491465332508426, -20.98838889236999], [55.49155243768848, -20.988335464071884], [55.4916300610068, -20.988268401763282], [55.49164367115978, -20.98825406900733], [55.49168936496015, -20.988205693816923], [55.49176430233894, -20.988118734349705], [55.49233739343525, -20.98727467698244], [55.492458603376626, -20.987081533612503], [55.49249674735823, -20.98701863801941], [55.49250695439461, -20.986960011781946], [55.49250166159043, -20.986624828692715], [55.492475297745706, -20.985993166102148], [55.492454110682814, -20.985899935335517], [55.49241176467129, -20.985806517266216], [55.49235787745969, -20.98571299702107], [55.49227713327614, -20.985612012344784], [55.49219050978463, -20.985521815569804], [55.492104748428595, -20.985441563042446], [55.49201230012305, -20.985356734606775], [55.49190148765331, -20.98528077683422], [55.49180303317376, -20.98521938174513], [55.491675607866156, -20.98516947334995], [55.49151628108347, -20.98513554228678], [55.491405759553345, -20.985126433356072], [55.49129968400705, -20.985153497017386], [55.4911916486036, -20.98518415657571], [55.49019303772096, -20.98423528677214], [55.489482011012036, -20.983122052997153], [55.49042255569031, -20.98150800732329], [55.491190129618566, -20.97958890345131], [55.491248504231486, -20.97942682062437], [55.491395772936, -20.978840958704197], [55.491424850898916, -20.978722879632908], [55.491792289897255, -20.97718685395383], [55.491792704367306, -20.97685804444036], [55.49172363984862, -20.976552106489013], [55.49151320700594, -20.9760050819889], [55.49110126763658, -20.974740833144732], [55.49057229308503, -20.973111955252836], [55.490502905333884, -20.972647027437574], [55.490487599787656, -20.97254300855847], [55.49045002092621, -20.97226264243096], [55.49045178042928, -20.97199165812288], [55.49046224058834, -20.971811987518958], [55.490472619075355, -20.971640446183446], [55.49050163222269, -20.971432936594994], [55.490773611855296, -20.97078223579339], [55.490414842885926, -20.967624618193888], [55.49006939181033, -20.96563196613921], [55.4903909204619, -20.963876475213098], [55.49113116158298, -20.962276683864573], [55.49301457813866, -20.9616594213041], [55.493113835207375, -20.961735275530227], [55.49318260112225, -20.961782856802586], [55.49324853651996, -20.96182499302107], [55.49332123948044, -20.961863575691986], [55.49339600143899, -20.961888626507736], [55.493458389045024, -20.961900921241423], [55.493478619233656, -20.961897486690603], [55.493523896750546, -20.961889756817726], [55.493595327958325, -20.961863288019742], [55.49395697228742, -20.961666846420727], [55.49420825587738, -20.96144684581349], [55.494289908777965, -20.961359943535168], [55.49441143989785, -20.961228226655912], [55.49461794209944, -20.96096627642389], [55.494689143311774, -20.960866634932792], [55.49472171722325, -20.960782912369595], [55.495057256376384, -20.959831049138288], [55.49511881515598, -20.959541621802156], [55.49513714516459, -20.95943970667195], [55.49515164680314, -20.95933595107307], [55.49515454593102, -20.959238416406727], [55.49515643826762, -20.95914538953092], [55.495157314779355, -20.959057773701915], [55.49515451656955, -20.958952962056788], [55.49513077020971, -20.95834661415061], [55.49512125889555, -20.958239936572006], [55.49511159397737, -20.958148614345287], [55.49509620467682, -20.95805272491042], [55.49507422880904, -20.957942323961877], [55.49504386971357, -20.957804748936898], [55.49501593458766, -20.95771326543129], [55.49591956118114, -20.957748339623873], [55.49923220601186, -20.95787870509534], [55.502081513880306, -20.958087140009738], [55.5044614272278, -20.958209206964916], [55.504853625496196, -20.958226196941613], [55.50792687621968, -20.957383204375954], [55.51079271616836, -20.956019825430467], [55.511624145833785, -20.955964754623007], [55.51159876026943, -20.95600337669419], [55.51158197538014, -20.956047493886615], [55.511576044991116, -20.956063702257296], [55.51156890820154, -20.956201851143106], [55.5115711227489, -20.956269621055988], [55.511617264591294, -20.956611712609032], [55.51170683052749, -20.957181825144012], [55.511741237290316, -20.95734924357059], [55.51178896972522, -20.957481999678386], [55.511803971078834, -20.957520974284247], [55.51184097306466, -20.95757188435483], [55.511900154413944, -20.95761666461633], [55.51194980914595, -20.957652328301908], [55.512152986178535, -20.957820316238152], [55.51218631168303, -20.957854030677215], [55.51220536504459, -20.957872263767634], [55.51224134311714, -20.957929488213363], [55.51228755045967, -20.9580220322168], [55.5123111081543, -20.958071018199664], [55.51232506769766, -20.95811811374646], [55.512335100441454, -20.95817330509825], [55.512347090685026, -20.96160407283582], [55.5123426231205, -20.963052314846912], [55.512032814336024, -20.963843647063168], [55.511608974889455, -20.964884208030547], [55.51232621827941, -20.966460475263705], [55.51306797932307, -20.967649872526735], [55.513739745581006, -20.970278129556412], [55.513847716373995, -20.97093354128812], [55.51380738607081, -20.971316205840125], [55.51354179083373, -20.972206389300275], [55.51334840348279, -20.972699732526436], [55.51301013318028, -20.97315793588572], [55.51244883209345, -20.9743829334595], [55.51201502209924, -20.97555303500859], [55.51195179619632, -20.9759160768694], [55.5119248329514, -20.976113672662596], [55.51195583180029, -20.97691701195388], [55.51193310404818, -20.977901001389053], [55.51151143999009, -20.979688186961152], [55.510467968429595, -20.980599116197727], [55.50945942389469, -20.98157538426412], [55.50856939123125, -20.982723414120617], [55.50845551695533, -20.983100463718962], [55.508408825508894, -20.983250008853506], [55.508341560262515, -20.98343731396032], [55.5081901190401, -20.983674468667463], [55.50699327403315, -20.985350511591374], [55.50657434795734, -20.98569281657516], [55.50646394202171, -20.985768632012206], [55.506342084458865, -20.985835313571854], [55.50621291880885, -20.985863087468783], [55.505696057783894, -20.985897396720752], [55.50553635773249, -20.985900512099512], [55.504094346146836, -20.986583660746657], [55.503017393970566, -20.98752607325047], [55.50277901935804, -20.989342391419832], [55.50216774202945, -20.99276607441163], [55.501916973748905, -20.995002782458872], [55.50165325124039, -20.996608848048734], [55.50142841829203, -20.997932059868145], [55.50117172239851, -20.998977667008596], [55.50113916613386, -20.99915533706933], [55.50103596259317, -20.999857221801214], [55.50098272431147, -21.000468309730635], [55.500873053194404, -21.000469150513133], [55.50083261860807, -21.000472407717506], [55.500725751900795, -21.00048140310542], [55.50021890652013, -21.000572691229408], [55.49970791932805, -21.000682459630116], [55.49951793885205, -21.000730016618352], [55.497023043079025, -21.00136111380296], [55.49631644548671, -21.001605095767424], [55.495092472865785, -21.002216673463423], [55.49158132778512, -21.003172028430658], [55.48836178934706, -21.00430153139022], [55.48685390629402, -21.004941647667316], [55.484537106446126, -21.005906711113767], [55.48244113215894, -21.006841388537534], [55.48045638324292, -21.00752285169857], [55.47915008041984, -21.00760964411013], [55.478272241453034, -21.00780143107058], [55.477475063226834, -21.008007484993513], [55.47496294089041, -21.008752363313043], [55.473726741758334, -21.009417417379964], [55.47246862681559, -21.010108009807023], [55.47224811372088, -21.010223462019052], [55.471980010322206, -21.01028880374989], [55.471037168795334, -21.01020174468412], [55.468917347639746, -21.00978160720271]]]}";9741805;97418;974;4;974180502;Plaine des Fougeres-Moka;Sainte-Marie;LA REUNION;Plaine des Fougeres-Moka;LA REUNION;;4;;;;;;Iris divers;5355;0;0;;0;;0;0;0;0;113.424042643;;113.424042643;102.318813071;;102.318813071;113.424042643;113;113.424042643;0;0;0;0;0;0;0;0;0;0;0;0;0;0;0;0;0;0;0;113.424042643;102.318813071;113.424042643;0;;0;0;;0;0;0;0;0;;0;0;;0;0;0;0;;;;113.424042643;;37.808014214;102.318813071;;34.106271024;113.424042643;37;37.808014214;0;;0;0;;0;0;0;0;Polygon;16172;1;0;0;0;0;0;0;0;0;0;0;16172;16172;113.424042643;;102.318813071;;113.424042643;18;0.313710150;0.332772656;0.313710150;0.269945611;0.328662661;0.269945611;0.463995141;0.417309122;0.463995141;0.202770319;0.216447592;0.202770319;0.106221542;0.109334871;0.106221542;14258;15805.5;14258
Sainte-Marie;LA REUNION;CA Intercommunale du Nord de la Réunion (Cinor);LA REUNION;27.151147489;63.531021707;61.060859416;63.531021707;Non;974180403;97418;2A;249740119;-20.9720724859, 55.5150622471;"{""type"": ""Polygon"", ""coordinates"": [[[55.50098272431147, -21.000468309730635], [55.50103596259317, -20.999857221801214], [55.50113916613386, -20.99915533706933], [55.50117172239851, -20.998977667008596], [55.50142841829203, -20.997932059868145], [55.50165325124039, -20.996608848048734], [55.501916973748905, -20.995002782458872], [55.50216774202945, -20.99276607441163], [55.50277901935804, -20.989342391419832], [55.503017393970566, -20.98752607325047], [55.504094346146836, -20.986583660746657], [55.50553635773249, -20.985900512099512], [55.505696057783894, -20.985897396720752], [55.50621291880885, -20.985863087468783], [55.506342084458865, -20.985835313571854], [55.50646394202171, -20.985768632012206], [55.50657434795734, -20.98569281657516], [55.50699327403315, -20.985350511591374], [55.5081901190401, -20.983674468667463], [55.508341560262515, -20.98343731396032], [55.508408825508894, -20.983250008853506], [55.50845551695533, -20.983100463718962], [55.50856939123125, -20.982723414120617], [55.50945942389469, -20.98157538426412], [55.510467968429595, -20.980599116197727], [55.51151143999009, -20.979688186961152], [55.51193310404818, -20.977901001389053], [55.51195583180029, -20.97691701195388], [55.5119248329514, -20.976113672662596], [55.51195179619632, -20.9759160768694], [55.51201502209924, -20.97555303500859], [55.51244883209345, -20.9743829334595], [55.51301013318028, -20.97315793588572], [55.51334840348279, -20.972699732526436], [55.51354179083373, -20.972206389300275], [55.51380738607081, -20.971316205840125], [55.513847716373995, -20.97093354128812], [55.513739745581006, -20.970278129556412], [55.51306797932307, -20.967649872526735], [55.51232621827941, -20.966460475263705], [55.511608974889455, -20.964884208030547], [55.512032814336024, -20.963843647063168], [55.5123426231205, -20.963052314846912], [55.512347090685026, -20.96160407283582], [55.512335100441454, -20.95817330509825], [55.51232506769766, -20.95811811374646], [55.5123111081543, -20.958071018199664], [55.51228755045967, -20.9580220322168], [55.51224134311714, -20.957929488213363], [55.51220536504459, -20.957872263767634], [55.51218631168303, -20.957854030677215], [55.513530715413914, -20.958051845672664], [55.514335259952404, -20.957896256826956], [55.51486853617127, -20.957553116265608], [55.517044301392275, -20.95672833269296], [55.518428099175885, -20.956514527037076], [55.520142101828434, -20.956215951861804], [55.52144724945707, -20.955809026265236], [55.52244908165274, -20.955441016041547], [55.522751802994684, -20.95448248031771], [55.523784084095986, -20.954538394168065], [55.523791484325464, -20.95456826861849], [55.523792330702314, -20.954580019430534], [55.52379938530998, -20.954645121342523], [55.52384849284943, -20.954932810174764], [55.52412193225552, -20.95627212770971], [55.524373521915656, -20.956702039108944], [55.524155765387064, -20.959881282808393], [55.52409682298087, -20.96010570532597], [55.52448049078268, -20.961581478093112], [55.52496714613507, -20.96334359820393], [55.525315186964136, -20.964678139372467], [55.52543102037416, -20.965860715995348], [55.5245271294389, -20.96761152175526], [55.5235418077242, -20.969324944006658], [55.522673087201014, -20.97062274623883], [55.521428101847974, -20.971744740229948], [55.51994437498562, -20.97298479497116], [55.519450376061485, -20.973436690958504], [55.519223103797444, -20.973661454778235], [55.51832847836058, -20.975336602575418], [55.51792179214756, -20.977076513628763], [55.517663865513704, -20.97816550536895], [55.516967057355885, -20.978698735169676], [55.51584646505603, -20.97943649014588], [55.51433651599101, -20.98015458170928], [55.513282342510344, -20.980738878415384], [55.51219306722221, -20.981850632282153], [55.511682677945394, -20.983131854964412], [55.511128551982935, -20.98406422552474], [55.51052633761351, -20.98470439513496], [55.50990485848931, -20.985152886163927], [55.50919219002491, -20.98572749542205], [55.50852840558998, -20.986318789564546], [55.507758318653885, -20.987056393295482], [55.50719957569215, -20.987820235942024], [55.50663195601221, -20.988702335617997], [55.50622749433022, -20.989620191088907], [55.50590881698185, -20.99051982793013], [55.50568659543995, -20.991392307009576], [55.505551617764326, -20.992390211678632], [55.50545431987191, -20.993371283425454], [55.505386630021526, -20.994470048475414], [55.505357242286884, -20.99529634232962], [55.505221587600325, -20.99723099859981], [55.505153804115395, -20.998048824921437], [55.50508487782504, -20.99888470776635], [55.50503717586593, -20.999521139888078], [55.504998175861886, -21.00005647487225], [55.504956941480266, -21.00004346601819], [55.503440860239714, -21.000201937553523], [55.501246447825736, -21.000453468743228], [55.50115499810422, -21.000459890151685], [55.50102023720677, -21.000468640094187], [55.50098272431147, -21.000468309730635]]]}";9741804;97418;974;4;974180403;Plaine des Fougeres-l'Esperance;Sainte-Marie;LA REUNION;Plaine des Fougeres-l'Esperance;LA REUNION;;4;;;;;;Iris divers;5355;106.255195526;53.127597763;;100.168486474;;50.084243237;106.255195526;53;53.127597763;113.424042643;;113.424042643;102.318813071;;102.318813071;113.424042643;113;113.424042643;7.404858406;2.468286135;7.404858406;0;106.255195526;100.168486474;106.255195526;0;0;0;71.839832829;79.876838459;71.839832829;89.667059246;84.001018494;89.667059246;0;0;0;113.424042643;102.318813071;113.424042643;89.667059246;;89.667059246;84.001018494;;84.001018494;89.667059246;89;89.667059246;71.839832829;;35.919916414;79.876838459;;39.938419230;71.839832829;35;35.919916414;;;;219.679238169;;73.226412723;202.487299545;;67.495766515;219.679238169;73;73.226412723;161.506892075;;53.835630692;163.877856953;;54.625952318;161.506892075;53;53.835630692;Polygon;16172;1;14.809716812;4.936572271;0;4.936572271;0;0.333333333;0;0.333333333;0.181818182;0;16172;16172;381.186130244;;366.365156498;;381.186130244;63;0.313710150;0.332772656;0.313710150;0.269945611;0.328662661;0.269945611;0.463995141;0.417309122;0.463995141;0.202770319;0.216447592;0.202770319;0.106221542;0.109334871;0.106221542;14258;15805.5;14258
Sainte-Rose;LA REUNION;CA Intercommunale de la Réunion Est (Cirest);LA REUNION;18.286159314;156.181888808;172.417753457;156.181888808;Non;974190302;97419;2A;249740093;-21.2001014053, 55.7957909803;"{""type"": ""Polygon"", ""coordinates"": [[[55.769954632309364, -21.211024095635917], [55.77218742670284, -21.200462567286493], [55.77470645628521, -21.188554296494594], [55.77565155677165, -21.184091164531026], [55.79707970106572, -21.18524508120695], [55.797078526583114, -21.18467593270448], [55.80546520033618, -21.184217763494672], [55.806961770052666, -21.18396013571328], [55.80867214257895, -21.18347698374121], [55.81063454420699, -21.18341315075303], [55.81160773342865, -21.18385362793157], [55.81269711955479, -21.18433918260057], [55.81311126814848, -21.184464953742914], [55.81368921823831, -21.18446359065314], [55.81453645896282, -21.184272593366536], [55.815123409780014, -21.18410867618733], [55.815219275321084, -21.184045206655302], [55.816074880597576, -21.18352903544245], [55.817595045829904, -21.18302021972191], [55.81902989188575, -21.182701411789544], [55.81888653620983, -21.184742099843184], [55.818881293845976, -21.186856927967177], [55.81872028264947, -21.18893633756814], [55.818971688321994, -21.190876795136305], [55.81935557052509, -21.19105654439156], [55.8197538323023, -21.191366483119506], [55.819807421417856, -21.191411124095286], [55.81984749671564, -21.19145928428434], [55.820126012006185, -21.191807232139688], [55.81768246673337, -21.194433504867167], [55.81601908449942, -21.196217817588302], [55.8160005667094, -21.196244789833468], [55.816000422747415, -21.19626285683503], [55.81626964633107, -21.198502466294684], [55.816327746340185, -21.19906930540352], [55.816561830506195, -21.20148844447254], [55.81738194437819, -21.202846324535038], [55.81845852135323, -21.204048407957533], [55.81872508557113, -21.20511402637873], [55.818599880726794, -21.20601374615663], [55.818393194600596, -21.20656843744029], [55.81773114553107, -21.207199797588952], [55.8165030976443, -21.209100982408213], [55.81563147447535, -21.21045900403181], [55.814522121759715, -21.212147802077208], [55.81403949761574, -21.21274517283308], [55.81397639560189, -21.212805257283044], [55.813885399331895, -21.212859725364424], [55.814184240921335, -21.213922414075824], [55.81421181785277, -21.213967777672263], [55.814193254065245, -21.214000169630218], [55.8139400893568, -21.21566132145586], [55.8133695873882, -21.217849181397828], [55.813191190809974, -21.21890980051443], [55.81309680572795, -21.22039484459829], [55.81291460531475, -21.220769376607848], [55.812909744892046, -21.22077476280903], [55.812467573579326, -21.220285624834403], [55.81127812852772, -21.218306943629877], [55.80991981842324, -21.217581532233226], [55.80851644754927, -21.217160486613324], [55.80694333321195, -21.217496732249362], [55.804844422601526, -21.217801687626817], [55.80194744007577, -21.217174228824067], [55.79973271130924, -21.21668857412471], [55.798702771585596, -21.216453592969025], [55.79809020293055, -21.21631282040737], [55.79747952571553, -21.21617657610888], [55.796244123651284, -21.215973542161365], [55.79527556005962, -21.215923270367604], [55.79345388442728, -21.21602995586115], [55.79058596954747, -21.216200507234166], [55.78561221699318, -21.216970627426694], [55.783072453991444, -21.216753592538957], [55.782886307058504, -21.21666100816872], [55.783083436917025, -21.216119039970653], [55.783584744566234, -21.215491634492835], [55.783401658275736, -21.21432042438686], [55.78234613965255, -21.213216099080373], [55.781932224295666, -21.212821042019073], [55.78087075976897, -21.211974131520194], [55.77900542604458, -21.20988827652491], [55.77807261344343, -21.209216634104134], [55.77748730943799, -21.2092810553979], [55.77609786049402, -21.210012673303567], [55.77547260130822, -21.21048241954626], [55.77462983397137, -21.212092468376486], [55.774679870564576, -21.21338377388517], [55.775077917173235, -21.214532158956015], [55.774158087165, -21.215203927429975], [55.77254400837784, -21.213614884641157], [55.771121692669034, -21.21190797612577], [55.769954632309364, -21.211024095635917]]]}";9741903;97419;974;4;974190302;Forêt des Hauts de Bois Blanc;Sainte-Rose;LA REUNION;Foret des Hauts de Bois Blanc;LA REUNION;;4;;;;;;Iris divers;1455;370.444992584;185.222496292;;432.789179300;;216.394589650;370.444992584;185;185.222496292;80.601584465;;80.601584465;89.599532727;;89.599532727;80.601584465;80;80.601584465;0;0;5.079488698;5.079488698;0;0;0;370.444992584;432.789179300;370.444992584;114.943732526;107.425508988;114.943732526;109.593072412;107.124122333;109.593072412;261.507950860;297.568177392;261.507950860;80.601584465;89.599532727;80.601584465;109.593072412;;109.593072412;107.124122333;;107.124122333;109.593072412;109;109.593072412;376.451683386;;188.225841693;404.993686380;;202.496843190;376.451683386;188;188.225841693;;;;451.046577049;;150.348859016;522.388712027;;174.129570676;451.046577049;150;150.348859016;486.044755798;;162.014918599;512.117808713;;170.705936238;486.044755798;162;162.014918599;Polygon;11492.173913043;1;15.238466095;8.127181917;0;4.063590959;5.079488698;0;1;0.533333333;0.222222222;0.277777778;11492.173913043;11492.173913043;937.091332847;;1034.506520740;;937.091332847;156;0.313710150;0.329194524;0.313710150;0.269945611;0.231059381;0.269945611;0.463995141;0.496468053;0.463995141;0.202770319;0.207443681;0.202770319;0.106221542;0.093349289;0.106221542;14258;12826.153846154;14258
Sainte-Rose;LA REUNION;CA Intercommunale de la Réunion Est (Cirest);LA REUNION;36.572318628;88.136849499;95.112599771;88.136849499;Non;974190202;97419;2A;249740093;-21.173097827, 55.7989039474;"{""type"": ""Polygon"", ""coordinates"": [[[55.81902989188575, -21.182701411789544], [55.817595045829904, -21.18302021972191], [55.816074880597576, -21.18352903544245], [55.815219275321084, -21.184045206655302], [55.815123409780014, -21.18410867618733], [55.81453645896282, -21.184272593366536], [55.81368921823831, -21.18446359065314], [55.81311126814848, -21.184464953742914], [55.81269711955479, -21.18433918260057], [55.81160773342865, -21.18385362793157], [55.81063454420699, -21.18341315075303], [55.80867214257895, -21.18347698374121], [55.806961770052666, -21.18396013571328], [55.80546520033618, -21.184217763494672], [55.797078526583114, -21.18467593270448], [55.79707970106572, -21.18524508120695], [55.77565155677165, -21.184091164531026], [55.776421850732135, -21.180496724489906], [55.77759502146608, -21.174989094380265], [55.776478277181816, -21.173871650613208], [55.7763730693413, -21.173898894505854], [55.776324687056, -21.173809108475776], [55.79213461627238, -21.162925722354135], [55.79359369523514, -21.16221251193119], [55.79485253212775, -21.16113108198388], [55.79640883863584, -21.15958560415924], [55.79751300512061, -21.158451558209492], [55.79771986839589, -21.158117866913113], [55.79783356042716, -21.157753701151503], [55.79789058843112, -21.157489410116177], [55.79857595997197, -21.156634240991504], [55.80032522016173, -21.155572960475663], [55.80092598090079, -21.15523618475619], [55.80396554411538, -21.1531717411143], [55.80398200170287, -21.153161016604532], [55.80403083035251, -21.153196594370147], [55.804709400151715, -21.153841900698875], [55.80528110715987, -21.155323903842003], [55.80802374684571, -21.159306472675848], [55.80934733200348, -21.16071019437827], [55.811446447122066, -21.163171821273643], [55.81320259033937, -21.164568164498046], [55.81612606739041, -21.167416303811144], [55.81995832478184, -21.171789361875483], [55.81953531229488, -21.17193456780225], [55.81844772957657, -21.17244281583613], [55.81836726942985, -21.1752970083251], [55.81828751656246, -21.178303879767903], [55.81830738362908, -21.17834918877561], [55.81905685160457, -21.182096320344275], [55.819066944221426, -21.18215962904138], [55.81902989188575, -21.182701411789544]]]}";9741902;97419;974;4;974190202;Forêt des Hauts de Piton Ste-Rose;Sainte-Rose;LA REUNION;Foret des Hauts de Piton Ste-Rose;LA REUNION;;4;;;;;;Iris divers;1455;185.222496292;92.611248146;;216.394589650;;108.197294825;185.222496292;92;92.611248146;80.601584465;;80.601584465;89.599532727;;89.599532727;80.601584465;80;80.601584465;5.079488698;0;10.158977397;5.079488698;0;0;0;185.222496292;216.394589650;185.222496292;116.048960723;108.458446574;116.048960723;68.495670257;66.952576458;68.495670257;78.452385258;89.270453218;78.452385258;80.601584465;89.599532727;80.601584465;68.495670257;;68.495670257;66.952576458;;66.952576458;68.495670257;68;68.495670257;194.501345981;;97.250672991;197.728899792;;98.864449896;194.501345981;97;97.250672991;;;;265.824080757;;88.608026919;305.994122377;;101.998040792;265.824080757;88;88.608026919;262.997016239;;87.665672080;264.681476250;;88.227158750;262.997016239;87;87.665672080;Polygon;11492.173913043;1;26.413341232;14.222568355;1.015897740;5.079488698;3.047693219;0;0.5;0.538461538;0.138888889;0.083333333;11492.173913043;11492.173913043;528.821096996;;570.675598627;;528.821096996;88;0.313710150;0.329194524;0.313710150;0.269945611;0.231059381;0.269945611;0.463995141;0.496468053;0.463995141;0.202770319;0.207443681;0.202770319;0.106221542;0.093349289;0.106221542;14258;12826.153846154;14258
Sainte-Rose;LA REUNION;CA Intercommunale de la Réunion Est (Cirest);LA REUNION;2.031795479;13.433597411;14.933255455;13.433597411;Non;974190402;97419;2A;249740093;-21.1894286385, 55.7112014913;"{""type"": ""Polygon"", ""coordinates"": [[[55.67881274993242, -21.2399468767353], [55.67832752236471, -21.23990152052919], [55.67582435979758, -21.239668693881104], [55.67515235575396, -21.23960650503009], [55.67237296162188, -21.239340743375205], [55.670304066844565, -21.239142870620796], [55.66831219615849, -21.23895280800106], [55.667663323728625, -21.23889077219704], [55.666349218106625, -21.23876475708997], [55.6641725261609, -21.23855602062702], [55.66194665379789, -21.238343697363895], [55.65754525241654, -21.23792164379754], [55.65460998048888, -21.23764080102023], [55.65239850642936, -21.23744699354936], [55.64952193948962, -21.237176468885764], [55.64948917366721, -21.237177109908064], [55.649326118757195, -21.23720109824576], [55.649283504392365, -21.237225147549015], [55.64923138709116, -21.23723466709257], [55.64885168110059, -21.237187095480564], [55.64852057667867, -21.2370988906867], [55.64820662131378, -21.23697622903564], [55.64780455576861, -21.23679504595572], [55.64770680232109, -21.236737351091705], [55.647588133073924, -21.236648774490867], [55.647444710803114, -21.23652747863995], [55.64737794474493, -21.236452868358143], [55.64727424688054, -21.23630750038278], [55.64723455654161, -21.23622226694149], [55.64719886014895, -21.236121708526415], [55.6471812633259, -21.236043879075527], [55.64716666400474, -21.235954330077202], [55.6469695951863, -21.234743160261345], [55.64697100369117, -21.23469439050921], [55.64699015511991, -21.23444341203916], [55.6470780229737, -21.23426434953196], [55.6473394526518, -21.233859711272345], [55.649089893142325, -21.231782878432547], [55.65015112053373, -21.23008475797189], [55.65045536162521, -21.22915583348229], [55.65086003516488, -21.22783023522537], [55.6517400515249, -21.2263584770921], [55.652671313408135, -21.225448106112076], [55.65331259623133, -21.224534399373347], [55.65370551019464, -21.22386329220083], [55.653894340143395, -21.223492164183575], [55.65438094069589, -21.22064144582381], [55.65480839979994, -21.217567562787874], [55.65496846120433, -21.21702095236027], [55.65497347127397, -21.21678702287624], [55.654967238052166, -21.21662436899072], [55.6548962621393, -21.215951706001984], [55.65483689859729, -21.215486004215666], [55.65470648852673, -21.21485874066302], [55.65439662330251, -21.213573702491182], [55.65435476999656, -21.213514650711637], [55.654334289605174, -21.21343589542207], [55.65425520901598, -21.213126317028312], [55.654230362567795, -21.21299784229423], [55.6542068479449, -21.21282872710906], [55.6541367137676, -21.21227621694484], [55.654296111622074, -21.21180232164302], [55.65546741292302, -21.20931906369013], [55.65695041752753, -21.20655778160977], [55.657516973828486, -21.205585755766432], [55.657911304872194, -21.205016160458346], [55.65840601520411, -21.20453137383665], [55.659327995000545, -21.204148669780082], [55.66064503147565, -21.203540995431943], [55.66067018987477, -21.203528547900774], [55.66070503773203, -21.203509853682], [55.66113258079392, -21.203207907782474], [55.6614157607605, -21.202997862734033], [55.66331104724652, -21.201127559295912], [55.66521797748272, -21.199617765217397], [55.66673885424041, -21.19823995380173], [55.66967364606385, -21.196178581002204], [55.67129333580494, -21.19494474645853], [55.672795836121495, -21.193741868901373], [55.67380964321269, -21.19264823018502], [55.6746940494697, -21.1909479232276], [55.67533954544105, -21.18926809571958], [55.67620615967364, -21.187461832172914], [55.67622381003234, -21.187426739171496], [55.67654118954892, -21.187048004574837], [55.67661808208497, -21.186958270127164], [55.6769565039704, -21.186595959993102], [55.677070172215565, -21.186486639151695], [55.67724791389187, -21.186320907656544], [55.67940848293394, -21.185008951340716], [55.679463614138456, -21.18498318445732], [55.679930924976944, -21.184856750095424], [55.681194556754534, -21.18454049904859], [55.68132872021337, -21.18450902460352], [55.68140686189, -21.184495180357548], [55.68145019470648, -21.184496421774252], [55.68159458403666, -21.184506581782077], [55.6817783976416, -21.1845242760873], [55.68276711078395, -21.18468826693478], [55.68323543081978, -21.18488252666379], [55.684719529793306, -21.185502952329827], [55.68542556575393, -21.18588334307277], [55.6876470292883, -21.186572723265385], [55.6900907445477, -21.18678821708271], [55.69170293303179, -21.186413999613336], [55.693906600107745, -21.185974308322546], [55.69625147050553, -21.184957682901025], [55.697914847283776, -21.183619061351898], [55.69934427858237, -21.182209513984162], [55.7004179658662, -21.181068344674006], [55.701808248428996, -21.1794988524943], [55.70244539703473, -21.178716514974543], [55.70255065697992, -21.17857458981474], [55.702604194813546, -21.178509957787874], [55.70333649870262, -21.177812751229155], [55.70360114004561, -21.17761784521455], [55.70405318197346, -21.177304678269962], [55.70426199916902, -21.177160383854922], [55.70616372541614, -21.17600056082094], [55.706430872117416, -21.175849031194556], [55.706828623399154, -21.175630746956998], [55.70698237376087, -21.175560556194277], [55.70712738559086, -21.175498428841088], [55.707242321980644, -21.17546136591122], [55.70998817271719, -21.17469278741026], [55.71078702492469, -21.174090004744098], [55.71105331812652, -21.17392491027129], [55.71115880956304, -21.17386609154756], [55.71125454498968, -21.17382165241857], [55.71194276490712, -21.17353668665843], [55.71222307772866, -21.173420705205693], [55.71230906459715, -21.173389741857214], [55.712770615558156, -21.173254136028604], [55.71563597753141, -21.172468304700672], [55.71569873270518, -21.17245071378057], [55.71579821687813, -21.172418044352415], [55.71816602324579, -21.171158404520853], [55.720823465614714, -21.16977083867077], [55.72336943365627, -21.169043433245932], [55.7253189676016, -21.1684013805412], [55.72809630339072, -21.16792452697182], [55.731275430110806, -21.16736843363869], [55.73139050817741, -21.167087441577994], [55.73158172647416, -21.16668687057925], [55.73169809044919, -21.16648086862242], [55.73264117695046, -21.16532438086703], [55.733047681719576, -21.164862183989758], [55.733211770310156, -21.16470622431699], [55.73329217773908, -21.164650816731314], [55.73363466279292, -21.16446818758547], [55.73455276162808, -21.16381197506967], [55.73589237750499, -21.162170605659988], [55.73602375215447, -21.161896958582815], [55.73617908805795, -21.161323400254645], [55.73597954265056, -21.160752040698476], [55.735544960983326, -21.15939168444795], [55.73540344497694, -21.15862026592883], [55.73533325478836, -21.158153595060767], [55.73541306289132, -21.15760132043363], [55.735691283236925, -21.15647868607598], [55.73578555709447, -21.156150558519286], [55.73762198906415, -21.156157945625395], [55.7379349688357, -21.156158473573853], [55.73907529872388, -21.156146197271507], [55.739666652883464, -21.156139762369467], [55.740164591541166, -21.15613353328034], [55.74022270594649, -21.155980390401393], [55.74025200765943, -21.155817999131866], [55.74025212993973, -21.155803545871205], [55.74025280246396, -21.155610226338204], [55.74018695407307, -21.155311618809403], [55.74009121582416, -21.15513113223921], [55.74032500369268, -21.153621056560965], [55.74111770063111, -21.15252256581842], [55.742440526944115, -21.15199307917335], [55.742555744440274, -21.152033684317324], [55.74265673139924, -21.152048888830727], [55.742743304741865, -21.15206037265777], [55.742816473153006, -21.152062722993062], [55.742884941229285, -21.152051487580138], [55.74295159778083, -21.152026687881705], [55.74303477681886, -21.151983943139864], [55.743104466995234, -21.151942001560972], [55.743269074285955, -21.151835720975935], [55.7433331086375, -21.151779283106148], [55.74359044960886, -21.151410805151254], [55.7436538912933, -21.151196270014747], [55.74370874125138, -21.14971692907508], [55.743706408664856, -21.149650964495077], [55.74368000289733, -21.149584821223794], [55.74362567989396, -21.149517567329], [55.743308777664595, -21.14918457491539], [55.74323896434696, -21.149127143149673], [55.743165322255166, -21.14906697276407], [55.74310790509173, -21.14902408719254], [55.74301602092917, -21.148957457567633], [55.74284077429521, -21.148841425827513], [55.742753659229436, -21.14878025181383], [55.74269813764161, -21.148740993740265], [55.742642631333936, -21.148699928988997], [55.74234153827289, -21.148433902976798], [55.74231204624799, -21.14839122464685], [55.74229325312638, -21.148335978395675], [55.74228949297816, -21.148325109811292], [55.742264173009616, -21.14824452022248], [55.74225322055567, -21.14817307126458], [55.742249864664416, -21.148114326173268], [55.74225137674996, -21.14804929354618], [55.742258551922, -21.14799785380512], [55.74227239122949, -21.147955497452948], [55.743577590930165, -21.14665618267098], [55.744972421520785, -21.145916718347213], [55.74553843907422, -21.14548367414416], [55.74625098631349, -21.14480237802703], [55.7462587655093, -21.14479340175865], [55.74635701388009, -21.144675785507413], [55.74656041988351, -21.144305999085653], [55.74667713960708, -21.144053011105786], [55.74675415243245, -21.143826830730156], [55.746774042988, -21.143637266375517], [55.74675587382143, -21.1433932169443], [55.74667918895606, -21.14312253603523], [55.7465771653762, -21.14288780303793], [55.74656488344373, -21.142859707056193], [55.74638286489035, -21.142633415545202], [55.746123808737394, -21.142407456690115], [55.745816153158756, -21.14223534075062], [55.74511503825972, -21.142017849056117], [55.74488432017925, -21.14197187273049], [55.74450885087373, -21.14196276501374], [55.744200486218396, -21.141989386373815], [55.743981463588646, -21.142041061492726], [55.743768746874586, -21.142144276228034], [55.74361205209117, -21.14222712851928], [55.74345311143214, -21.142347906279067], [55.74235283042613, -21.141392534279387], [55.74071500371758, -21.139896546200088], [55.74028484516019, -21.13940913067007], [55.74018914646222, -21.139225031007832], [55.74013622675712, -21.139106293504124], [55.74011199430081, -21.139011257520256], [55.74008592780022, -21.138905367237594], [55.73971403037125, -21.137222299033564], [55.73973891074294, -21.137012898322183], [55.73982720120484, -21.13682023048524], [55.73997774779288, -21.13666687151768], [55.74011785626986, -21.136609193825322], [55.740265476507474, -21.136574156585944], [55.741272390331346, -21.136493564068374], [55.742615470008374, -21.13662775826393], [55.74226644332512, -21.135477715827196], [55.74166484332267, -21.13426104694858], [55.74114290341587, -21.13375443240695], [55.740884961540495, -21.1331142711222], [55.74082989481195, -21.13290788920896], [55.740800143776944, -21.13266827014358], [55.74083256380686, -21.132477896276708], [55.74086278344918, -21.132320028013385], [55.7414704741454, -21.130253075060914], [55.74156864514981, -21.13002976410538], [55.74160481769091, -21.129964988872903], [55.7416622632694, -21.129889531009905], [55.74179418732725, -21.12977397390441], [55.743979700822116, -21.12693729082483], [55.74403631054818, -21.126846468208893], [55.74415510106515, -21.126689255730813], [55.74429422377345, -21.126518643028245], [55.74445135752926, -21.126381589109634], [55.7445725336501, -21.12628401770441], [55.74471016805941, -21.12617572748575], [55.74482062405983, -21.126093434076633], [55.74501204430116, -21.126000899738766], [55.745178710864906, -21.125989486916147], [55.74552142093706, -21.12599654208716], [55.74557816390856, -21.126004189397676], [55.745830710940304, -21.126199384804842], [55.74711582077119, -21.126701015080958], [55.74816011601259, -21.126622237065035], [55.751210244259354, -21.125735150191474], [55.75388236996348, -21.12479666387477], [55.755697563753934, -21.124044380558924], [55.756664448711604, -21.12367295752395], [55.757095136572474, -21.123520734088846], [55.75756011393299, -21.123528661617783], [55.758090515209815, -21.123646127109865], [55.757864632685994, -21.123843468680693], [55.75700135927698, -21.12425992514018], [55.75639251778745, -21.12453099182753], [55.755905729416334, -21.124713516690758], [55.75558010873273, -21.125197150443054], [55.756433169012105, -21.127276701186545], [55.758516417380115, -21.127434718131898], [55.760119499591696, -21.128021017852024], [55.76017706444011, -21.128045830825943], [55.76312493148721, -21.129253538345324], [55.76445045334238, -21.12975917609033], [55.765843321593785, -21.13027252169415], [55.768224831880524, -21.131747034539366], [55.77057592090101, -21.132129089264556], [55.773177303030394, -21.132402710709886], [55.773177923903596, -21.132444271444374], [55.77313844861715, -21.133145924499054], [55.77301166457536, -21.13661675746327], [55.772837717766535, -21.137686472795647], [55.772638132505826, -21.13847820769736], [55.77201053854374, -21.13996922852608], [55.77189567854029, -21.14023580045777], [55.77174311691686, -21.140520166689516], [55.77161263164255, -21.140696285497768], [55.77094907000348, -21.141233506855595], [55.76943525723602, -21.14281609868218], [55.7686441837244, -21.143691156049528], [55.766669273496134, -21.145654100131864], [55.765065058359326, -21.14715444053084], [55.76430334720618, -21.147995586296773], [55.763505507806194, -21.14889563646088], [55.76290539803821, -21.149669523617938], [55.76214344441461, -21.15068162350193], [55.76153756846518, -21.153017061338033], [55.76098313947674, -21.155934935316715], [55.76080668142577, -21.15862303754811], [55.7607448647366, -21.159281156538903], [55.76057887064391, -21.160074924233445], [55.75878789310639, -21.163040270491162], [55.758752778714175, -21.16320894671146], [55.75864955825603, -21.163575868867195], [55.75862381897837, -21.163659695214733], [55.75857562873143, -21.16377949237715], [55.75853648236781, -21.16385418641741], [55.75850810254723, -21.16390818150584], [55.75847292877927, -21.16396845045101], [55.75844180300631, -21.164005260970928], [55.758399196260335, -21.16403295331986], [55.75813108133001, -21.16419359525388], [55.75469121386717, -21.16231906966437], [55.754662054568726, -21.162466107369916], [55.75462784582951, -21.162641112941678], [55.75457347721125, -21.1629234733283], [55.754356060083985, -21.16462114627659], [55.75428039485045, -21.16606691376185], [55.75421955311194, -21.16689216246503], [55.75421131185145, -21.166956242322215], [55.75419620071548, -21.1670356291755], [55.75418516104946, -21.167088847760034], [55.754169207838146, -21.167153774196315], [55.754105067085995, -21.16733759290238], [55.75367653898631, -21.16836610469967], [55.75264236351053, -21.170868994372583], [55.75188533035281, -21.17201884094852], [55.7516456396036, -21.172347711312145], [55.75130699321606, -21.172646942208566], [55.750217756146064, -21.173326146707073], [55.749106696361785, -21.173964981594036], [55.7488616146478, -21.17413210156413], [55.748854827446884, -21.174137471660327], [55.74889655668701, -21.18955495339233], [55.74892366469764, -21.199378551595416], [55.748934645069404, -21.203336355119603], [55.74818282368737, -21.202928779282853], [55.74515551368309, -21.20184935844704], [55.744019503280114, -21.20199268338711], [55.74200607596769, -21.202342666123997], [55.740986074728646, -21.202323322341165], [55.73961773932513, -21.202258011246027], [55.73703644448449, -21.202661512046145], [55.73423397058609, -21.20301814641462], [55.73356920678851, -21.20302581067146], [55.73122910311584, -21.203328044498605], [55.72974642245299, -21.20384808658935], [55.72878383868376, -21.204266787068054], [55.72760920067488, -21.204811260600597], [55.72516508627675, -21.206396323233367], [55.72404344373374, -21.207048220663786], [55.723191629838205, -21.20712850671996], [55.722663233224, -21.207016105793898], [55.722113683978336, -21.20689902630866], [55.72206666154202, -21.20687789284477], [55.72193513392406, -21.206825405082704], [55.7216604884111, -21.206723955032203], [55.721263731260606, -21.206595382089045], [55.72059555360539, -21.20643855435059], [55.72022589865685, -21.206518864057482], [55.720075503342606, -21.206556814388495], [55.719874460162536, -21.206609248147593], [55.71868173576105, -21.207011238560593], [55.717783400183556, -21.20734702508559], [55.71502204250117, -21.208504713387118], [55.71428057537638, -21.209023929685145], [55.71379395103022, -21.209427645254582], [55.71353140520338, -21.209653295323488], [55.71339915646147, -21.20980650603252], [55.713049472378685, -21.210237718899737], [55.71283310427293, -21.210637167307194], [55.712166372228374, -21.211534552897298], [55.71129444982549, -21.212669621391548], [55.710257357042664, -21.21359502742749], [55.70855987027098, -21.214789629638993], [55.707572454700454, -21.215301741615324], [55.70669219107593, -21.215920280287964], [55.70573680220077, -21.21661473016819], [55.7053531463731, -21.217081540930455], [55.704902013986754, -21.21755234987672], [55.70416228445825, -21.218194389325237], [55.70331688324374, -21.218911044858924], [55.70301025473564, -21.219161180915233], [55.70244303909435, -21.219463967251286], [55.70192048483462, -21.21950692471037], [55.70134718131019, -21.219404047683128], [55.69935502928847, -21.21921435901393], [55.69663929807321, -21.21979866797093], [55.69483895415056, -21.22020211250751], [55.692876729677735, -21.220935367711345], [55.69117469817639, -21.221586529497873], [55.68889730377368, -21.22229342766128], [55.6884823489044, -21.22236969983831], [55.68792528596919, -21.222636605535737], [55.687289114604425, -21.22307859849476], [55.686737253718825, -21.22360485240381], [55.686116773723704, -21.224255593627277], [55.68546446829308, -21.225021987076097], [55.68485242909308, -21.225918775861544], [55.683875446505525, -21.227442360516793], [55.682721698073614, -21.229231050590514], [55.68200348686626, -21.230253468966833], [55.681204564838275, -21.231574717521923], [55.68050083214834, -21.232916579947947], [55.67998262393734, -21.233872799881222], [55.67938890530501, -21.234868174631288], [55.679101276295945, -21.237952708531854], [55.67909827452453, -21.238289638750885], [55.67881274993242, -21.2399468767353]]]}";9741904;97419;974;4;974190402;Forêt des Hauts de la Rivière de l'Est;Sainte-Rose;LA REUNION;Foret des Hauts de la Riviere de l'Est;LA REUNION;;4;;;;;;Iris divers;1455;0;0;;0;;0;0;0;0;80.601584465;;80.601584465;89.599532727;;89.599532727;80.601584465;80;80.601584465;0;0;0;0;0;0;0;0;0;0;0;0;0;0;0;0;0;0;0;80.601584465;89.599532727;80.601584465;0;;0;0;;0;0;0;0;0;;0;0;;0;0;0;0;;;;80.601584465;;26.867194822;89.599532727;;29.866510909;80.601584465;26;26.867194822;0;;0;0;;0;0;0;0;Polygon;11492.173913043;1;2.031795479;0;0;0;0;0;0;0;0;0;11492.173913043;11492.173913043;80.601584465;;89.599532727;;80.601584465;13;0.313710150;0.329194524;0.313710150;0.269945611;0.231059381;0.269945611;0.463995141;0.496468053;0.463995141;0.202770319;0.207443681;0.202770319;0.106221542;0.093349289;0.106221542;14258;12826.153846154;14258
Sainte-Rose;LA REUNION;CA Intercommunale de la Réunion Est (Cirest);LA REUNION;0;13.433597411;14.933255455;13.433597411;Non;974190303;97419;2A;249740093;-21.2286053188, 55.7494534565;"{""type"": ""Polygon"", ""coordinates"": [[[55.769954632309364, -21.211024095635917], [55.771121692669034, -21.21190797612577], [55.77254400837784, -21.213614884641157], [55.774158087165, -21.215203927429975], [55.775077917173235, -21.214532158956015], [55.774679870564576, -21.21338377388517], [55.77462983397137, -21.212092468376486], [55.77547260130822, -21.21048241954626], [55.77609786049402, -21.210012673303567], [55.77748730943799, -21.2092810553979], [55.77807261344343, -21.209216634104134], [55.77900542604458, -21.20988827652491], [55.78087075976897, -21.211974131520194], [55.781932224295666, -21.212821042019073], [55.78234613965255, -21.213216099080373], [55.783401658275736, -21.21432042438686], [55.783584744566234, -21.215491634492835], [55.783083436917025, -21.216119039970653], [55.782886307058504, -21.21666100816872], [55.783072453991444, -21.216753592538957], [55.78561221699318, -21.216970627426694], [55.79058596954747, -21.216200507234166], [55.79345388442728, -21.21602995586115], [55.79527556005962, -21.215923270367604], [55.796244123651284, -21.215973542161365], [55.79747952571553, -21.21617657610888], [55.79809020293055, -21.21631282040737], [55.798702771585596, -21.216453592969025], [55.79973271130924, -21.21668857412471], [55.80194744007577, -21.217174228824067], [55.804844422601526, -21.217801687626817], [55.80694333321195, -21.217496732249362], [55.80851644754927, -21.217160486613324], [55.80991981842324, -21.217581532233226], [55.81127812852772, -21.218306943629877], [55.812467573579326, -21.220285624834403], [55.812909744892046, -21.22077476280903], [55.81284453859287, -21.220856513361326], [55.81163986958939, -21.222298256360023], [55.81110674395428, -21.222983525513705], [55.81005796892189, -21.224969026692794], [55.80886485120674, -21.226808054307483], [55.808450440397806, -21.22766064427147], [55.80804108567525, -21.229562110525723], [55.80785711848965, -21.231711794429785], [55.80809319723231, -21.234150546975144], [55.8083555748474, -21.23479137520251], [55.808500581915595, -21.235272102011844], [55.80851259656234, -21.235755503025956], [55.80814334229398, -21.238418811590876], [55.80807924380864, -21.23872099575042], [55.807881579749804, -21.239216465684436], [55.8077434989143, -21.239491928326927], [55.80760656271508, -21.23974481406828], [55.806761372339984, -21.240879115518553], [55.80574974836717, -21.242851998249023], [55.805173641733056, -21.244509257531213], [55.80497530345116, -21.24526534709134], [55.80483655951629, -21.245860603055103], [55.80477993867415, -21.246309639614402], [55.804685061180436, -21.247140991695854], [55.80467747820906, -21.247244828086306], [55.804700628795146, -21.247540627402053], [55.80477101352193, -21.24831239767176], [55.80479277185392, -21.249557426637455], [55.80467488644504, -21.2506739859592], [55.8043117454922, -21.251966073015332], [55.80430267930631, -21.252014791882505], [55.80428342162169, -21.25201284851707], [55.80194480732909, -21.25180834057278], [55.798900337325556, -21.25154185963343], [55.79612503280293, -21.251298927687508], [55.79252686045626, -21.250927198202966], [55.79092083332624, -21.250761208980297], [55.78831924016991, -21.25049139016242], [55.78571765124485, -21.25022243496978], [55.78263542694604, -21.249927385693198], [55.77955226182349, -21.2496313703297], [55.77647006820629, -21.24933620947971], [55.772756295784845, -21.248979939731832], [55.770304770931894, -21.248744810102483], [55.76658520932554, -21.24838790728157], [55.76414049877485, -21.248153194645496], [55.761057418448274, -21.24785774785474], [55.75797531708898, -21.247562252365462], [55.75679389893126, -21.247448753890154], [55.75489227515792, -21.247265790678714], [55.75175341537497, -21.246962536243906], [55.749991424308625, -21.24679229574591], [55.74789004364557, -21.246588802346178], [55.74547574408747, -21.246355853911254], [55.74468526220492, -21.246279507659853], [55.74215640843065, -21.246034367057355], [55.73919814492457, -21.24574803699483], [55.723504410367816, -21.24422974137222], [55.72157112471187, -21.244042552408757], [55.719311458553044, -21.24382395531177], [55.71796741167075, -21.24369359468799], [55.7160793980234, -21.243510300948245], [55.71304327075398, -21.24321659957005], [55.70983193961173, -21.242905243118006], [55.70756750739104, -21.242685550187165], [55.706038633441025, -21.242537418160833], [55.70467054389247, -21.242404961274392], [55.701785100985646, -21.242130735280426], [55.69889870809803, -21.24185645301105], [55.693127889960365, -21.241307756787787], [55.69024249323411, -21.241034238723447], [55.68158640833629, -21.240210681629392], [55.679622416149435, -21.240023679283222], [55.67881274993242, -21.2399468767353], [55.67909827452453, -21.238289638750885], [55.679101276295945, -21.237952708531854], [55.67938890530501, -21.234868174631288], [55.67998262393734, -21.233872799881222], [55.68050083214834, -21.232916579947947], [55.681204564838275, -21.231574717521923], [55.68200348686626, -21.230253468966833], [55.682721698073614, -21.229231050590514], [55.683875446505525, -21.227442360516793], [55.68485242909308, -21.225918775861544], [55.68546446829308, -21.225021987076097], [55.686116773723704, -21.224255593627277], [55.686737253718825, -21.22360485240381], [55.687289114604425, -21.22307859849476], [55.68792528596919, -21.222636605535737], [55.6884823489044, -21.22236969983831], [55.68889730377368, -21.22229342766128], [55.69117469817639, -21.221586529497873], [55.692876729677735, -21.220935367711345], [55.69483895415056, -21.22020211250751], [55.69663929807321, -21.21979866797093], [55.69935502928847, -21.21921435901393], [55.70134718131019, -21.219404047683128], [55.70192048483462, -21.21950692471037], [55.70244303909435, -21.219463967251286], [55.70301025473564, -21.219161180915233], [55.70331688324374, -21.218911044858924], [55.70416228445825, -21.218194389325237], [55.704902013986754, -21.21755234987672], [55.7053531463731, -21.217081540930455], [55.70573680220077, -21.21661473016819], [55.70669219107593, -21.215920280287964], [55.707572454700454, -21.215301741615324], [55.70855987027098, -21.214789629638993], [55.710257357042664, -21.21359502742749], [55.71129444982549, -21.212669621391548], [55.712166372228374, -21.211534552897298], [55.71283310427293, -21.210637167307194], [55.713049472378685, -21.210237718899737], [55.71339915646147, -21.20980650603252], [55.71353140520338, -21.209653295323488], [55.71379395103022, -21.209427645254582], [55.71428057537638, -21.209023929685145], [55.71502204250117, -21.208504713387118], [55.717783400183556, -21.20734702508559], [55.71868173576105, -21.207011238560593], [55.719874460162536, -21.206609248147593], [55.720075503342606, -21.206556814388495], [55.72022589865685, -21.206518864057482], [55.72059555360539, -21.20643855435059], [55.721263731260606, -21.206595382089045], [55.7216604884111, -21.206723955032203], [55.72193513392406, -21.206825405082704], [55.72206666154202, -21.20687789284477], [55.722113683978336, -21.20689902630866], [55.722663233224, -21.207016105793898], [55.723191629838205, -21.20712850671996], [55.72404344373374, -21.207048220663786], [55.72516508627675, -21.206396323233367], [55.72760920067488, -21.204811260600597], [55.72878383868376, -21.204266787068054], [55.72974642245299, -21.20384808658935], [55.73122910311584, -21.203328044498605], [55.73356920678851, -21.20302581067146], [55.73423397058609, -21.20301814641462], [55.73703644448449, -21.202661512046145], [55.73961773932513, -21.202258011246027], [55.740986074728646, -21.202323322341165], [55.74200607596769, -21.202342666123997], [55.744019503280114, -21.20199268338711], [55.74515551368309, -21.20184935844704], [55.74818282368737, -21.202928779282853], [55.748934645069404, -21.203336355119603], [55.74894428544976, -21.203335523142837], [55.750176792763654, -21.203688836867133], [55.75125845460777, -21.204339143207722], [55.75281301371998, -21.205290149054296], [55.753310953067086, -21.205762681697816], [55.75399432248035, -21.206754220230195], [55.75689067157314, -21.20962304582161], [55.76078614781269, -21.21236676919386], [55.76239787877788, -21.210781877191646], [55.764614395414924, -21.208611009780356], [55.768076731026845, -21.2096607447543], [55.768684320968894, -21.210510746909705], [55.769954632309364, -21.211024095635917]]]}";9741903;97419;974;4;974190303;Le Volcan-Ste Rose;Sainte-Rose;LA REUNION;Le Volcan-Ste Rose;LA REUNION;;4;;;;;;Iris divers;1455;0;0;;0;;0;0;0;0;80.601584465;;80.601584465;89.599532727;;89.599532727;80.601584465;80;80.601584465;0;0;0;0;0;0;0;0;0;0;0;0;0;0;0;0;0;0;0;80.601584465;89.599532727;80.601584465;0;;0;0;;0;0;0;0;0;;0;0;;0;0;0;0;;;;80.601584465;;26.867194822;89.599532727;;29.866510909;80.601584465;26;26.867194822;0;;0;0;;0;0;0;0;Polygon;11492.173913043;1;0;0;0;0;0;0;0;0;0;0;11492.173913043;11492.173913043;80.601584465;;89.599532727;;80.601584465;13;0.313710150;0.329194524;0.313710150;0.269945611;0.231059381;0.269945611;0.463995141;0.496468053;0.463995141;0.202770319;0.207443681;0.202770319;0.106221542;0.093349289;0.106221542;14258;12826.153846154;14258
Sainte-Rose;LA REUNION;CA Intercommunale de la Réunion Est (Cirest);LA REUNION;6.095386438;58.791823721;58.499521817;58.791823721;Non;974190102;97419;2A;249740093;-21.171222767, 55.7703289019;"{""type"": ""Polygon"", ""coordinates"": [[[55.769954632309364, -21.211024095635917], [55.768684320968894, -21.210510746909705], [55.768076731026845, -21.2096607447543], [55.764614395414924, -21.208611009780356], [55.76239787877788, -21.210781877191646], [55.76078614781269, -21.21236676919386], [55.75689067157314, -21.20962304582161], [55.75399432248035, -21.206754220230195], [55.753310953067086, -21.205762681697816], [55.75281301371998, -21.205290149054296], [55.75125845460777, -21.204339143207722], [55.750176792763654, -21.203688836867133], [55.74894428544976, -21.203335523142837], [55.748934645069404, -21.203336355119603], [55.74892366469764, -21.199378551595416], [55.74889655668701, -21.18955495339233], [55.748854827446884, -21.174137471660327], [55.7488616146478, -21.17413210156413], [55.749106696361785, -21.173964981594036], [55.750217756146064, -21.173326146707073], [55.75130699321606, -21.172646942208566], [55.7516456396036, -21.172347711312145], [55.75188533035281, -21.17201884094852], [55.75264236351053, -21.170868994372583], [55.75367653898631, -21.16836610469967], [55.754105067085995, -21.16733759290238], [55.754169207838146, -21.167153774196315], [55.75418516104946, -21.167088847760034], [55.75419620071548, -21.1670356291755], [55.75421131185145, -21.166956242322215], [55.75421955311194, -21.16689216246503], [55.75428039485045, -21.16606691376185], [55.754356060083985, -21.16462114627659], [55.75457347721125, -21.1629234733283], [55.75462784582951, -21.162641112941678], [55.754662054568726, -21.162466107369916], [55.75469121386717, -21.16231906966437], [55.75813108133001, -21.16419359525388], [55.758399196260335, -21.16403295331986], [55.75844180300631, -21.164005260970928], [55.75847292877927, -21.16396845045101], [55.75850810254723, -21.16390818150584], [55.75853648236781, -21.16385418641741], [55.75857562873143, -21.16377949237715], [55.75862381897837, -21.163659695214733], [55.75864955825603, -21.163575868867195], [55.758752778714175, -21.16320894671146], [55.75878789310639, -21.163040270491162], [55.76057887064391, -21.160074924233445], [55.7607448647366, -21.159281156538903], [55.76080668142577, -21.15862303754811], [55.76098313947674, -21.155934935316715], [55.76153756846518, -21.153017061338033], [55.76214344441461, -21.15068162350193], [55.76290539803821, -21.149669523617938], [55.763505507806194, -21.14889563646088], [55.76430334720618, -21.147995586296773], [55.765065058359326, -21.14715444053084], [55.766669273496134, -21.145654100131864], [55.7686441837244, -21.143691156049528], [55.76943525723602, -21.14281609868218], [55.77094907000348, -21.141233506855595], [55.77161263164255, -21.140696285497768], [55.77174311691686, -21.140520166689516], [55.77189567854029, -21.14023580045777], [55.77201053854374, -21.13996922852608], [55.772638132505826, -21.13847820769736], [55.772837717766535, -21.137686472795647], [55.77301166457536, -21.13661675746327], [55.77313844861715, -21.133145924499054], [55.773177923903596, -21.132444271444374], [55.773177303030394, -21.132402710709886], [55.77334847813339, -21.132429245680637], [55.77520899410694, -21.133339783909065], [55.777221083509424, -21.134556745301246], [55.77868040980917, -21.135431827551926], [55.77962932430142, -21.13584700435759], [55.780546250007795, -21.13617115419184], [55.78186235077655, -21.1367845484237], [55.78241060034007, -21.137213088679115], [55.78306402320792, -21.13773362640115], [55.78516796452855, -21.139038335914734], [55.78737678025026, -21.14023988083417], [55.78887015462732, -21.141205463202528], [55.78952690206847, -21.142151502360075], [55.789517434927326, -21.14272418996671], [55.791206217114194, -21.145009210384398], [55.793440479869744, -21.146117812453642], [55.79643622969427, -21.147140558982276], [55.79731159279185, -21.147497300488837], [55.7991470186165, -21.148397020287227], [55.80173492479345, -21.150569522669045], [55.80228449034936, -21.151087448355423], [55.802911874887855, -21.15192843730948], [55.80347177868278, -21.15277888446371], [55.80398200170287, -21.153161016604532], [55.80396554411538, -21.1531717411143], [55.80092598090079, -21.15523618475619], [55.80032522016173, -21.155572960475663], [55.79857595997197, -21.156634240991504], [55.79789058843112, -21.157489410116177], [55.79783356042716, -21.157753701151503], [55.79771986839589, -21.158117866913113], [55.79751300512061, -21.158451558209492], [55.79640883863584, -21.15958560415924], [55.79485253212775, -21.16113108198388], [55.79359369523514, -21.16221251193119], [55.79213461627238, -21.162925722354135], [55.776324687056, -21.173809108475776], [55.7763730693413, -21.173898894505854], [55.776478277181816, -21.173871650613208], [55.77759502146608, -21.174989094380265], [55.776421850732135, -21.180496724489906], [55.77565155677165, -21.184091164531026], [55.77470645628521, -21.188554296494594], [55.77218742670284, -21.200462567286493], [55.769954632309364, -21.211024095635917]]]}";9741901;97419;974;4;974190102;Zone Forestiere des Hauts de Ste-Rose;Sainte-Rose;LA REUNION;Zone Forestiere des Hauts de Ste-Rose;LA REUNION;;4;;;;;;Iris divers;1455;0;0;;0;;0;0;0;0;80.601584465;;80.601584465;89.599532727;;89.599532727;80.601584465;80;80.601584465;0;0;0;0;0;0;0;0;0;0;107.759749243;100.711414676;107.759749243;164.389608618;160.686183499;164.389608618;0;0;0;80.601584465;89.599532727;80.601584465;164.389608618;;164.389608618;160.686183499;;160.686183499;164.389608618;164;164.389608618;107.759749243;;53.879874621;100.711414676;;50.355707338;107.759749243;53;53.879874621;;;;80.601584465;;26.867194822;89.599532727;;29.866510909;80.601584465;26;26.867194822;272.149357861;;90.716452620;261.397598175;;87.132532725;272.149357861;90;90.716452620;Polygon;11492.173913043;1;4.063590959;2.031795479;0;2.031795479;0;0;0;0.5;0.333333333;0;11492.173913043;11492.173913043;352.750942326;;350.997130902;;352.750942326;58;0.313710150;0.329194524;0.313710150;0.269945611;0.231059381;0.269945611;0.463995141;0.496468053;0.463995141;0.202770319;0.207443681;0.202770319;0.106221542;0.093349289;0.106221542;14258;12826.153846154;14258
Sainte-Suzanne;LA REUNION;CA Intercommunale du Nord de la Réunion (Cinor);LA REUNION;9.975649645;74.278894091;73.497640194;74.278894091;Non;974200302;97420;2A;249740119;-20.984670091, 55.5644599981;"{""type"": ""Polygon"", ""coordinates"": [[[55.55897272120641, -20.969085308899274], [55.56059836444008, -20.970566094770913], [55.563169016894044, -20.972900377693282], [55.56515997254539, -20.97471031496219], [55.56815174556123, -20.97414830131452], [55.56938528491444, -20.97257959514987], [55.57135832566045, -20.970311557475355], [55.573001798554714, -20.968104872759493], [55.57437666620256, -20.96734220045415], [55.5753665251184, -20.966864018506385], [55.576071832144194, -20.96616845390088], [55.57616118784223, -20.966076154357026], [55.576244046857184, -20.965958958104604], [55.57640611873013, -20.965703306051253], [55.57748669128035, -20.963614725829256], [55.57846960170509, -20.9615786207305], [55.579636189596386, -20.959031381096576], [55.5800551379611, -20.956012675036522], [55.58130950192158, -20.954449459607037], [55.58136005066189, -20.954392064975917], [55.582041574807484, -20.954833154200763], [55.58486868436277, -20.956700403982804], [55.585936261238494, -20.957611721027295], [55.58596590200196, -20.957630034119653], [55.58595588884437, -20.95777448918568], [55.585850769495345, -20.958010298477046], [55.584724689701666, -20.959432784636434], [55.58388252773681, -20.960422200145683], [55.58275253435546, -20.961745720474585], [55.581492557685216, -20.963286763983728], [55.58262672689044, -20.966012606407627], [55.584759681763906, -20.965934573924283], [55.58479822563498, -20.965926763701404], [55.58695662822998, -20.963242713193615], [55.5895378718826, -20.960686793923127], [55.59060269112226, -20.96126752907405], [55.59029039084169, -20.962178148800678], [55.588005560000376, -20.96399487299918], [55.58761992866983, -20.965118171806797], [55.587268925083734, -20.96562611462566], [55.58636944475285, -20.966827807628075], [55.58516563495961, -20.96827584509763], [55.58746330968165, -20.96970956974319], [55.58625091483804, -20.971404160461717], [55.585499910607524, -20.971796310774707], [55.583018414010525, -20.975475859930057], [55.581748915064, -20.977605357395536], [55.580901568306444, -20.97984315005233], [55.58089177997809, -20.979861135701604], [55.578399200037246, -20.981432071166704], [55.57654987489883, -20.98292071847589], [55.574024909000045, -20.986069478596832], [55.573977265886725, -20.98612328109573], [55.57397146073417, -20.986126845915972], [55.57317025225311, -20.987641387833936], [55.57245591037336, -20.989730284276163], [55.572236132356096, -20.990487260690436], [55.57244156169091, -20.990531440768883], [55.572508761441526, -20.99054555446779], [55.57477115451055, -20.990953852145267], [55.57529099582278, -20.99101240382832], [55.576288444566856, -20.991120115798775], [55.576447973286, -20.99113590327901], [55.57659597706776, -20.991149787556505], [55.57676519277514, -20.991158428861546], [55.57723655192094, -20.991181790175624], [55.577675732340346, -20.991200364617317], [55.57814672745306, -20.991236819066906], [55.578308154636154, -20.991255330743726], [55.57828279609765, -20.991292156677456], [55.57823328027771, -20.991340524549088], [55.57819252364831, -20.991378125253412], [55.5772514705671, -20.992196159200983], [55.5760770723239, -20.99251403478185], [55.57600590395548, -20.992512536241147], [55.57593857442586, -20.99251197313426], [55.575865422396674, -20.992516781441708], [55.575795104513944, -20.992527033564233], [55.57572380763805, -20.992539084181487], [55.57566309110853, -20.992551223276127], [55.57558790397024, -20.992567758075605], [55.575450059417435, -20.99259822233334], [55.57537679593955, -20.99261477313152], [55.57527552735885, -20.992642833200467], [55.57516737151061, -20.992687095991162], [55.574814787, -20.99284313585172], [55.57449293821117, -20.99300394905603], [55.57440493793631, -20.99305289686531], [55.574289508280174, -20.99315400961044], [55.57406950454102, -20.993428594247444], [55.57404902250407, -20.9934582334638], [55.5739029244191, -20.99354734543244], [55.57237457548893, -20.99462913446831], [55.57118193588325, -20.99543437491592], [55.569588439822354, -20.99649854685288], [55.568280289049895, -20.997799220552427], [55.568130934441875, -20.99797682844679], [55.56784392677378, -20.998164118410326], [55.566562894022496, -20.998838078117824], [55.56536597497002, -20.999466665494396], [55.56473498117953, -20.999612832745427], [55.56162140395848, -21.001435989167543], [55.55857672876511, -21.00303987703754], [55.55590949655441, -21.004651878463175], [55.55549135695979, -21.00516730420975], [55.555325466461134, -21.005361471215412], [55.55496990999383, -21.005721147281893], [55.55452190033547, -21.006141013305616], [55.55344153579496, -21.006643128711424], [55.5517408473904, -21.006229383624593], [55.550039207486726, -21.005815613864872], [55.548213627620896, -21.006380902039453], [55.54792319588052, -21.006470565489668], [55.54595383005618, -21.005789790050446], [55.545059182231114, -21.00568909896647], [55.5438932545497, -21.0056872570609], [55.54271386930775, -21.00568438857624], [55.54071920092381, -21.004146966268866], [55.54068783558365, -21.00410785348293], [55.54076195955085, -21.004003701006408], [55.540772821603404, -21.003974887091744], [55.541721638252454, -21.001444618436135], [55.54288050599762, -20.998132035683277], [55.54487009677137, -20.99542705405737], [55.54531891053991, -20.994672293046687], [55.546293722522115, -20.993143121224858], [55.54683951348563, -20.99250730649554], [55.54824332337565, -20.99167284401329], [55.54844724667573, -20.991474039137213], [55.54850573363101, -20.991394139676732], [55.548791650354005, -20.99082295016969], [55.549314846733346, -20.98898909277919], [55.55023058075863, -20.987299694690705], [55.55092393472466, -20.98561613402379], [55.55117893586881, -20.984707726465153], [55.55126510444461, -20.984250460839586], [55.551312957824926, -20.98377660893039], [55.55201364183484, -20.981235118105165], [55.553720026198036, -20.978629895393034], [55.55476080135604, -20.977122000006155], [55.55616580905042, -20.974441018756497], [55.557251369078465, -20.972369791839647], [55.55797760051709, -20.970982967972652], [55.55859457960797, -20.969804794224174], [55.55885223370553, -20.969313741990977], [55.5589570484092, -20.96911498706061], [55.55897272120641, -20.969085308899274]]]}";9742003;97420;974;4;974200302;Forêt des Hauts de Ste-Suzanne;Sainte-Suzanne;LA REUNION;Foret des Hauts de Ste-Suzanne;LA REUNION;;4;;;;;;Iris divers;3970;0;0;;0;;0;0;0;0;102.556459531;;102.556459531;92.515263674;;92.515263674;102.556459531;102;102.556459531;2.493912411;0;2.493912411;0;0;0;0;0;0;0;107.759749243;119.815257689;107.759749243;0;0;0;235.357155774;228.655319802;235.357155774;102.556459531;92.515263674;102.556459531;0;;0;0;;0;0;0;0;343.116905017;;171.558452509;348.470577491;;174.235288745;343.116905017;171;171.558452509;;;;102.556459531;;34.185486510;92.515263674;;30.838421225;102.556459531;34;34.185486510;343.116905017;;114.372301672;348.470577491;;116.156859164;343.116905017;114;114.372301672;Polygon;14622.5;1;9.975649645;4.987824823;0;0;2.493912411;0;0;0.5;0;0.25;14622.5;14622.5;445.673364549;;440.985841165;;445.673364549;74;0.313710150;0.332772656;0.313710150;0.269945611;0.328662661;0.269945611;0.463995141;0.417309122;0.463995141;0.202770319;0.216447592;0.202770319;0.106221542;0.109334871;0.106221542;14258;15805.5;14258
Salazie;LA REUNION;CA Intercommunale de la Réunion Est (Cirest);LA REUNION;0;12.880829086;14.318778904;12.880829086;Non;974210202;97421;2A;249740093;-21.0598285941, 55.4616744317;"{""type"": ""Polygon"", ""coordinates"": [[[55.45398473998072, -21.04312528491133], [55.454480613698, -21.043465828704097], [55.455193287903924, -21.044243739996197], [55.455628786097144, -21.04470116276067], [55.45630348630081, -21.045056876627193], [55.457645704671386, -21.045672480149705], [55.45966755915729, -21.047148773211486], [55.46013457401272, -21.047771777996097], [55.46083852733785, -21.048560428591603], [55.46093965277801, -21.048645353118115], [55.461017039982536, -21.04869934980617], [55.46112710358456, -21.04875725570978], [55.46145637916914, -21.04892644814707], [55.4617222114087, -21.048995700740182], [55.46220650410877, -21.048968468998275], [55.46255603826592, -21.048945436311836], [55.464554680502225, -21.04880046263725], [55.46691598508693, -21.048195787676516], [55.469568554378775, -21.046629861297358], [55.471951365905674, -21.045939943281212], [55.473804885940496, -21.045159873529137], [55.474709647138745, -21.04409485244893], [55.47524617507797, -21.04299942243499], [55.47613671951256, -21.041910778364304], [55.47949668651582, -21.04087585701268], [55.48222491854705, -21.04093366764524], [55.48235413669705, -21.041000764269118], [55.482497722728645, -21.041074312363573], [55.48272009310462, -21.041159403644492], [55.482616331653546, -21.04123887302757], [55.482561345532886, -21.04134768422771], [55.4825335379738, -21.041528100663907], [55.48217352875689, -21.0427764403338], [55.48188423143338, -21.043598138623523], [55.481714385291724, -21.044074027454325], [55.48154557338992, -21.044542698692226], [55.48084235696425, -21.04604315552136], [55.47995001384271, -21.04835219655701], [55.47991447714437, -21.048440404182042], [55.479824371949, -21.048501023876852], [55.47927312902309, -21.048772507129613], [55.479056566249135, -21.048872643894917], [55.478537461084606, -21.048916775249367], [55.47794461036612, -21.048831972678524], [55.477468363864645, -21.048696425055265], [55.47695041946308, -21.048660465085053], [55.47568098977306, -21.04868159983028], [55.47552561182406, -21.048726275038543], [55.47539590879148, -21.048800990089394], [55.475332760808904, -21.048860042559646], [55.47528418328107, -21.04890567595802], [55.475141609241824, -21.049110353454743], [55.47508283948556, -21.049211901182378], [55.474701351937576, -21.05029336437534], [55.47462478367037, -21.0514805430494], [55.473007854349966, -21.05396369499472], [55.47250312849015, -21.05429428833693], [55.47179342450696, -21.054861797334635], [55.471484391104774, -21.05558138653871], [55.4710748344483, -21.056674329156607], [55.47104741507179, -21.056815000020233], [55.47104227510574, -21.057318102175298], [55.471057622776904, -21.057605495626778], [55.47133002805674, -21.0587289660246], [55.47170193195594, -21.059721447028497], [55.47184609793785, -21.059927797685596], [55.471937857701064, -21.060083090845442], [55.47197451797563, -21.060168332659245], [55.47197653765358, -21.060253262773447], [55.471921253057445, -21.06048401484628], [55.471849402581, -21.06073494247686], [55.47169529007508, -21.061233869582036], [55.47133327836194, -21.061896029279257], [55.47022076975269, -21.06364160840396], [55.469328664088344, -21.06469177597736], [55.46813084735842, -21.066384657555616], [55.46735932871161, -21.067764285207307], [55.46597325795532, -21.069082749457415], [55.46510172068526, -21.069909136175422], [55.464348932112436, -21.070397344580265], [55.46293953344557, -21.071940096359192], [55.46166980294307, -21.07395123754125], [55.460107649847316, -21.075820356386032], [55.45917564115485, -21.078378660742164], [55.458599216706986, -21.081264477205135], [55.45855328264444, -21.081798820740506], [55.45847562858515, -21.08176920927594], [55.45752241498225, -21.07994037304539], [55.457417653015085, -21.079739788769984], [55.45728918170194, -21.07969164861705], [55.4564903829276, -21.079455395057696], [55.45522802985333, -21.07909297157031], [55.45491591775981, -21.078933857184698], [55.45381784501152, -21.077903114176745], [55.45361223952011, -21.077682639482912], [55.45347948297589, -21.077490831096675], [55.45181357774727, -21.074766580621173], [55.45058861475023, -21.072727502709387], [55.450309001636384, -21.07231304048805], [55.44967686033324, -21.07146267276991], [55.4493317625826, -21.071119745755833], [55.44900786070859, -21.070919091699164], [55.44828236277788, -21.070627015255102], [55.447471604765155, -21.070089491087128], [55.44674201039903, -21.06956644337696], [55.4458996123059, -21.06894854789033], [55.44439042356604, -21.067485817364027], [55.444152335467344, -21.067245161997427], [55.44410107743112, -21.06717694406497], [55.44377417767204, -21.066685257688135], [55.44373475104869, -21.066404870507586], [55.44373087944595, -21.066314504121625], [55.444945214429985, -21.065404255469822], [55.44605567806654, -21.064671901986273], [55.44841581037515, -21.063189925531308], [55.45133467943959, -21.061554027318188], [55.45178818319331, -21.061338240191372], [55.4524671134647, -21.06092480635905], [55.45250493023579, -21.060897148304996], [55.45253794515947, -21.060868543171374], [55.45257583663338, -21.060833659282], [55.452610860067814, -21.060796942624005], [55.452641025609125, -21.06076469825393], [55.4526809349063, -21.060720799600883], [55.45271899443428, -21.06066965758348], [55.45274345190505, -21.06063103799556], [55.45276811484136, -21.060572547402177], [55.453601360812726, -21.058466385388563], [55.45412616065185, -21.056640147471754], [55.45377868386902, -21.054366506588504], [55.45410745447849, -21.05225551956794], [55.454350405902694, -21.050020899450256], [55.4542745923426, -21.047804172287062], [55.45398511003761, -21.045372960363736], [55.45397191537624, -21.043155880926108], [55.45398473998072, -21.04312528491133]]]}";9742102;97421;974;4;974210202;Camp Pierrot-Morne de Fourche;Salazie;LA REUNION;Camp Pierrot-Morne de Fourche;LA REUNION;;4;;;;;;Iris divers;1560;0;0;;0;;0;0;0;0;77.284974517;;77.284974517;85.912673424;;85.912673424;77.284974517;77;77.284974517;0;0;0;0;0;0;0;0;0;0;0;0;0;0;0;0;0;0;0;77.284974517;85.912673424;77.284974517;0;;0;0;;0;0;0;0;0;;0;0;;0;0;0;0;;;;77.284974517;;25.761658172;85.912673424;;28.637557808;77.284974517;25;25.761658172;0;;0;0;;0;0;0;0;Polygon;11019.291666667;1;0;0;0;0;0;0;0;0;0;0;11019.291666667;11019.291666667;77.284974517;;85.912673424;;77.284974517;12;0.313710150;0.329194524;0.313710150;0.269945611;0.231059381;0.269945611;0.463995141;0.496468053;0.463995141;0.202770319;0.207443681;0.202770319;0.106221542;0.093349289;0.106221542;14258;12826.153846154;14258
Salazie;LA REUNION;CA Intercommunale de la Réunion Est (Cirest);LA REUNION;0;12.880829086;14.318778904;12.880829086;Non;974210302;97421;2A;249740093;-21.0597409644, 55.5438135823;"{""type"": ""Polygon"", ""coordinates"": [[[55.53514739685498, -21.040577844857783], [55.53515630346474, -21.040552628109115], [55.538467806534804, -21.040304716211956], [55.538966511182416, -21.040671243943198], [55.5390373221588, -21.04071159968728], [55.53925190864589, -21.040809198394175], [55.53960927382656, -21.040967644342143], [55.53968846038711, -21.040938514527333], [55.54213417073496, -21.039977579424527], [55.54622766887992, -21.037675694732414], [55.546686601980575, -21.03728305155655], [55.548286159426624, -21.036859975578167], [55.54998191497788, -21.036612006725722], [55.552085030280345, -21.03723607944464], [55.554391673367974, -21.0376107279222], [55.55441438970936, -21.03764976500066], [55.555477583852245, -21.040149329402297], [55.55699542425952, -21.041261639632395], [55.55868836912418, -21.040766474689125], [55.55972342695954, -21.04219892476341], [55.560484098487315, -21.04364846708827], [55.56139826205645, -21.045388645239658], [55.56118745240339, -21.048110409499284], [55.56082081737913, -21.051364546459254], [55.5611656610033, -21.05428256651441], [55.56145655432012, -21.056306719309692], [55.56168808427976, -21.05764924585856], [55.5617147639631, -21.05917883666838], [55.56140540738607, -21.062227718343], [55.56120380508314, -21.06392746142231], [55.55959110395406, -21.06630042531237], [55.559246596653225, -21.066746916118873], [55.55826702372498, -21.067829840366322], [55.55712694852837, -21.068988178275998], [55.55532576791824, -21.070336004726304], [55.55368645215425, -21.07131391576597], [55.55233240268564, -21.07274681722934], [55.552219843195864, -21.073040346630087], [55.552059445647295, -21.073503296087395], [55.551799932414134, -21.074063863899195], [55.55156851853604, -21.074406062351862], [55.55137145154146, -21.074679899635413], [55.551288530079354, -21.074794819570307], [55.55071062332871, -21.07543577474509], [55.54953975860882, -21.075390542215818], [55.54784263645323, -21.075324539651064], [55.545968577625395, -21.07623261126382], [55.544133928224795, -21.077143709042485], [55.5435537370715, -21.077422379262284], [55.543076753655484, -21.077579079391956], [55.54261459251127, -21.07769615852469], [55.54249927385504, -21.07767800474162], [55.54102907627575, -21.0774350206824], [55.53994977679465, -21.077079760292687], [55.53811107068348, -21.077023281523456], [55.53648822123507, -21.078217959016026], [55.535325935539944, -21.07935878184564], [55.534476918095095, -21.08053373559701], [55.53347283940594, -21.08155143251956], [55.531845918507514, -21.082269968087054], [55.53114553122161, -21.082630660267856], [55.52995812775098, -21.083398454096585], [55.52915257372725, -21.083571832997684], [55.528441706683886, -21.083627095723628], [55.52708732009255, -21.081786996940554], [55.52647757426682, -21.08095831468673], [55.52565327454561, -21.07982966657187], [55.52495160279988, -21.07947319452446], [55.52439530100559, -21.079344482508915], [55.52431653695072, -21.079328440933775], [55.524257884924175, -21.07932251088641], [55.52419618523109, -21.079332814303605], [55.5241440023742, -21.07935404045944], [55.52208576778298, -21.076092261206686], [55.52484388875681, -21.074557103484175], [55.525748702960314, -21.073666148057313], [55.52592604590883, -21.0728592045002], [55.52616450668287, -21.07136806402492], [55.525217640604254, -21.07015705113574], [55.52449173954231, -21.069279477760023], [55.52402993424516, -21.06877682307076], [55.52390921835867, -21.06842889335035], [55.523893474930965, -21.068171306345878], [55.52410214306513, -21.06745722846371], [55.524411111470116, -21.066623878505247], [55.52474874463518, -21.065860375335788], [55.525283780897695, -21.065474289483532], [55.525824671052696, -21.06537329648645], [55.52626528223823, -21.0649986242458], [55.52632364276584, -21.064935897354577], [55.526697117563366, -21.064244473894227], [55.526827430814066, -21.063911370598202], [55.52699291751567, -21.063426811987085], [55.52700352750753, -21.063326633823223], [55.52707442228351, -21.06228389659009], [55.52802391551964, -21.060657092355353], [55.52984687410923, -21.058866662771194], [55.531613121640646, -21.057555392811324], [55.53275337869281, -21.056388198563653], [55.53531553445518, -21.053982138975467], [55.53651451979543, -21.049361053204446], [55.53409066759112, -21.04787142845764], [55.535192126278815, -21.04466222921941], [55.53546988721348, -21.04125180579008], [55.53546561629378, -21.040999737141217], [55.53544091020423, -21.04086944327952], [55.535344626408744, -21.040678912121713], [55.53523752015001, -21.04061114187216], [55.53522315869178, -21.04060379137374], [55.53517809704292, -21.040587142868652], [55.53514739685498, -21.040577844857783]]]}";9742103;97421;974;4;974210302;Forêt de Bélouve;Salazie;LA REUNION;Foret de Belouve;LA REUNION;;4;;;;;;Iris divers;1560;0;0;;0;;0;0;0;0;77.284974517;;77.284974517;85.912673424;;85.912673424;77.284974517;77;77.284974517;0;0;0;0;0;0;0;0;0;0;0;0;0;0;0;0;0;0;0;77.284974517;85.912673424;77.284974517;0;;0;0;;0;0;0;0;0;;0;0;;0;0;0;0;;;;77.284974517;;25.761658172;85.912673424;;28.637557808;77.284974517;25;25.761658172;0;;0;0;;0;0;0;0;Polygon;11019.291666667;1;0;0;0;0;0;0;0;0;0;0;11019.291666667;11019.291666667;77.284974517;;85.912673424;;77.284974517;12;0.313710150;0.329194524;0.313710150;0.269945611;0.231059381;0.269945611;0.463995141;0.496468053;0.463995141;0.202770319;0.207443681;0.202770319;0.106221542;0.093349289;0.106221542;14258;12826.153846154;14258
Salazie;LA REUNION;CA Intercommunale de la Réunion Est (Cirest);LA REUNION;13.625882134;65.401110836;66.885079359;65.401110836;Non;974210303;97421;2A;249740093;-21.0739395064, 55.490872192;"{""type"": ""Polygon"", ""coordinates"": [[[55.464785965377374, -21.085662796130254], [55.46466817481989, -21.08560482141225], [55.464519451194796, -21.085466171734517], [55.46433179861594, -21.085275680688977], [55.464134828896086, -21.085055295761293], [55.46405620332209, -21.084932636623524], [55.46396485635984, -21.084736693878607], [55.4638436693808, -21.08444743961492], [55.46357557560896, -21.083749460575184], [55.46347178729796, -21.08345313714148], [55.46086179956087, -21.082401510540777], [55.458785291960275, -21.08188674296246], [55.45855328264444, -21.081798820740506], [55.458599216706986, -21.081264477205135], [55.45917564115485, -21.078378660742164], [55.460107649847316, -21.075820356386032], [55.46166980294307, -21.07395123754125], [55.46293953344557, -21.071940096359192], [55.464348932112436, -21.070397344580265], [55.46510172068526, -21.069909136175422], [55.46597325795532, -21.069082749457415], [55.46735932871161, -21.067764285207307], [55.46813084735842, -21.066384657555616], [55.469328664088344, -21.06469177597736], [55.47022076975269, -21.06364160840396], [55.47133327836194, -21.061896029279257], [55.47169529007508, -21.061233869582036], [55.471849402581, -21.06073494247686], [55.471921253057445, -21.06048401484628], [55.47197653765358, -21.060253262773447], [55.47197451797563, -21.060168332659245], [55.471937857701064, -21.060083090845442], [55.47184609793785, -21.059927797685596], [55.47170193195594, -21.059721447028497], [55.47133002805674, -21.0587289660246], [55.471057622776904, -21.057605495626778], [55.47104227510574, -21.057318102175298], [55.47104741507179, -21.056815000020233], [55.4710748344483, -21.056674329156607], [55.471484391104774, -21.05558138653871], [55.47179342450696, -21.054861797334635], [55.47250312849015, -21.05429428833693], [55.473007854349966, -21.05396369499472], [55.47462478367037, -21.0514805430494], [55.474701351937576, -21.05029336437534], [55.47508283948556, -21.049211901182378], [55.475141609241824, -21.049110353454743], [55.47528418328107, -21.04890567595802], [55.475332760808904, -21.048860042559646], [55.47539590879148, -21.048800990089394], [55.47552561182406, -21.048726275038543], [55.47568098977306, -21.04868159983028], [55.47695041946308, -21.048660465085053], [55.477468363864645, -21.048696425055265], [55.47794461036612, -21.048831972678524], [55.478537461084606, -21.048916775249367], [55.479056566249135, -21.048872643894917], [55.47927312902309, -21.048772507129613], [55.479824371949, -21.048501023876852], [55.47991447714437, -21.048440404182042], [55.47995001384271, -21.04835219655701], [55.48084235696425, -21.04604315552136], [55.48154557338992, -21.044542698692226], [55.481714385291724, -21.044074027454325], [55.48188423143338, -21.043598138623523], [55.48217352875689, -21.0427764403338], [55.4825335379738, -21.041528100663907], [55.482561345532886, -21.04134768422771], [55.482616331653546, -21.04123887302757], [55.48272009310462, -21.041159403644492], [55.482878861538765, -21.041159014430267], [55.483082822279954, -21.04116173843212], [55.48341674272387, -21.041158395413458], [55.4839816183068, -21.041152595558867], [55.48417536144701, -21.04111909413122], [55.484341330931365, -21.04107269823879], [55.48521583645861, -21.04080136803714], [55.4867686608545, -21.04015238698959], [55.48866715448721, -21.03890620523609], [55.49018730596847, -21.038058846157757], [55.49021530716164, -21.038049158302996], [55.491763160684485, -21.03817581662658], [55.49388924209278, -21.0370637037939], [55.49405194318922, -21.037820327329708], [55.49677449557488, -21.036618611332827], [55.499352837991225, -21.03597744715289], [55.50195957837836, -21.0370650153006], [55.50355625626117, -21.036879895698334], [55.50365247566212, -21.036879839458674], [55.50365193435881, -21.03693403453373], [55.50403941176063, -21.040045805959977], [55.5049442111751, -21.042664393351455], [55.50568928720632, -21.044031362740878], [55.506357798236166, -21.044730998271607], [55.50670659169455, -21.04536007212677], [55.506766054863355, -21.04547622104094], [55.50679624954736, -21.045536106222663], [55.50682356677738, -21.045595062782734], [55.50684989484644, -21.045656720639126], [55.50687112391926, -21.045747240269975], [55.506881688165834, -21.045845796158886], [55.50692134535711, -21.046597264165413], [55.50694033490811, -21.047008898171242], [55.50693984854909, -21.04705767375415], [55.50688664458571, -21.047954213516967], [55.50686444083675, -21.048057901399662], [55.50678656248353, -21.04834086274309], [55.5066072205621, -21.04876294840182], [55.505175319433555, -21.050165422105092], [55.50428402094476, -21.050814749455526], [55.50376513837011, -21.051028785870418], [55.503707226125925, -21.051046342378317], [55.501959989397896, -21.053808679317807], [55.500833954122626, -21.05567292473255], [55.50056319379819, -21.05606822474958], [55.500146739973104, -21.056597736870035], [55.49933360890266, -21.057387063215216], [55.49922422432193, -21.057451136236562], [55.499177874039084, -21.057466986545148], [55.4991044906021, -21.057491631216344], [55.49895310274394, -21.0575219097478], [55.49879727514987, -21.05751511248522], [55.498607106192075, -21.057478201705933], [55.49837900991545, -21.057384949112492], [55.49827561442986, -21.057331641945375], [55.498185626825176, -21.05728477656847], [55.49805648690761, -21.057207755124843], [55.497959936076235, -21.05714366838273], [55.49616860644564, -21.056854108747523], [55.494373805676496, -21.05681472103665], [55.49428177608152, -21.056875331334712], [55.494229188693474, -21.056937194594973], [55.494153597502134, -21.05708557315242], [55.49413036649564, -21.057194669592004], [55.49412332977524, -21.057320169476096], [55.494112642869084, -21.057521516351], [55.49413919336658, -21.057656347291395], [55.49430578890521, -21.05826666586452], [55.495463770284644, -21.06010255006085], [55.496451310849274, -21.060818349401575], [55.49800943981787, -21.06170319606679], [55.499147432362115, -21.062229057560234], [55.500016881539956, -21.0632403363524], [55.50044892994527, -21.063821378432564], [55.50041872284712, -21.0643387180207], [55.50051419670008, -21.06499085994169], [55.50059112643276, -21.06538087323679], [55.50122445491114, -21.066524657176338], [55.501656682313346, -21.066897029718827], [55.50215612452173, -21.06718869482784], [55.50263616408453, -21.066919221136978], [55.502818148786126, -21.066525168650962], [55.504062206080064, -21.06674751346096], [55.50497052668522, -21.067149365468765], [55.50534446597615, -21.06738481330023], [55.505575176859594, -21.067603643063826], [55.50659148680559, -21.070106675902863], [55.50736372266513, -21.07209266041601], [55.50765654027294, -21.072936233787043], [55.50828033824765, -21.074079007680343], [55.50922034245901, -21.075459422791234], [55.51141122656913, -21.07406855576055], [55.51491880894931, -21.074019789178106], [55.516503753113014, -21.0738439500069], [55.5178972059715, -21.073081968408804], [55.51949246839717, -21.072834827478417], [55.5203753832506, -21.073380912227208], [55.52208576778298, -21.076092261206686], [55.5241440023742, -21.07935404045944], [55.524128541775184, -21.07936022932586], [55.524017207423526, -21.079426107614797], [55.52397167202641, -21.07945642485957], [55.5229877558493, -21.080652909081124], [55.52195849052003, -21.083075716144933], [55.52147187058403, -21.083959451268377], [55.52054014526542, -21.086587249300635], [55.519957558934024, -21.08860608000591], [55.51875452771833, -21.091068897139216], [55.51840041632216, -21.091543665854807], [55.51801554937306, -21.091916540388574], [55.51722721639519, -21.09264450897826], [55.517095712482636, -21.092753113783544], [55.51655848719516, -21.09307697421854], [55.51574532769328, -21.093520422915127], [55.51359883471088, -21.094293391674963], [55.512001617398774, -21.094326358736716], [55.510986248517774, -21.094409586525845], [55.510065596518245, -21.094550549900678], [55.50963432770939, -21.095133471305108], [55.509231215567226, -21.09588465765671], [55.509042518641046, -21.096080827295147], [55.50847904263456, -21.096503597405693], [55.508014861086664, -21.096814774997107], [55.50693940295237, -21.097514871983734], [55.50686191566975, -21.097562969303052], [55.50676328052501, -21.097608170386483], [55.506340352314275, -21.097739944494304], [55.50571864867945, -21.097931012665086], [55.50441094059834, -21.0987409858478], [55.50366761228474, -21.099434504579943], [55.50246901551495, -21.10055533659213], [55.501768944330514, -21.101396921418882], [55.50008489571965, -21.10450843303522], [55.49924427413278, -21.10529953074442], [55.49845036268314, -21.10623105245045], [55.49703332066989, -21.107956485720408], [55.49674395503902, -21.10839564397776], [55.49649331766539, -21.108812562128282], [55.495760001865904, -21.1101276146429], [55.49525656803012, -21.11136521203277], [55.495227326341116, -21.111401085241937], [55.495180414964715, -21.11137537575449], [55.495036904103266, -21.111382683042994], [55.494851920333296, -21.111397751791305], [55.49474020646071, -21.11140217958093], [55.494668975587004, -21.111401546939202], [55.494633542377, -21.11138316581531], [55.494581836447544, -21.11135560694133], [55.49436784084584, -21.111192914998927], [55.4942429187943, -21.111075276875553], [55.49371399822593, -21.1104490926614], [55.49362754371767, -21.11033540927232], [55.493497298186, -21.110077708696796], [55.493424630029246, -21.109933434864487], [55.49284427949358, -21.108776542143428], [55.49257814400005, -21.108201018902957], [55.49214785907753, -21.106817596148183], [55.49143728403174, -21.10540367555654], [55.491351659613414, -21.10530354836899], [55.49039039363778, -21.104618129241896], [55.4893308991908, -21.104087751313095], [55.48870548283601, -21.103679296745188], [55.487169751552635, -21.102327622121187], [55.48531355160882, -21.101560553632478], [55.483493453296475, -21.100785044945347], [55.48190480147898, -21.100253679092795], [55.480528085451944, -21.099896280173017], [55.48040604377486, -21.09978136850536], [55.480400323937594, -21.099775897340756], [55.47957703099942, -21.09753461379118], [55.47977831166579, -21.096862543658492], [55.47994785624027, -21.096187478729842], [55.47999267793162, -21.0959448880757], [55.47999845823596, -21.095755243207368], [55.47993073773935, -21.09541047224154], [55.4798836530513, -21.095307975321912], [55.4789523838201, -21.094078791990196], [55.478273991300796, -21.093255656015774], [55.47692934795329, -21.09213905450429], [55.475656382569625, -21.091413773721886], [55.47282219246786, -21.08981515443673], [55.47050270285204, -21.088528259334225], [55.46918408923824, -21.087633374615137], [55.46720667186437, -21.08640914258326], [55.46492439326105, -21.085679405073154], [55.464785965377374, -21.085662796130254]]]}";9742103;97421;974;4;974210303;Gros Morne-Enchaing;Salazie;LA REUNION;Gros Morne-Enchaing;LA REUNION;;4;;;;;;Iris divers;1560;0;0;;0;;0;0;0;0;77.284974517;;77.284974517;85.912673424;;85.912673424;77.284974517;77;77.284974517;4.956307437;0;4.956307437;0;0;0;0;0;0;0;123.286680130;115.222762245;123.286680130;112.907100048;110.363490425;112.907100048;78.927910321;89.811550059;78.927910321;77.284974517;85.912673424;77.284974517;112.907100048;;112.907100048;110.363490425;;110.363490425;112.907100048;112;112.907100048;202.214590451;;101.107295225;205.034312304;;102.517156152;202.214590451;101;101.107295225;;;;77.284974517;;25.761658172;85.912673424;;28.637557808;77.284974517;25;25.761658172;315.121690499;;105.040563500;315.397802729;;105.132600910;315.121690499;105;105.040563500;Polygon;11019.291666667;1;7.459683071;4.267268471;0;3.119537888;1.142372748;0;0;0.572044205;0.228942087;0.083838443;11019.291666667;11019.291666667;392.406665016;;401.310476153;;392.406665016;65;0.313710150;0.329194524;0.313710150;0.269945611;0.231059381;0.269945611;0.463995141;0.496468053;0.463995141;0.202770319;0.207443681;0.202770319;0.106221542;0.093349289;0.106221542;14258;12826.153846154;14258
